Frame,root_translateX,root_translateY,root_translateZ,root_rotateX,root_rotateY,root_rotateZ,left_hip_pitch_joint_dof,left_hip_roll_joint_dof,left_hip_yaw_joint_dof,left_knee_joint_dof,left_ankle_pitch_joint_dof,left_ankle_roll_joint_dof,right_hip_pitch_joint_dof,right_hip_roll_joint_dof,right_hip_yaw_joint_dof,right_knee_joint_dof,right_ankle_pitch_joint_dof,right_ankle_roll_joint_dof,waist_yaw_joint_dof,waist_roll_joint_dof,waist_pitch_joint_dof,left_shoulder_pitch_joint_dof,left_shoulder_roll_joint_dof,left_shoulder_yaw_joint_dof,left_elbow_joint_dof,left_wrist_roll_joint_dof,left_wrist_pitch_joint_dof,left_wrist_yaw_joint_dof,right_shoulder_pitch_joint_dof,right_shoulder_roll_joint_dof,right_shoulder_yaw_joint_dof,right_elbow_joint_dof,right_wrist_roll_joint_dof,right_wrist_pitch_joint_dof,right_wrist_yaw_joint_dof
0,0.2069174349308014,2.533057928085327,77.8653793334961,-0.06270081277913796,-0.5115499700970513,-88.4892388263382,3.3469086,9.323161,12.153561,7.3725715,-9.7136135,-8.835716,7.986543,-9.573706,-26.68878,6.924871,-11.233931,8.487772,0.24607751,0.37169248,3.9421878,1.5759685,16.757122,-37.264282,59.050007,16.053318,-3.2810652,13.686381,5.7516317,-14.128519,23.456348,70.80413,-11.027227,-13.072733,-19.872252
1,0.21361058950424194,2.5388448238372803,77.8733901977539,-0.04074396296660772,-0.5000870632036594,-88.44943024326942,3.2940698,9.288373,12.109408,7.412932,-9.714295,-8.757499,7.9741344,-9.608105,-26.717007,6.927619,-11.233205,8.483464,0.19664085,0.32757583,3.9048266,1.5693275,16.779129,-37.27744,59.08338,16.071524,-3.2453165,13.629663,5.766948,-14.1673155,23.481947,70.85647,-11.105047,-13.55087,-20.124653
2,0.2193416953086853,2.5422699451446533,77.88155364990234,-0.016385818887215426,-0.4867503762601216,-88.41014435317622,3.2367995,9.252669,12.065059,7.4591355,-9.7176285,-8.671952,7.95909,-9.643494,-26.743706,6.930805,-11.23319,8.477681,0.14221156,0.3030242,3.8826485,1.5839789,16.818266,-37.280037,59.066162,16.087658,-3.2094164,13.560433,5.82259,-14.275928,23.514387,70.833275,-11.196409,-14.021874,-20.373432
3,0.22458170354366302,2.547610282897949,77.88933563232422,0.004754862221441462,-0.4763413134417995,-88.37005202133251,3.1873796,9.218913,12.021524,7.495029,-9.716844,-8.600726,7.948968,-9.676161,-26.77353,6.9330072,-11.232137,8.474934,0.0884073,0.2864992,3.8654518,1.5958416,16.852339,-37.284412,59.04941,16.102535,-3.1812737,13.50266,5.896261,-14.404518,23.538012,70.78024,-11.233793,-14.507339,-20.58759
4,0.22928515076637268,2.553004503250122,77.89313507080078,0.020274962111475326,-0.4729531328113312,-88.328112611208,3.1563199,9.190264,11.979714,7.5085444,-9.708249,-8.565382,7.9506674,-9.7021675,-26.811333,6.9334354,-11.228767,8.4797535,0.037870534,0.27298412,3.8518538,1.6031746,16.880957,-37.29221,59.04294,16.119793,-3.1709025,13.474907,5.988857,-14.543683,23.544003,70.699684,-11.134959,-15.030568,-20.723145
5,0.23246563971042633,2.560612678527832,77.89237213134766,0.02511226697655748,-0.48168816649036206,-88.28449271906733,3.1586306,9.169915,11.9422,7.4814396,-9.685322,-8.589158,7.972269,-9.7170925,-26.861063,6.9326878,-11.2237625,8.496259,-0.008600017,0.26444513,3.8448687,1.6067176,16.905235,-37.30888,59.05192,16.136808,-3.1918013,13.495017,6.107646,-14.690973,23.524189,70.57729,-10.829822,-15.617935,-20.736486
6,0.23465712368488312,2.569790840148926,77.8888931274414,0.024504839788680188,-0.49906250858433215,-88.23941657072332,3.1824663,9.156164,11.907136,7.4292784,-9.654041,-8.654734,8.009232,-9.723194,-26.91963,6.9280815,-11.216107,8.5210285,-0.05158533,0.25946122,3.842243,1.6054772,16.926346,-37.33415,59.073627,16.151823,-3.2345684,13.549258,6.2455206,-14.845413,23.484827,70.42559,-10.375883,-16.24992,-20.659294
7,0.23523785173892975,2.579289436340332,77.88274383544922,0.023839591205480452,-0.5163219988517225,-88.19251863412777,3.2076538,9.142109,11.8708105,7.3730574,-9.620905,-8.722708,8.046425,-9.729131,-26.980124,6.924026,-11.207768,8.547247,-0.09214669,0.2528571,3.8388538,1.6009676,16.94507,-37.35669,59.095024,16.171003,-3.2758517,13.607311,6.391589,-15.004045,23.437042,70.26859,-9.88485,-16.881687,-20.55691
8,0.2393915057182312,2.588315963745117,77.87893676757812,0.027270677166450628,-0.5246603307261716,-88.14316933707376,3.209995,9.122246,11.828658,7.3399324,-9.594252,-8.753968,8.070326,-9.742112,-27.036226,6.9213176,-11.199368,8.567959,-0.13238046,0.23939164,3.828889,1.5910276,16.96275,-37.36921,59.106636,16.194855,-3.292164,13.639334,6.532169,-15.164184,23.392944,70.134415,-9.471009,-17.469215,-20.499012
9,0.24605688452720642,2.596205949783325,77.88220977783203,0.03946326576708439,-0.517700774464793,-88.08953850125226,3.1727116,9.094469,11.776657,7.348336,-9.580166,-8.729341,8.072388,-9.765494,-27.085726,6.920805,-11.1912985,8.579703,-0.1751756,0.21554644,3.805759,1.5750864,16.981106,-37.36822,59.103966,16.226349,-3.2697098,13.629888,6.663324,-15.325461,23.3535,70.03641,-9.173034,-18.015072,-20.51188
10,0.2530127763748169,2.603827714920044,77.88876342773438,0.05643627292010894,-0.5014790786175259,-88.03248863477123,3.116278,9.060995,11.718852,7.371652,-9.56851,-8.672599,8.061624,-9.794714,-27.132215,6.9208827,-11.182294,8.586709,-0.21949776,0.18408774,3.774445,1.5563112,17.00084,-37.356182,59.09015,16.26519,-3.2234554,13.59707,6.7905483,-15.487331,23.314457,69.95976,-8.928288,-18.53831,-20.55791
11,0.26004934310913086,2.606287956237793,77.8989028930664,0.0738834657254475,-0.4859653334494106,-87.97540684819282,3.0566318,9.026286,11.660285,7.403292,-9.561211,-8.60892,8.050339,-9.826075,-27.177687,6.9225883,-11.173751,8.593462,-0.26146817,0.14824392,3.7452743,1.5362304,17.021852,-37.337093,59.070587,16.305151,-3.1731088,13.561529,6.914848,-15.646913,23.27669,69.889725,-8.703608,-19.021332,-20.61454
12,0.26737427711486816,2.616149425506592,77.90959167480469,0.08944248259450091,-0.4812504195645647,-87.9216384623913,3.0177534,8.993094,11.607242,7.42037,-9.551976,-8.563478,8.052595,-9.855414,-27.224598,6.922367,-11.163765,8.604494,-0.29705122,0.11072241,3.7287664,1.5159978,17.043652,-37.314285,59.05169,16.341078,-3.138301,13.543954,7.035408,-15.800593,23.242043,69.81444,-8.464479,-19.445868,-20.658924
13,0.2736562192440033,2.6221659183502197,77.91581726074219,0.1013523916291685,-0.49139330875744147,-87.87217379458016,3.004752,8.964376,11.561144,7.423621,-9.544353,-8.543381,8.072957,-9.879925,-27.273516,6.922028,-11.153361,8.620977,-0.3258647,0.0721833,3.728856,1.4946194,17.066206,-37.28911,59.036293,16.37657,-3.122336,13.549976,7.149671,-15.944942,23.212736,69.72632,-8.222525,-19.772577,-20.706305
14,0.28037455677986145,2.630842924118042,77.91683197021484,0.11113099395290643,-0.5105356039717465,-87.82536154214874,3.0062501,8.937469,11.518948,7.4204965,-9.538346,-8.5350275,8.103972,-9.902505,-27.323067,6.9211197,-11.141979,8.64058,-0.34943402,0.029973943,3.7391796,1.4708283,17.0899,-37.26075,59.022453,16.412083,-3.1152804,13.568655,7.255849,-16.078856,23.189327,69.63707,-7.987776,-20.022593,-20.76355
15,0.287615031003952,2.6397836208343506,77.91412353515625,0.11983513262633301,-0.53406872799072,-87.77981689198218,3.0158312,8.909037,11.4787655,7.412027,-9.530824,-8.532642,8.140862,-9.926279,-27.373175,6.919317,-11.131121,8.662083,-0.3674182,-0.018954251,3.752684,1.4441395,17.113852,-37.229362,59.01305,16.437046,-3.116859,13.596623,7.3558536,-16.20016,23.161873,69.56684,-7.734433,-20.269318,-20.794985
16,0.2956649363040924,2.6502866744995117,77.90782165527344,0.1335258179723866,-0.5572658347544666,-87.73456471137364,3.0268269,8.875978,11.438866,7.3995757,-9.518516,-8.530371,8.176893,-9.95565,-27.422903,6.918774,-11.123065,8.684584,-0.3796732,-0.07282927,3.765019,1.4182607,17.13814,-37.193382,59.00208,16.441322,-3.1271617,13.62951,7.459916,-16.316442,23.120495,69.520004,-7.4325056,-20.585377,-20.760317
17,0.30266132950782776,2.6630947589874268,77.90203094482422,0.14921288432009874,-0.580587511939672,-87.68799927617123,3.0397558,8.838249,11.397421,7.3813186,-9.498495,-8.535149,8.214447,-9.990308,-27.474485,6.918455,-11.120005,8.709268,-0.38548803,-0.13134342,3.7765915,1.39239,17.162745,-37.15212,58.989616,16.41071,-3.15327,13.676041,7.5768504,-16.432837,23.053993,69.49684,-7.0577865,-21.014244,-20.627302
18,0.31239303946495056,2.6733486652374268,77.90234375,0.16666425985030422,-0.6059538162695661,-87.64120996583559,3.0575871,8.796781,11.355872,7.356887,-9.472679,-8.547197,8.255675,-10.028995,-27.527313,6.917481,-11.119767,8.736243,-0.3846314,-0.197959,3.786265,1.3602699,17.184084,-37.10947,58.98829,16.353115,-3.192828,13.736143,7.6910777,-16.53228,22.97171,69.5092,-6.631359,-21.508322,-20.425179
19,0.32648801803588867,2.6817898750305176,77.90660095214844,0.18686819537890623,-0.631028962393207,-87.59661153726225,3.074223,8.752162,11.316624,7.3358116,-9.449076,-8.55096,8.29532,-10.071439,-27.577654,6.9172482,-11.119113,8.762455,-0.37741977,-0.26605278,3.7979302,1.3295751,17.205694,-37.064724,58.981133,16.294619,-3.2317128,13.78991,7.80845,-16.634777,22.888918,69.525955,-6.183503,-22.002739,-20.194624
20,0.34339889883995056,2.6909499168395996,77.91496276855469,0.20921645928108185,-0.6535916722566666,-87.55646367420148,3.0813913,8.705105,11.281688,7.3314233,-9.436742,-8.530773,8.32825,-10.117604,-27.621372,6.918135,-11.11413,8.784841,-0.3655499,-0.3365514,3.8088732,1.3011936,17.22512,-37.018066,58.97097,16.261591,-3.255217,13.819579,7.9127355,-16.734425,22.828884,69.55117,-5.7481375,-22.434183,-19.986282
21,0.3619077801704407,2.7006964683532715,77.92374420166016,0.23505387685630333,-0.6690853928990768,-87.52134542529821,3.0692558,8.653122,11.251008,7.353149,-9.440567,-8.468896,8.348199,-10.170207,-27.656637,6.9203687,-11.103014,8.798469,-0.34918195,-0.41120228,3.8166473,1.2749914,17.242218,-36.96604,58.955196,16.273766,-3.253633,13.808328,7.9999423,-16.835417,22.80878,69.5824,-5.3408246,-22.78045,-19.825548
22,0.3836371600627899,2.7097184658050537,77.93245697021484,0.26525675962751993,-0.6800580194852828,-87.49008551746086,3.0447667,8.596947,11.223786,7.3919344,-9.454612,-8.378186,8.358781,-10.228724,-27.685524,6.9244394,-11.08795,8.806272,-0.323273,-0.50060433,3.8139143,1.2369795,17.251633,-36.919113,58.96216,16.311056,-3.2360632,13.772684,8.054501,-16.900154,22.811977,69.664,-4.9523816,-23.07924,-19.6939
23,0.4031026363372803,2.717555284500122,77.93695831298828,0.2945055201556377,-0.6946501923231777,-87.46233163144171,3.0259886,8.540408,11.20126,7.430132,-9.47044,-8.288804,8.372127,-10.288005,-27.711178,6.9292645,-11.072034,8.8173485,-0.30064768,-0.58241695,3.8205724,1.215028,17.262281,-36.85915,58.94802,16.350512,-3.218295,13.735651,8.118013,-16.987629,22.820007,69.72448,-4.5466475,-23.351425,-19.541378
24,0.42079564929008484,2.7261674404144287,77.93601989746094,0.31999453162655445,-0.7211577388711221,-87.43768025938034,3.0324385,8.487755,11.184684,7.448162,-9.479012,-8.231221,8.400857,-10.342524,-27.736338,6.931772,-11.056871,8.840661,-0.2773725,-0.65334266,3.8414962,1.2106868,17.270683,-36.791107,58.91733,16.368982,-3.2147763,13.725812,8.200467,-17.09197,22.801043,69.7611,-4.1059365,-23.620518,-19.33473
25,0.43768101930618286,2.735879421234131,77.93135833740234,0.33911229832624384,-0.7684580931695657,-87.4162990966763,3.0802624,8.441029,11.176463,7.433938,-9.47522,-8.2273655,8.456977,-10.389695,-27.763962,6.9317627,-11.044486,8.884636,-0.24446884,-0.72472113,3.8760812,1.2127436,17.272495,-36.724365,58.89612,16.353912,-3.2342103,13.765314,8.291318,-17.174524,22.741806,69.80614,-3.611318,-23.894444,-19.057686
26,0.45680058002471924,2.7476847171783447,77.926025390625,0.3555203952790289,-0.829992717675071,-87.39815881003705,3.1575456,8.39743,11.175336,7.396757,-9.463835,-8.256395,8.531414,-10.43206,-27.791958,6.929949,-11.033596,8.942304,-0.20484418,-0.7940265,3.9219964,1.2216212,17.269245,-36.656723,58.87686,16.318682,-3.2673187,13.834381,8.389984,-17.247927,22.65778,69.85128,-3.0782106,-24.158796,-18.730295
27,0.48020488023757935,2.7621257305145264,77.92329406738281,0.3711013150118411,-0.8908404992342734,-87.38307022416747,3.2353327,8.353702,11.176496,7.35879,-9.452711,-8.284623,8.603845,-10.474446,-27.815521,6.927947,-11.021424,8.99999,-0.16255468,-0.8682296,3.962943,1.2368215,17.263313,-36.58949,58.861412,16.28151,-3.299028,13.904519,8.47287,-17.302275,22.562641,69.92481,-2.5580282,-24.408127,-18.397402
28,0.5084440112113953,2.7751808166503906,77.92506408691406,0.38878205142678995,-0.9361353761735554,-87.37079066432045,3.284904,8.306007,11.175293,7.3421702,-9.450221,-8.27818,8.653605,-10.521528,-27.829605,6.9286637,-11.006134,9.043911,-0.12047214,-0.9348569,3.9953291,1.2579451,17.251543,-36.52386,58.83459,16.2575,-3.3157794,13.944737,8.554637,-17.378176,22.451702,69.99269,-2.1016488,-24.635515,-18.089846
29,0.5426668524742126,2.788079261779785,77.93172454833984,0.40888478631260755,-0.9574725778680543,-87.36228106776866,3.2903795,8.253616,11.169337,7.359771,-9.460895,-8.215092,8.66006,-10.579035,-27.82721,6.9522104,-10.9962015,9.064702,-0.08164599,-1.0092596,4.0012007,1.283746,17.239872,-36.46047,58.807434,16.2472,-3.307064,13.940243,8.597928,-17.43719,22.34604,70.113815,-1.7404958,-24.836094,-17.839983
30,0.5739635825157166,2.7978179454803467,77.94058227539062,0.43141041955007375,-0.9641554433113432,-87.357461982384,3.2679799,8.198383,11.161587,7.4013343,-9.481595,-8.1176815,8.633555,-10.646162,-27.811625,7.0031257,-10.996004,9.071683,-0.039889567,-1.06907,4.0020595,1.31334,17.216936,-36.397556,58.766808,16.244865,-3.2842262,13.907074,8.654011,-17.535967,22.220549,70.21131,-1.436949,-25.012102,-17.607733
31,0.6054275035858154,2.8027923107147217,77.9487533569336,0.45349119807790744,-0.9683292741518409,-87.35402850512088,3.243417,8.141298,11.155293,7.4426074,-9.503365,-8.018856,8.6025505,-10.715945,-27.79451,7.0564322,-10.995483,9.078961,-0.00397659,-1.1291804,3.9986486,1.353059,17.190031,-36.33501,58.72631,16.250042,-3.2596636,13.871575,8.698626,-17.628962,22.088282,70.32084,-1.1522424,-25.180086,-17.378944
32,0.6430580019950867,2.810582399368286,77.95354461669922,0.4746172377488815,-0.9824517486528659,-87.349806413337,3.2430892,8.082773,11.154001,7.45782,-9.515908,-7.9513874,8.590652,-10.784115,-27.786818,7.098329,-10.990409,9.100782,0.024209226,-1.1907641,4.0030355,1.4030108,17.162445,-36.279617,58.689693,16.258226,-3.2470927,13.857697,8.741201,-17.71131,21.936556,70.42716,-0.85140646,-25.353394,-17.12792
33,0.675848662853241,2.8219521045684814,77.95153045654297,0.49184058920312945,-1.014039673443821,-87.34541943775423,3.282535,8.025411,11.161488,7.4341784,-9.516172,-7.937228,8.611241,-10.846686,-27.79355,7.1218657,-10.978824,9.144646,0.045412637,-1.2474279,4.0238132,1.4678389,17.131428,-36.22815,58.652237,16.270472,-3.25345,13.881012,8.794051,-17.790377,21.755798,70.51668,-0.50653243,-25.537117,-16.831724
34,0.7107649445533752,2.83668851852417,77.94612884521484,0.5072416950824342,-1.0551177241769232,-87.34175140683936,3.3446684,7.9677286,11.174867,7.387458,-9.509492,-7.9543858,8.649665,-10.907045,-27.808382,7.1347775,-10.962623,9.201782,0.055314872,-1.3096538,4.0498366,1.5514058,17.105946,-36.175167,58.611183,16.287045,-3.2698398,13.925286,8.8329315,-17.847038,21.562353,70.622955,-0.145967,-25.724424,-16.514328
35,0.7502855062484741,2.8508105278015137,77.94017028808594,0.5239260152088291,-1.094620463887813,-87.33655317544331,3.4052107,7.9062304,11.187125,7.3389754,-9.501572,-7.970102,8.68688,-10.9709015,-27.824873,7.1484933,-10.946374,9.26213,0.06879363,-1.3680141,4.0786533,1.6332607,17.074196,-36.13966,58.574505,16.308996,-3.2879229,13.966953,8.884368,-17.914776,21.345732,70.7012,0.1958119,-25.90568,-16.197756
36,0.794813871383667,2.865358591079712,77.93592071533203,0.5446233022085919,-1.1215985265355246,-87.32784593884996,3.439804,7.836724,11.191426,7.3108974,-9.498283,-7.9515452,8.703965,-11.044899,-27.83661,7.1724334,-10.932129,9.315779,0.08521253,-1.418143,4.100697,1.7042379,17.028316,-36.130264,58.549286,16.334227,-3.2989404,13.98302,8.949258,-18.009302,21.123104,70.737885,0.48940107,-26.072784,-15.909696
37,0.8423058986663818,2.8727498054504395,77.93760681152344,0.5740454851711732,-1.1291705115610067,-87.31161469673336,3.435299,7.754614,11.18206,7.3110633,-9.499216,-7.8799367,8.691165,-11.134328,-27.843388,7.2119193,-10.922701,9.359009,0.08332585,-1.4893912,4.1008906,1.7830552,16.995625,-36.129402,58.525963,16.37249,-3.296912,13.956785,8.973218,-18.080734,20.938911,70.80305,0.7170555,-26.235437,-15.676893
38,0.8918508887290955,2.8817532062530518,77.94501495361328,0.6100684221891267,-1.124527521676328,-87.29005107018564,3.4046195,7.6638594,11.16392,7.332662,-9.505166,-7.776001,8.659686,-11.234549,-27.84779,7.2609262,-10.915633,9.397532,0.08817915,-1.550532,4.097057,1.8505899,16.949936,-36.160164,58.509083,16.416636,-3.288938,13.904736,9.02248,-18.186712,20.738152,70.81669,0.90027565,-26.39133,-15.464213
39,0.9429532885551453,2.894465684890747,77.95389556884766,0.6452151793038804,-1.1177227270836234,-87.27061373424142,3.372473,7.5705276,11.146911,7.3533034,-9.510938,-7.666821,8.62195,-11.338549,-27.84851,7.3146496,-10.907951,9.435384,0.08495514,-1.6122304,4.092163,1.9269849,16.905241,-36.192028,58.49216,16.461088,-3.2804837,13.848839,9.06023,-18.291702,20.540031,70.8188,1.0575829,-26.529924,-15.270577
40,0.9976771473884583,2.9061992168426514,77.9620361328125,0.6742513720385,-1.118899401135581,-87.26084081292547,3.3590622,7.481981,11.140066,7.360664,-9.516684,-7.5793443,8.5946865,-11.435943,-27.844957,7.361556,-10.894804,9.476076,0.08257274,-1.6687543,4.097849,2.0136964,16.862654,-36.22044,58.473007,16.49607,-3.2777324,13.811514,9.089412,-18.390957,20.329535,70.80146,1.2092854,-26.638874,-15.085068
41,1.0531411170959473,2.9205448627471924,77.9659423828125,0.6954185314570047,-1.1327059152743169,-87.26329414349604,3.3749764,7.401183,11.1460495,7.345343,-9.520858,-7.525425,8.581642,-11.524663,-27.837152,7.40412,-10.876525,9.520104,0.082057185,-1.717429,4.1174827,2.1120021,16.821507,-36.2466,58.451572,16.511364,-3.284574,13.8049,9.1180935,-18.484114,20.090626,70.749016,1.3581331,-26.714024,-14.903197
42,1.1111085414886475,2.934314012527466,77.96440124511719,0.7115702492572394,-1.153075089304175,-87.2738012387571,3.406564,7.324506,11.159466,7.318994,-9.525557,-7.4890876,8.576621,-11.608089,-27.825974,7.4420285,-10.853211,9.565554,0.08277109,-1.7613578,4.145304,2.2185993,16.7816,-36.27611,58.42977,16.514067,-3.296945,13.814884,9.141972,-18.57342,19.83323,70.67196,1.4952793,-26.762745,-14.732188
43,1.1716463565826416,2.950442314147949,77.96049499511719,0.7263698587718617,-1.1740969697260506,-87.28950258454957,3.4420178,7.247324,11.178735,7.288446,-9.529429,-7.4558544,8.569171,-11.692848,-27.80954,7.4820757,-10.828829,9.613667,0.087104954,-1.8025509,4.178646,2.3265316,16.74103,-36.309196,58.411125,16.518246,-3.3088684,13.825568,9.160467,-18.663082,19.573294,70.581665,1.6131992,-26.788067,-14.5748205
44,1.2356184720993042,2.9652090072631836,77.9551773071289,0.7453488348247668,-1.1899867405074764,-87.30752981738657,3.4701,7.1647196,11.202308,7.2599373,-9.531092,-7.4112024,8.5538025,-11.782851,-27.78683,7.5186396,-10.80033,9.665491,0.096704155,-1.8433073,4.2143693,2.4283285,16.69692,-36.34626,58.401222,16.5371,-3.3146126,13.821297,9.170201,-18.761087,19.326721,70.49243,1.7045801,-26.792915,-14.434243
45,1.3017702102661133,2.983520030975342,77.95345306396484,0.769631503358484,-1.1990856724266592,-87.32803211867427,3.4869652,7.0753055,11.231471,7.236351,-9.529413,-7.353126,8.526138,-11.881307,-27.755867,7.5581007,-10.772939,9.724721,0.10824497,-1.887985,4.2504234,2.5273504,16.651615,-36.38068,58.40103,16.581772,-3.3116248,13.794116,9.161508,-18.86205,19.107634,70.414406,1.7597489,-26.772255,-14.321976
46,1.3656965494155884,3.001129150390625,77.95437622070312,0.7977421937154463,-1.2046034885113006,-87.35211472244427,3.5007188,6.981134,11.26667,7.210896,-9.524401,-7.288767,8.492075,-11.984546,-27.71806,7.5944057,-10.742207,9.789784,0.11747207,-1.9423983,4.286532,2.6319273,16.61397,-36.407898,58.404453,16.644512,-3.3030112,13.7531805,9.123704,-18.949156,18.914406,70.3569,1.7841159,-26.727926,-14.237936
47,1.437268853187561,3.021087408065796,77.95816040039062,0.8268685422064146,-1.2076614572408302,-87.37883612515881,3.509174,6.8857684,11.304047,7.1895466,-9.520989,-7.217299,8.450755,-12.090434,-27.675549,7.635401,-10.710613,9.852981,0.1298574,-1.9922608,4.3275537,2.7329535,16.574955,-36.44008,58.40905,16.707258,-3.2919147,13.70886,9.080766,-19.044725,18.725101,70.294586,1.7984697,-26.670403,-14.156516
48,1.5097736120224,3.042694091796875,77.96245574951172,0.8524859004921991,-1.2094515901214065,-87.40704462421526,3.5116236,6.7922573,11.339824,7.1765795,-9.523874,-7.137919,8.403196,-12.1957445,-27.630919,7.68334,-10.677374,9.906501,0.13842656,-2.0327663,4.374042,2.8305776,16.533419,-36.476196,58.41107,16.753656,-3.281278,13.6714325,9.034048,-19.1534,18.536295,70.22871,1.8222022,-26.611263,-14.058224
49,1.5859497785568237,3.061547040939331,77.96929168701172,0.8725450362500122,-1.2077606503563214,-87.436237997926,3.5040631,6.701893,11.372065,7.174799,-9.535757,-7.042562,8.346259,-12.299108,-27.584982,7.739557,-10.641341,9.942578,0.13474362,-2.0741959,4.4199853,2.9350076,16.500637,-36.503807,58.402493,16.778017,-3.2693777,13.6377325,8.957779,-19.24997,18.36108,70.19164,1.8580265,-26.552256,-13.942147
50,1.664689540863037,3.081174850463867,77.97416687011719,0.8915082115798906,-1.2027397720944626,-87.46719124965699,3.4878123,6.6127415,11.403187,7.182957,-9.555148,-6.9341264,8.277425,-12.404207,-27.534708,7.809135,-10.606668,9.966524,0.12838168,-2.1096187,4.469415,3.0399716,16.470272,-36.533463,58.386646,16.78642,-3.255721,13.604202,8.872525,-19.353807,18.188108,70.15548,1.8967202,-26.486406,-13.812941
51,1.7406983375549316,3.1046111583709717,77.97602081298828,0.909639232571768,-1.1995093086394302,-87.50023513881244,3.473867,6.5232873,11.43578,7.1894355,-9.573416,-6.8288693,8.211236,-12.507935,-27.48278,7.8724303,-10.565899,9.991895,0.12138141,-2.1428592,4.5270696,3.1430612,16.443598,-36.566925,58.36929,16.795929,-3.243121,13.579193,8.780708,-19.462763,18.020262,70.119995,1.9352659,-26.419027,-13.683097
52,1.8161401748657227,3.131683826446533,77.97417449951172,0.9294379703984095,-1.202999697321617,-87.53600509396419,3.4747605,6.4315877,11.472904,7.1796236,-9.580941,-6.742958,8.152727,-12.612494,-27.428446,7.9314737,-10.522666,10.031932,0.11790301,-2.180038,4.596732,3.2407422,16.42395,-36.60858,58.356846,16.82223,-3.2341344,13.571322,8.682176,-19.566946,17.860464,70.089745,1.9693383,-26.355791,-13.566958
53,1.8895858526229858,3.1572489738464355,77.969482421875,0.9484255991217768,-1.2173859872108703,-87.57378285001023,3.4998322,6.338015,11.515094,7.1431193,-9.57159,-6.6913013,8.113324,-12.713856,-27.375187,7.9721966,-10.470045,10.097514,0.121523276,-2.218253,4.6848216,3.3321044,16.409653,-36.66553,58.35079,16.878235,-3.229352,13.593907,8.588387,-19.675093,17.698769,70.054054,2.0015094,-26.298285,-13.457476
54,1.9637577533721924,3.190582275390625,77.9642333984375,0.9670031482971253,-1.2390791393745484,-87.61364057957393,3.5392349,6.243495,11.560512,7.0920496,-9.552656,-6.661752,8.087107,-12.811717,-27.322151,7.999345,-10.410011,10.179179,0.12686786,-2.2609994,4.7849317,3.4195554,16.402617,-36.731327,58.35096,16.952711,-3.22719,13.638858,8.482967,-19.77448,17.544294,70.03132,2.0315144,-26.244635,-13.355193
55,2.044908046722412,3.227651596069336,77.96107482910156,0.9884532254721149,-1.2614026767777446,-87.65701508915208,3.5794365,6.145843,11.609434,7.0399375,-9.531654,-6.6299386,8.055383,-12.915021,-27.263027,8.034545,-10.352745,10.260172,0.13784476,-2.3062146,4.891957,3.5005255,16.402819,-36.80313,58.35009,17.02362,-3.2274284,13.682188,8.376974,-19.875822,17.393509,70.00223,2.0521853,-26.191029,-13.26836
56,2.128598928451538,3.2617027759552,77.96166229248047,1.0125017972386108,-1.2777615403880067,-87.705017758127,3.6051388,6.045017,11.661303,7.00352,-9.517339,-6.5714817,8.004658,-13.025987,-27.193426,8.087787,-10.303456,10.32297,0.15392551,-2.3535254,4.9989996,3.575397,16.412428,-36.873184,58.340954,17.070726,-3.2298284,13.699767,8.269061,-19.983088,17.2547,69.9608,2.060768,-26.133982,-13.208279
57,2.2129828929901123,3.292653799057007,77.96784210205078,1.04466895017233,-1.2835064706639319,-87.75752567006536,3.6042848,5.939419,11.7143545,6.9970775,-9.516418,-6.4684634,7.9262276,-13.149022,-27.109694,8.164066,-10.264767,10.355237,0.1681058,-2.41744,5.093589,3.6402383,16.429602,-36.933514,58.33844,17.087519,-3.230503,13.673252,8.131469,-20.068842,17.150797,69.942184,2.0337718,-26.073696,-13.2044735
58,2.295841932296753,3.3230926990509033,77.97433471679688,1.0824965456775757,-1.2825672529629428,-87.81469913511349,3.5886853,5.827161,11.770425,7.0052447,-9.520785,-6.33747,7.823907,-13.286815,-27.01314,8.268332,-10.239419,10.368853,0.19307026,-2.4773893,5.195664,3.7058432,16.465067,-37.001072,58.303074,17.078886,-3.2315617,13.614807,8.01592,-20.186625,17.04578,69.87607,1.9882803,-26.007784,-13.224635
59,2.3769021034240723,3.356477737426758,77.98068237304688,1.1214499732221108,-1.2831835121109818,-87.87623252365242,3.5751495,5.715253,11.831451,7.0127044,-9.525524,-6.206617,7.7217326,-13.422306,-26.912413,8.367098,-10.208629,10.381775,0.21660326,-2.5418584,5.301961,3.7678733,16.507982,-37.059647,58.271523,17.064932,-3.2391992,13.56142,7.883624,-20.294874,16.954725,69.821884,1.9539416,-25.94337,-13.250075
60,2.4563791751861572,3.3906500339508057,77.98196411132812,1.1536826604771304,-1.2925009420015294,-87.94274386173608,3.5803452,5.6079645,11.900334,7.0025315,-9.524416,-6.103796,7.628462,-13.551643,-26.81141,8.462655,-10.172079,10.413005,0.24650075,-2.596172,5.428033,3.8340104,16.56749,-37.11624,58.22423,17.053091,-3.2607505,13.542898,7.7667675,-20.41657,16.843008,69.74208,1.9630114,-25.882029,-13.236826
61,2.5371007919311523,3.437682628631592,77.97535705566406,1.1799591309527424,-1.319925203505059,-88.01370001612567,3.6182344,5.5075235,11.977788,6.9683337,-9.517162,-6.0452924,7.569748,-13.667025,-26.718184,8.52732,-10.116596,10.47531,0.2813823,-2.6410904,5.5797043,3.9024937,16.638977,-37.172604,58.174023,17.04328,-3.3125467,13.587146,7.655246,-20.538723,16.711746,69.65168,2.0481436,-25.823606,-13.162931
62,2.619227170944214,3.4834671020507812,77.96697998046875,1.2007923502233346,-1.3591867084172002,-88.08874183018285,3.6555161,5.4155836,12.060083,6.9655027,-9.530639,-6.013277,7.5329237,-13.772001,-26.628706,8.567869,-10.045591,10.556245,0.32143316,-2.6846275,5.7456822,3.96311,16.714422,-37.22955,58.13748,17.032043,-3.385857,13.673204,7.537436,-20.648918,16.571466,69.56796,2.1789572,-25.767708,-13.058138
63,2.6993041038513184,3.524254322052002,77.95541381835938,1.2462956052998648,-1.383367980270574,-88.17992379902951,3.6780088,5.298905,12.16212,6.961139,-9.541648,-5.9812927,7.2267375,-14.026731,-26.459879,9.17172,-10.261925,10.643747,0.38014713,-2.755382,5.9029365,4.0163345,16.798388,-37.279064,58.103912,17.029667,-3.4499488,13.757493,7.417589,-20.754864,16.427528,69.4861,2.3053486,-25.717745,-12.960893
64,2.7783291339874268,3.5717687606811523,77.94850158691406,1.2918281706555408,-1.3916008255754142,-88.2745808783463,3.6801322,5.1854906,12.265893,6.9570208,-9.545598,-5.930675,6.9452634,-14.250146,-26.289827,9.658193,-10.4104185,10.709949,0.44373176,-2.8296056,6.053242,4.0641427,16.893755,-37.309208,58.062996,17.047657,-3.4735155,13.79808,7.2922134,-20.86053,16.289686,69.40917,2.3769758,-25.677412,-12.91186
65,2.858877658843994,3.6221678256988525,77.9469985961914,1.3412996342809682,-1.3746237710885767,-88.37274483311171,3.649996,5.070501,12.371028,6.9537835,-9.539198,-5.849768,6.6228127,-14.47608,-26.100395,10.1528225,-10.55367,10.746948,0.51141286,-2.914394,6.183323,4.0961504,16.989708,-37.313683,58.031948,17.104872,-3.4317827,13.765155,7.1508665,-20.955894,16.17122,69.35594,2.3600698,-25.656977,-12.943265
66,2.935955047607422,3.6669392585754395,77.95108795166016,1.3921755896434418,-1.3415653929216014,-88.47456698756929,3.5992217,4.956192,12.478811,6.9513025,-9.526513,-5.7524724,6.2811775,-14.697161,-25.898556,10.632827,-10.684547,10.766517,0.5837716,-3.0023963,6.3081903,4.12666,17.10304,-37.299164,57.983295,17.186693,-3.3470304,13.684246,7.0084505,-21.057436,16.059305,69.29989,2.2923968,-25.65016,-13.0200615
67,3.013843536376953,3.7173337936401367,77.95347595214844,1.4431003080668843,-1.30119658629175,-88.58459129035376,3.540558,4.8432956,12.594988,6.9482656,-9.511589,-5.653085,5.9268937,-14.913097,-25.684893,11.105779,-10.806708,10.780776,0.6618649,-3.0956328,6.431745,4.153737,17.223066,-37.268845,57.93769,17.26793,-3.2589436,13.606569,6.855411,-21.153858,15.947457,69.25286,2.2176368,-25.641102,-13.104616
68,3.0913071632385254,3.772562026977539,77.95610809326172,1.4958854553527907,-1.2629998090156203,-88.70693531026899,3.486621,4.733873,12.724908,6.944539,-9.49918,-5.56604,5.573421,-15.121254,-25.46236,11.565674,-10.918236,10.802141,0.7490728,-3.192561,6.5628786,4.180632,17.349173,-37.230026,57.89925,17.319355,-3.2070277,13.581393,6.6918454,-21.244143,15.821955,69.21197,2.181688,-25.612793,-13.154505
69,3.1683545112609863,3.8335111141204834,77.95430755615234,1.5459104189259874,-1.2291367462321647,-88.8424399273037,3.440019,4.630175,12.869919,6.9412985,-9.492728,-5.496003,5.229433,-15.319076,-25.235016,12.003351,-11.016013,10.835479,0.84566796,-3.291213,6.7034707,4.2089086,17.480879,-37.182796,57.872757,17.326845,-3.212569,13.635137,6.5177884,-21.327213,15.674895,69.178246,2.20534,-25.55869,-13.154582
70,3.2386887073516846,3.890444755554199,77.94855499267578,1.594947378481837,-1.1949446460602806,-88.98889832672394,3.394691,4.530807,13.0271435,6.937413,-9.488315,-5.4349937,4.8859677,-15.508694,-25.000423,12.424857,-11.101662,10.8738785,0.951371,-3.3922887,6.849108,4.2349052,17.6182,-37.126125,57.85594,17.307318,-3.250921,13.7373295,6.334306,-21.40297,15.512735,69.151855,2.260075,-25.488361,-13.128844
71,3.303011417388916,3.9503369331359863,77.94171905517578,1.6440100504491093,-1.1587132254659889,-89.14598268887816,3.3482614,4.434325,13.194881,6.932961,-9.48228,-5.3792787,4.5300593,-15.694379,-24.751207,12.851888,-11.185674,10.911535,1.0684161,-3.4982512,6.99869,4.2560744,17.761023,-37.06207,57.843044,17.280157,-3.292565,13.851876,6.14077,-21.47355,15.347081,69.13245,2.320512,-25.41045,-13.094164
72,3.3651177883148193,4.0147504806518555,77.93350982666016,1.6958764315908759,-1.1186907442666953,-89.31338232985459,3.298223,4.339787,13.371058,6.9281096,-9.470545,-5.325171,4.1493034,-15.880759,-24.48022,13.304912,-11.277346,10.942783,1.1976374,-3.610107,7.1511617,4.269235,17.909077,-36.99325,57.82802,17.263126,-3.3078883,13.942683,5.9408026,-21.541225,15.183972,69.11429,2.3545237,-25.332806,-13.06681
73,3.426301956176758,4.0717387199401855,77.92801666259766,1.7510833462243691,-1.0769292701765463,-89.4868798046451,3.2451925,4.245708,13.551912,6.923707,-9.450308,-5.274721,3.7477605,-16.069088,-24.18917,13.782765,-11.378519,10.9681635,1.3378233,-3.7287602,7.3085494,4.272797,18.062057,-36.920437,57.81129,17.269344,-3.2835312,14.001538,5.736147,-21.60833,15.02781,69.09472,2.3503592,-25.256948,-13.052956
74,3.4888248443603516,4.14198637008667,77.92550659179688,1.8070940948942023,-1.033453091155793,-89.66792035983563,3.1909118,4.153272,13.739593,6.917967,-9.423444,-5.228912,3.3301897,-16.25596,-23.880909,14.275659,-11.483785,10.990044,1.4879411,-3.851681,7.4712462,4.267844,18.219728,-36.84355,57.795734,17.284073,-3.237213,14.0471945,5.5257373,-21.67477,14.874227,69.074684,2.3256807,-25.178612,-13.042467
75,3.549382448196411,4.214585781097412,77.92253875732422,1.8648708343873701,-0.984257565346346,-89.86461274021205,3.1316211,4.0652795,13.940502,6.913004,-9.396399,-5.1824884,2.8854785,-16.439066,-23.549028,14.789812,-11.591439,11.005486,1.6518376,-3.9775698,7.6349216,4.2601027,18.381617,-36.756874,57.776054,17.293653,-3.1856725,14.083884,5.3048,-21.740768,14.720947,69.060814,2.300473,-25.098143,-13.028017
76,3.6112732887268066,4.285733222961426,77.92150115966797,1.9224667317440838,-0.9249501066197364,-90.08507873752322,3.0655406,3.9840777,14.161425,6.9072094,-9.373915,-5.130095,2.403512,-16.616667,-23.18709,15.331196,-11.699529,11.011837,1.8329018,-4.1040587,7.796208,4.254925,18.54707,-36.655773,57.746773,17.282898,-3.1457324,14.115935,5.067572,-21.804623,14.569896,69.059586,2.298647,-25.015934,-13.001824
77,3.665020227432251,4.356102466583252,77.91998291015625,1.9753684539778047,-0.849607331113855,-90.33763126221697,2.9859726,3.9156141,14.408391,6.90461,-9.361696,-5.064923,1.8705283,-16.781694,-22.79162,15.904546,-11.803921,10.999612,2.036371,-4.227265,7.9518485,4.2520213,18.716118,-36.531334,57.704514,17.253586,-3.11534,14.136135,4.8067503,-21.86693,14.418861,69.078285,2.3206694,-24.937586,-12.967074
78,3.716651678085327,4.429842948913574,77.9189682006836,2.0241293530893083,-0.7623888111731246,-90.61576130394852,2.8974714,3.8571434,14.676447,6.9017453,-9.354152,-4.991642,1.2969192,-16.936193,-22.366764,16.504282,-11.906136,10.97351,2.2578807,-4.34835,8.105083,4.248527,18.888954,-36.389782,57.65317,17.209396,-3.0876856,14.144934,4.52771,-21.926825,14.268166,69.11047,2.3552647,-24.860939,-12.92574
79,3.7636194229125977,4.507874488830566,77.91343688964844,2.078661386261034,-0.6737490322194883,-90.90533340076172,2.8101256,3.7974267,14.954881,6.898628,-9.346938,-4.921873,0.7034924,-17.089733,-21.916733,17.125816,-12.0145,10.951626,2.4891508,-4.4771767,8.259996,4.2475863,19.06507,-36.244617,57.59965,17.146385,-3.0726295,14.158622,4.237897,-21.98479,14.125442,69.151405,2.4109445,-24.775366,-12.871165
80,3.8017702102661133,4.580145835876465,77.90357971191406,2.14625020841103,-0.5941188959460199,-91.19204434486925,2.7328994,3.7267337,15.233214,6.8949127,-9.333923,-4.8675456,0.1163898,-17.247078,-21.448393,17.751413,-12.13439,10.951661,2.7207189,-4.621556,8.420474,4.2511783,19.243505,-36.110897,57.55205,17.057688,-3.0801482,14.193297,3.948793,-22.040728,13.992166,69.19174,2.4894793,-24.66983,-12.795669
81,3.834141731262207,4.658304691314697,77.89012908935547,2.2289163061717607,-0.5253953733395922,-91.48001633124998,2.6689568,3.6434865,15.515607,6.8885255,-9.309175,-4.8369884,-0.46902078,-17.414894,-20.958405,18.393194,-12.265211,10.990224,2.957608,-4.7845216,8.590408,4.258239,19.423243,-35.99193,57.516174,16.929346,-3.128787,14.2746,3.6616843,-22.094297,13.871363,69.22696,2.6189022,-24.53661,-12.683048
82,3.8667640686035156,4.741930961608887,77.87162017822266,2.3219109800323072,-0.4621521082486339,-91.77407705018001,2.6132865,3.5532875,15.8054,6.8812695,-9.278361,-4.822185,-1.0629565,-17.585024,-20.445549,19.053612,-12.404963,11.0535145,3.2026339,-4.960261,8.766854,4.267522,19.603691,-35.88029,57.487923,16.76926,-3.2080917,14.38698,3.3721263,-22.14536,13.759344,69.26196,2.7866821,-24.382942,-12.542393
83,3.8959362506866455,4.8154730796813965,77.85242462158203,2.4229570893915144,-0.40393900203447697,-92.06158507614012,2.562475,3.4567049,16.089947,6.8740025,-9.2481575,-4.8108993,-1.6557764,-17.754183,-19.914864,19.723852,-12.56358,11.114279,3.444612,-5.1441903,8.943947,4.2774434,19.785017,-35.777744,57.461845,16.601345,-3.2847219,14.484761,3.0795872,-22.19426,13.655638,69.305275,2.9439225,-24.220657,-12.404527
84,3.922539234161377,4.893063545227051,77.83392333984375,2.5318876040150253,-0.35019234718476855,-92.32993472569574,2.5140283,3.3535671,16.357061,6.867769,-9.226233,-4.7904725,-2.2379394,-17.919724,-19.370958,20.395138,-12.750291,11.145255,3.6718562,-5.3318515,9.115688,4.2873387,19.967487,-35.686253,57.431416,16.448887,-3.3248138,14.52271,2.7863843,-22.240263,13.55517,69.36228,3.0374484,-24.062023,-12.29887
85,3.9406790733337402,4.964550018310547,77.81774139404297,2.6522234499120345,-0.2951156479186603,-92.58275958515965,2.461494,3.2373066,16.611565,6.8639345,-9.217965,-4.752212,-2.8333666,-18.088678,-18.794764,21.093946,-12.975075,11.134517,3.8853781,-5.530387,9.278424,4.296447,20.15235,-35.597446,57.386993,16.316004,-3.3058977,14.465854,2.4847918,-22.282991,13.462364,69.4408,3.0345662,-23.911161,-12.245051
86,3.953503370285034,5.022800922393799,77.8023681640625,2.7860736688076857,-0.2405853995225856,-92.82461964532068,2.4095652,3.1092315,16.857395,6.859163,-9.217028,-4.704449,-3.4403553,-18.260195,-18.189482,21.818644,-13.230947,11.097876,4.0891657,-5.7400517,9.435891,4.306435,20.34013,-35.513172,57.333458,16.190035,-3.2501168,14.34593,2.1773224,-22.321539,13.37649,69.53454,2.9673603,-23.761377,-12.222754
87,3.961531400680542,5.076922416687012,77.781982421875,2.920526541390713,-0.1979590577825324,-93.04422450557675,2.3692377,2.9823754,17.081264,6.854852,-9.218178,-4.6603622,-4.002623,-18.41736,-17.596292,22.499859,-13.497122,11.050043,4.2790594,-5.9473095,9.593323,4.3146954,20.529915,-35.454185,57.290348,16.068575,-3.1906998,14.21853,1.8747711,-22.356272,13.295655,69.63548,2.8926437,-23.60973,-12.202349
88,3.9611165523529053,5.133915901184082,77.75920104980469,3.042102265576105,-0.17852089601888219,-93.23028226597775,2.3520207,2.8691266,17.269674,6.8508625,-9.215545,-4.6331263,-4.466856,-18.547586,-17.055876,23.076723,-13.756051,11.006434,4.452057,-6.1370354,9.75625,4.3190813,20.71898,-35.440258,57.276608,15.95123,-3.161334,14.138727,1.5911623,-22.38582,13.216059,69.73184,2.8671436,-23.452854,-12.154014
89,3.953932523727417,5.1880998611450195,77.72982025146484,3.1510866413098024,-0.19377349859708096,-93.38039318536707,2.370871,2.7690747,17.4196,6.846023,-9.208032,-4.628142,-4.8115163,-18.64991,-16.575726,23.538656,-14.006286,10.979419,4.604812,-6.306969,9.933278,4.315021,20.905785,-35.48878,57.30661,15.834332,-3.18152,14.132762,1.3279917,-22.410572,13.130497,69.82092,2.9179134,-23.291681,-12.056987
90,3.940218210220337,5.239082336425781,77.70039367675781,3.2546439569355434,-0.23462900040215628,-93.50053464750818,2.4149895,2.6768296,17.538044,6.8434134,-9.200169,-4.637724,-5.0682406,-18.7367,-16.134895,23.921307,-14.258317,10.958583,4.7418056,-6.464343,10.118382,4.3021574,21.089525,-35.586853,57.37023,15.720226,-3.2300787,14.167559,1.0821286,-22.43099,13.037756,69.90631,3.0073726,-23.127054,-11.931951
91,3.91933012008667,5.288000583648682,77.67237091064453,3.350122015689791,-0.2825180926386068,-93.59256190776814,2.4637454,2.5953474,17.627111,6.8391857,-9.188083,-4.655138,-5.259007,-18.80163,-15.736617,24.217676,-14.5056,10.923364,4.87036,-6.609609,10.29449,4.277539,21.269146,-35.716915,57.4568,15.607,-3.2795768,14.210533,0.8527712,-22.447563,12.953259,69.99366,3.1031938,-22.956512,-11.812354
92,3.893209934234619,5.322281360626221,77.6492691040039,3.437175389558589,-0.31845456591956695,-93.65834544838319,2.4947114,2.5279317,17.689142,6.8359365,-9.172169,-4.673525,-5.407215,-18.8432,-15.382229,24.425661,-14.743983,10.853398,4.996907,-6.7449946,10.443718,4.242698,21.443108,-35.85572,57.55314,15.498489,-3.3022382,14.228989,0.63914263,-22.462204,12.89056,70.08903,3.170067,-22.777262,-11.732308
93,3.858264923095703,5.3556294441223145,77.63384246826172,3.5195910851620127,-0.3329659917123549,-93.69783030589599,2.496609,2.469894,17.724653,6.8334756,-9.15159,-4.689496,-5.5263004,-18.862986,-15.04549,24.538797,-14.990734,10.727901,5.1205735,-6.8766155,10.5532875,4.191242,21.611954,-36.01652,57.66771,15.383489,-3.2892313,14.212336,0.44074172,-22.476727,12.862928,70.19666,3.1819937,-22.586424,-11.715393
94,3.813720226287842,5.382397651672363,77.62234497070312,3.596715211371044,-0.33777855903763293,-93.7104424273914,2.4828677,2.420932,17.73276,6.8308625,-9.126233,-4.707016,-5.602502,-18.86185,-14.733932,24.562098,-15.242546,10.561871,5.2376084,-7.001721,10.635456,4.1271367,21.775274,-36.20158,57.801006,15.266935,-3.2557747,14.178462,0.257743,-22.49052,12.862146,70.3117,3.1657085,-22.385988,-11.738026
95,3.761890411376953,5.399360656738281,77.61285400390625,3.659804616095562,-0.3458271598147221,-93.69632146123872,2.4693053,2.392288,17.71311,6.827955,-9.097487,-4.7309446,-5.6158433,-18.84076,-14.499596,24.508358,-15.463535,10.389459,5.347992,-7.107096,10.709267,4.060275,21.93013,-36.379776,57.936317,15.166473,-3.210519,14.138038,0.09032937,-22.502666,12.8661785,70.42784,3.1595323,-22.181892,-11.763246
96,3.706707000732422,5.4148406982421875,77.6056137084961,3.6967631197036788,-0.37030172206140305,-93.65583013147548,2.4700508,2.3948567,17.665306,6.827543,-9.068283,-4.766048,-5.5464664,-18.800253,-14.394927,24.389309,-15.617785,10.245837,5.450981,-7.179407,10.793331,4.0024767,22.072107,-36.518154,58.05703,15.100914,-3.1622887,14.101571,-0.060968164,-22.51137,12.85212,70.53783,3.1998532,-21.979666,-11.753999
97,3.638890266418457,5.429744720458984,77.60389709472656,3.707553650404805,-0.4171198884806928,-93.58783586290527,2.4929016,2.4308774,17.58795,6.8273716,-9.038249,-4.812624,-5.3689904,-18.741905,-14.459711,24.184233,-15.688788,10.15096,5.5459647,-7.21412,10.894632,3.9530904,22.197847,-36.60978,58.168068,15.103113,-3.105202,14.06501,-0.19687667,-22.516344,12.808185,70.64159,3.3135285,-21.778988,-11.688695
98,3.564924716949463,5.4453229904174805,77.60041046142578,3.695721420320136,-0.4787027469359042,-93.49244185503822,2.529514,2.4947503,17.481663,6.8272066,-9.007206,-4.8685174,-5.101429,-18.664497,-14.657454,23.896494,-15.699319,10.08402,5.6329064,-7.2176304,11.001402,3.9023075,22.307022,-36.67573,58.28203,15.149654,-3.0376544,14.025703,-0.317647,-22.518522,12.747217,70.743225,3.4732788,-21.577183,-11.591637
99,3.482327699661255,5.453991889953613,77.59847259521484,3.6610733184906135,-0.5471717426488706,-93.37212314967121,2.5690382,2.5863953,17.349064,6.8275843,-8.97177,-4.935347,-4.7837267,-18.561201,-14.928491,23.56159,-15.66695,10.018846,5.7101283,-7.1900244,11.0999775,3.8464222,22.376282,-36.70929,58.413197,15.1966,-2.974923,13.999186,-0.42813063,-22.519516,12.6951065,70.852776,3.6402414,-21.37745,-11.497937
100,3.3953866958618164,5.457083702087402,77.60082244873047,3.608159069268781,-0.6143915256040997,-93.22924360332597,2.6021159,2.7051945,17.192719,6.8287673,-8.930342,-5.014705,-4.459723,-18.427614,-15.211803,23.223074,-15.612716,9.928461,5.789801,-7.143901,11.193073,3.816797,22.457165,-36.71159,58.491264,15.183789,-2.9300113,13.989966,-0.5145357,-22.519981,12.654094,70.95031,3.7751448,-21.18278,-11.435278
101,3.301906108856201,5.4617156982421875,77.60979461669922,3.5292506262436745,-0.6802667075994923,-93.06111344556308,2.6288385,2.859281,17.008747,6.8299265,-8.880545,-5.1142898,-4.128906,-18.255388,-15.504225,22.88152,-15.533627,9.792231,5.8656354,-7.064486,11.264036,3.7762377,22.488829,-36.686253,58.592194,15.094386,-2.9132473,14.016175,-0.58385235,-22.52111,12.650996,71.058685,3.8661196,-20.993397,-11.422253
102,3.1989340782165527,5.459733486175537,77.6281509399414,3.424022249637962,-0.7480937962212758,-92.86750607526324,2.6544862,3.046044,16.797318,6.8305025,-8.824591,-5.2308893,-3.7726219,-18.045969,-15.83365,22.51663,-15.421212,9.628875,5.9438157,-6.9597387,11.326895,3.7453012,22.516802,-36.632114,58.67158,14.954714,-2.916175,14.061484,-0.6255497,-22.522612,12.660802,71.15829,3.9352038,-20.807932,-11.434512
103,3.091912269592285,5.455057144165039,77.65228271484375,3.307085424613189,-0.8156255249890509,-92.65399035651367,2.6736047,3.2508013,16.565472,6.833484,-8.765444,-5.350013,-3.4020686,-17.818575,-16.187634,22.139542,-15.289371,9.471209,5.997669,-6.838315,11.387491,3.7653978,22.550205,-36.521152,58.67921,14.798096,-2.9208963,14.112748,-0.6764529,-22.524475,12.692134,71.26245,3.9974842,-20.627308,-11.458363
104,2.9765143394470215,5.450523853302002,77.68094635009766,3.1883278544028864,-0.8804215941817545,-92.42727826775848,2.683825,3.457836,16.321917,6.8364434,-8.703632,-5.4570236,-3.0293941,-17.587881,-16.552616,21.757473,-15.148933,9.351345,6.046402,-6.709151,11.442579,3.799771,22.57012,-36.38669,58.664333,14.644961,-2.9212291,14.160528,-0.7290051,-22.524555,12.713385,71.3711,4.065611,-20.454178,-11.480581
105,2.8600053787231445,5.448127746582031,77.71322631835938,3.067274451349185,-0.9396770149706676,-92.18797343937064,2.6820652,3.6666844,16.066568,6.8391824,-8.640028,-5.540482,-2.660498,-17.354553,-16.926413,21.373423,-14.9936,9.280901,6.084266,-6.572802,11.49319,3.8588014,22.578163,-36.21028,58.610207,14.506631,-2.9025683,14.204111,-0.7934446,-22.522915,12.724572,71.48863,4.1365824,-20.290058,-11.500661
106,2.742913007736206,5.443241596221924,77.7431640625,2.9403096412493723,-0.9952666323489865,-91.93298510625351,2.6713276,3.884156,15.79547,6.842021,-8.573707,-5.6106453,-2.2874377,-17.110825,-17.315222,20.981426,-14.81877,9.241567,6.086347,-6.4274015,11.538591,3.9646244,22.574724,-35.951862,58.50478,14.384111,-2.8755429,14.246732,-0.8895526,-22.517729,12.762112,71.62665,4.208139,-20.133574,-11.525766
107,2.6154770851135254,5.435856819152832,77.76890563964844,2.809401371427359,-1.0515108154298225,-91.66279157414716,2.656036,4.105876,15.510652,6.846285,-8.504151,-5.6854453,-1.8998204,-16.860306,-17.72009,20.573496,-14.638425,9.220769,6.0956836,-6.27127,11.579703,4.071197,22.556517,-35.706974,58.389385,14.240829,-2.8602693,14.289766,-0.9687384,-22.511255,12.781779,71.76008,4.2839384,-19.981993,-11.552373
108,2.480731725692749,5.426300048828125,77.79098510742188,2.6807076646528096,-1.1131249563356762,-91.37801725371584,2.6436207,4.325877,15.214179,6.848026,-8.428675,-5.7828646,-1.48915,-16.606283,-18.141539,20.143797,-14.465023,9.205665,6.090013,-6.108541,11.618652,4.186082,22.522808,-35.475063,58.26957,14.068473,-2.879573,14.329152,-1.0499827,-22.504314,12.811357,71.899155,4.3746533,-19.832624,-11.57832
109,2.3457438945770264,5.4204487800598145,77.81092834472656,2.5510565050151546,-1.187464649318724,-91.072394893053,2.6397586,4.5472474,14.901978,6.850488,-8.348419,-5.91925,-1.0340183,-16.345257,-18.58925,19.672382,-14.295046,9.205452,6.078174,-5.933762,11.661681,4.3054686,22.47244,-35.268578,58.148396,13.832199,-2.9507203,14.373909,-1.1143495,-22.49794,12.83535,72.033394,4.4984956,-19.693079,-11.593047
110,2.210524082183838,5.4176459312438965,77.82881164550781,2.4174434564804907,-1.269950197287571,-90.74773287447069,2.6408865,4.770645,14.574484,6.851088,-8.262963,-6.0811687,-0.54692334,-16.074884,-19.058775,19.167356,-14.122893,9.222048,6.066436,-5.747324,11.70819,4.429772,22.411974,-35.082203,58.01419,13.545987,-3.0579164,14.421011,-1.1576236,-22.492718,12.842264,72.15657,4.6415133,-19.56149,-11.599795
111,2.0710456371307373,5.414927959442139,77.84916687011719,2.2893062833432136,-1.3476733983126967,-90.4166389428471,2.634767,4.989337,14.240357,6.8506894,-8.174979,-6.241947,-0.06653688,-15.805758,-19.530174,18.664173,-13.959746,9.232269,6.048295,-5.556213,11.7436905,4.549286,22.328861,-34.91637,57.885925,13.275457,-3.1735647,14.454717,-1.2067863,-22.490519,12.859765,72.28837,4.7762785,-19.422523,-11.61957
112,1.9394570589065552,5.411350727081299,77.87262725830078,2.1717169466792607,-1.4075724067180035,-90.09186880454224,2.606792,5.1964083,13.908306,6.851949,-8.08671,-6.3749504,0.36653945,-15.548223,-19.984236,18.201502,-13.819081,9.212966,6.0497785,-5.3754573,11.765563,4.6605887,22.266016,-34.81017,57.73268,13.062888,-3.2672775,14.452734,-1.2524002,-22.49405,12.873021,72.4131,4.8720617,-19.260202,-11.667574
113,1.8012158870697021,5.406299591064453,77.89631652832031,2.071249107298939,-1.4385656898180748,-89.77363810630469,2.5442092,5.3831367,13.576839,6.8532166,-7.9950433,-6.457775,0.7239804,-15.314749,-20.41481,17.809223,-13.714859,9.150132,6.0419297,-5.2034955,11.751357,4.7507696,22.169819,-34.73721,57.598373,12.942121,-3.324394,14.401453,-1.3285679,-22.510193,12.9329195,72.5628,4.9134264,-19.055832,-11.767415
114,1.6654365062713623,5.3980817794799805,77.91815948486328,1.985519775098181,-1.4501624436231342,-89.45634211935307,2.4552999,5.555478,13.242578,6.8565125,-7.9004025,-6.509859,1.032152,-15.099549,-20.832836,17.463533,-13.6385565,9.058529,6.0452952,-5.039556,11.718008,4.834632,22.07733,-34.71002,57.444054,12.87255,-3.3611977,14.310539,-1.4028141,-22.53585,13.00002,72.70922,4.9177065,-18.82253,-11.899826
115,1.5236833095550537,5.388811111450195,77.93729400634766,1.898750178643725,-1.4604037888431454,-89.14401534065627,2.3643024,5.728701,12.911743,6.8589,-7.8055468,-6.5670676,1.3338003,-14.879913,-21.245659,17.119139,-13.566707,8.957931,6.054227,-4.8691244,11.685045,4.917232,21.991257,-34.721046,57.27933,12.836847,-3.4030225,14.214772,-1.4790015,-22.56821,13.061365,72.85079,4.9173565,-18.591896,-12.030785
116,1.3750590085983276,5.3842010498046875,77.95403289794922,1.8011338199139741,-1.4876688332173136,-88.84062713288101,2.29435,5.91837,12.590539,6.8608813,-7.7156563,-6.665362,1.6727494,-14.633366,-21.66037,16.728199,-13.474433,8.868248,6.067977,-4.6736035,11.6703,4.9944096,21.903265,-34.769913,57.126526,12.819314,-3.4753425,14.150306,-1.5529193,-22.607534,13.09546,72.98171,4.942162,-18.39527,-12.1255455
117,1.2292498350143433,5.380414009094238,77.9657211303711,1.683976409095411,-1.5432037409781363,-88.54716230728114,2.2596004,6.134281,12.280441,6.8615727,-7.634546,-6.8295927,2.0814621,-14.343346,-22.085136,16.24963,-13.345547,8.798391,6.088341,-4.4426894,11.68566,5.0660048,21.817408,-34.86972,56.982777,12.822632,-3.5994275,14.136398,-1.6228541,-22.650436,13.083155,73.100975,5.0145597,-18.25513,-12.165236
118,1.0775238275527954,5.382116317749023,77.97352600097656,1.5556080619571397,-1.6152512590561547,-88.26140765135342,2.2462935,6.365848,11.978362,6.8610415,-7.560243,-7.0354066,2.5252957,-14.02666,-22.511885,15.725407,-13.197242,8.735795,6.115791,-4.187792,11.71839,5.1315203,21.733515,-35.018105,56.842827,12.853324,-3.7568953,14.151101,-1.6876814,-22.696299,13.032316,73.20917,5.1062326,-18.149817,-12.172005
119,0.9312605261802673,5.385706901550293,77.98258209228516,1.4284370771808697,-1.6872604351002005,-87.98273551942175,2.2341485,6.5988364,11.683113,6.860786,-7.486564,-7.244919,2.963988,-13.703418,-22.927546,15.19662,-13.046599,8.668401,6.1452885,-3.9376304,11.754121,5.2059813,21.671263,-35.183247,56.693424,12.895759,-3.9128299,14.164626,-1.766639,-22.736692,12.993461,73.3212,5.194548,-18.047077,-12.177212
120,0.7879579663276672,5.391470432281494,77.99028778076172,1.3117529405218198,-1.742963318045855,-87.71044825485171,2.1868742,6.8222585,11.391618,6.896099,-7.424581,-7.4203463,3.3535383,-13.396737,-23.318722,14.715124,-12.9144335,8.584934,6.1850348,-3.7056851,11.776683,5.2779818,21.617914,-35.3523,56.555485,12.93767,-4.0331416,14.151498,-1.8521067,-22.779942,12.987232,73.431465,5.2454133,-17.91308,-12.2074375
121,0.6385281682014465,5.391998767852783,78.00267028808594,1.2136279449674876,-1.771449487932172,-87.44702940423366,2.0634975,7.034515,11.102455,7.027686,-7.400357,-7.540173,3.6670089,-13.119519,-23.676435,14.310636,-12.813928,8.477868,6.2517014,-3.4756806,11.771933,5.305154,21.528307,-35.562332,56.476166,12.977999,-4.105017,14.098034,-1.9152263,-22.86746,13.026044,73.51491,5.242607,-17.724998,-12.272056
122,0.49078822135925293,5.394625186920166,78.0185546875,1.125963305671435,-1.7836727300291606,-87.19191173484016,1.915958,7.235687,10.819977,7.1704473,-7.3733826,-7.6284723,3.9320595,-12.859151,-24.010395,13.954119,-12.733317,8.355275,6.316386,-3.2611916,11.753003,5.3356013,21.446253,-35.773808,56.400818,13.028806,-4.1475935,14.015901,-1.9998765,-22.963932,13.124925,73.60406,5.2099733,-17.50694,-12.360646
123,0.34216275811195374,5.388298988342285,78.03279113769531,1.0400046141283439,-1.7956805185989515,-86.94074460360653,1.7687289,7.434692,10.540233,7.3098106,-7.344216,-7.715746,4.1896276,-12.597856,-24.33593,13.60407,-12.654132,8.229549,6.3774295,-3.0454257,11.736697,5.3766646,21.367832,-35.97445,56.330902,13.074782,-4.1784315,13.935219,-2.0920312,-23.064651,13.222735,73.688545,5.1757665,-17.28676,-12.442222
124,0.19690033793449402,5.3891425132751465,78.0448989868164,0.945724636284307,-1.823645186091913,-86.68886427456445,1.6442347,7.6412897,10.258828,7.4348807,-7.315224,-7.8326,4.4815273,-12.316117,-24.668383,13.215092,-12.55566,8.11299,6.4266834,-2.8143077,11.739204,5.438366,21.288107,-36.142708,56.269505,13.104042,-4.2153473,13.88597,-2.19076,-23.163347,13.275496,73.769356,5.176781,-17.092993,-12.488484
125,0.04846007376909256,5.3895344734191895,78.05149841308594,0.8369484683849748,-1.8778195332863636,-86.43487247102459,1.5593752,7.861067,9.974694,7.535907,-7.288007,-7.997741,4.831796,-12.002558,-25.01421,12.763751,-12.427895,8.011016,6.4594445,-2.5627542,11.768545,5.5253825,21.206923,-36.27547,56.22036,13.110644,-4.266935,13.887734,-2.2974064,-23.251884,13.260781,73.85246,5.2321196,-16.942923,-12.481286
126,-0.10040651261806488,5.39642333984375,78.054931640625,0.7211821127940633,-1.9475547177238455,-86.18132795188784,1.5004008,8.0870695,9.690727,7.61742,-7.259719,-8.191096,5.213544,-11.669066,-25.363598,12.276916,-12.282647,7.916273,6.482912,-2.2998703,11.813764,5.625656,21.123907,-36.388588,56.188725,13.099949,-4.3223596,13.921634,-2.4118967,-23.33228,13.20409,73.938095,5.31812,-16.818228,-12.441193
127,-0.2521240711212158,5.408843517303467,78.05641174316406,0.6072069029416458,-2.01783288512107,-85.92946320385128,1.4404947,8.309224,9.408273,7.6976757,-7.2299275,-8.384827,5.594073,-11.333253,-25.70715,11.782027,-12.130639,7.8222027,6.505638,-2.0327158,11.862416,5.7264924,21.028341,-36.4824,56.18119,13.083248,-4.3704157,13.960302,-2.5294213,-23.418024,13.129366,74.017426,5.4014025,-16.694544,-12.397251
128,-0.4023953378200531,5.415588855743408,78.05526733398438,0.503788300862488,-2.0733331564400825,-85.68058268055262,1.3592393,8.516444,9.129394,7.782059,-7.1912336,-8.551246,5.9415493,-11.012306,-26.03649,11.306147,-11.982284,7.722395,6.5293245,-1.7800122,11.901583,5.833066,20.932594,-36.54591,56.18198,13.070422,-4.398841,13.973844,-2.660404,-23.504175,13.068751,74.0951,5.4448013,-16.548857,-12.382637
129,-0.5470594763755798,5.423307418823242,78.05557250976562,0.415175233462826,-2.110300217841812,-85.43142703846553,1.2462299,8.703832,8.850953,7.8792367,-7.14203,-8.680267,6.2484875,-10.714054,-26.354061,10.860389,-11.843091,7.6184754,6.5568237,-1.5414655,11.930266,5.9411764,20.82663,-36.56866,56.196217,13.066166,-4.400651,13.949245,-2.7947676,-23.600363,13.023161,74.156654,5.4287853,-16.364386,-12.407822
130,-0.6909152269363403,5.440091133117676,78.06146240234375,0.33601604935639623,-2.136745808846491,-85.18268446221107,1.1162493,8.877364,8.573504,7.9796233,-7.083876,-8.78767,6.5314326,-10.428933,-26.663221,10.43056,-11.707365,7.513245,6.5830364,-1.3120826,11.954246,6.05577,20.714123,-36.554207,56.22262,13.064169,-4.383368,13.903355,-2.9378073,-23.702965,12.984393,74.210175,5.377902,-16.157251,-12.455319
131,-0.8291037082672119,5.460886478424072,78.07381439208984,0.26106425029168223,-2.1551626872910585,-84.94161102504665,0.97648805,9.043973,8.302912,8.080658,-7.0233064,-8.884535,6.792212,-10.150457,-26.957184,10.013565,-11.573612,7.402534,6.6066,-1.0836763,11.97322,6.177253,20.596529,-36.5231,56.25737,13.065098,-4.3580623,13.853113,-3.0932546,-23.812931,12.951462,74.26372,5.321953,-15.950936,-12.507071
132,-0.9658518433570862,5.4801154136657715,78.08609008789062,0.18785545791993935,-2.1683477640993654,-84.71594298105398,0.8376448,9.209373,8.045905,8.172303,-6.963111,-8.98174,7.029845,-9.874098,-27.228018,9.611189,-11.44236,7.2821817,6.626103,-0.85008615,11.986759,6.3054504,20.477337,-36.496944,56.296646,13.067584,-4.3356605,13.81573,-3.2666643,-23.933016,12.923845,74.32716,5.2896833,-15.76903,-12.546018
133,-1.0968376398086548,5.494338512420654,78.09690856933594,0.11125639227928805,-2.17384468372865,-84.51280814841432,0.6965872,9.377756,7.8079553,8.260906,-6.9101577,-9.076677,7.2364483,-9.59769,-27.465714,9.227481,-11.315515,7.141325,6.6446233,-0.6097834,11.992679,6.4462457,20.358381,-36.471695,56.33504,13.07016,-4.314682,13.795227,-3.4633796,-24.064062,12.911492,74.40422,5.291354,-15.618313,-12.5697565
134,-1.228168249130249,5.515264511108398,78.10455322265625,0.03660895771217697,-2.171485825870054,-84.3264997478505,0.55025303,9.5452,7.5845013,8.346181,-6.8588376,-9.165325,7.413826,-9.325266,-27.677307,8.865217,-11.195068,6.9857693,6.6616263,-0.36646205,11.992334,6.5981617,20.24001,-36.440125,56.373764,13.071802,-4.290754,13.78251,-3.6789148,-24.206053,12.910495,74.48825,5.309737,-15.485968,-12.586678
135,-1.36270272731781,5.541510581970215,78.10594940185547,-0.03508856608345117,-2.166802786019288,-84.1449765295831,0.4054534,9.705919,7.366401,8.420988,-6.802122,-9.256316,7.585833,-9.05624,-27.882303,8.499304,-11.0702305,6.835767,6.6725264,-0.118995644,11.992209,6.7541456,20.122978,-36.41657,56.41333,13.076989,-4.2701287,13.773569,-3.8996382,-24.357988,12.900541,74.56868,5.3375716,-15.365903,-12.593824
136,-1.4942578077316284,5.566053867340088,78.1025619506836,-0.10249215486510696,-2.1646095569455674,-83.95637447504348,0.26795104,9.854044,7.144959,8.478822,-6.7325478,-9.358369,7.759767,-8.798901,-28.096676,8.141604,-10.944178,6.711495,6.6755633,0.13171865,11.998116,6.9055142,20.008795,-36.41704,56.456215,13.090716,-4.2588277,13.764887,-4.1139164,-24.521416,12.865414,74.637726,5.3729196,-15.252093,-12.589399
137,-1.622437834739685,5.595411777496338,78.096435546875,-0.1643894582596529,-2.1738871137081177,-83.75357619018236,0.15274045,9.987805,6.916277,8.5066595,-6.643625,-9.485714,7.9598866,-8.547927,-28.330145,7.7655883,-10.803423,6.6284866,6.666346,0.38917017,12.01979,7.0523405,19.897942,-36.44528,56.50156,13.114946,-4.263442,13.756404,-4.3105893,-24.693779,12.777841,74.68292,5.4170933,-15.148426,-12.56412
138,-1.743269681930542,5.625080108642578,78.09121704101562,-0.22252245574089471,-2.1890606185161223,-83.54439402147845,0.051007163,10.110336,6.6859264,8.514225,-6.5422325,-9.629874,8.171863,-8.303245,-28.571428,7.3801284,-10.652412,6.5722117,6.6497483,0.65101635,12.051123,7.196197,19.79118,-36.49654,56.55004,13.145016,-4.279028,13.74984,-4.4961557,-24.875738,12.649553,74.71091,5.467848,-15.0564575,-12.522309
139,-1.8605904579162598,5.661314964294434,78.09089660644531,-0.2735427737041938,-2.1948045554813733,-83.33920902566052,-0.059243016,10.221978,6.4601607,8.514756,-6.4341598,-9.765233,8.361492,-8.072647,-28.80835,7.01268,-10.506186,6.5176992,6.635503,0.9118588,12.076796,7.336771,19.68922,-36.569183,56.598682,13.179718,-4.294236,13.743626,-4.681085,-25.071325,12.520401,74.73537,5.5174236,-14.96559,-12.480137
140,-1.9735809564590454,5.700575351715088,78.09712219238281,-0.31775816653359673,-2.1761945601683292,-83.14825209254363,-0.20150943,10.323596,6.244301,8.525792,-6.32768,-9.866125,8.425336,-7.903429,-29.019535,6.8599195,-10.469264,6.44078,6.631056,1.1683936,12.082189,7.472322,19.592382,-36.663235,56.644352,13.214113,-4.297733,13.736125,-4.8747663,-25.285036,12.428042,74.76767,5.5541887,-14.865136,-12.453412
141,-2.083972454071045,5.740069389343262,78.1075210571289,-0.35445380361457834,-2.119437555524887,-82.97764494249071,-0.3999172,10.417308,6.0391026,8.56481,-6.229322,-9.911455,8.380741,-7.7765465,-29.206717,6.8363056,-10.496524,6.3229785,6.642789,1.418236,12.053883,7.60008,19.501047,-36.78446,56.68889,13.249448,-4.2799788,13.724192,-5.087047,-25.523708,12.407012,74.81612,5.5649557,-14.741158,-12.459328
142,-2.1873538494110107,5.772185325622559,78.11808776855469,-0.3855166644110155,-2.0370373416355934,-82.8193774076679,-0.63629824,10.505082,5.839768,8.620642,-6.1344485,-9.91983,8.292268,-7.6622715,-29.383987,6.8280015,-10.527574,6.1803956,6.660795,1.669413,12.0040655,7.7242384,19.414192,-36.928787,56.73001,13.286373,-4.2495055,13.708848,-5.308935,-25.78607,12.427464,74.868706,5.556199,-14.602518,-12.483029
143,-2.2888529300689697,5.811680316925049,78.12310791015625,-0.41489800609825267,-1.9495848247077678,-82.66691918323278,-0.87639254,10.586646,5.6473494,8.672112,-6.034708,-9.926304,8.192852,-7.555663,-29.55576,6.8233004,-10.557384,6.0393457,6.677598,1.9259161,11.952511,7.8508306,19.330242,-37.08139,56.763054,13.324306,-4.2217083,13.696078,-5.5317583,-26.067436,12.448072,74.9188,5.5635414,-14.473991,-12.494719
144,-2.3938722610473633,5.856722831726074,78.12268829345703,-0.443161407346421,-1.8777365709667666,-82.51355134782129,-1.0840917,10.661083,5.4636846,8.6953745,-5.921407,-9.965733,8.114617,-7.4535313,-29.725565,6.8119793,-10.581067,5.9264636,6.6855693,2.1907923,11.919151,7.9889865,19.247095,-37.22313,56.781364,13.367392,-4.212004,13.691392,-5.7440333,-26.360228,12.42198,74.95805,5.617635,-14.380375,-12.465066
145,-2.490169048309326,5.9019999504089355,78.11682891845703,-0.47062222152208427,-1.8340092551601905,-82.36260037996654,-1.2384545,10.731921,5.2955894,8.679088,-5.788885,-10.059544,8.070025,-7.3538337,-29.89102,6.7987885,-10.600902,5.8563533,6.6846576,2.4684887,11.916452,8.138533,19.164242,-37.35758,56.78783,13.409012,-4.2365537,13.710168,-5.942976,-26.659975,12.3194685,74.9843,5.742559,-14.343248,-12.373878
146,-2.579806089401245,5.952700138092041,78.11026763916016,-0.49710020561612056,-1.8050133620222248,-82.21581483646446,-1.3612562,10.797875,5.1403503,8.635411,-5.641981,-10.185011,8.042191,-7.258275,-30.051348,6.782982,-10.616332,5.8122773,6.6809916,2.7545679,11.931147,8.293819,19.08244,-37.493145,56.786777,13.451742,-4.2829432,13.745197,-6.1334414,-26.967201,12.170585,75.00346,5.918168,-14.34445,-12.242432
147,-2.6680660247802734,6.005514621734619,78.10545349121094,-0.5202035229912718,-1.7730506835776778,-82.06507169908791,-1.4836845,10.854048,4.984877,8.581784,-5.4914985,-10.311275,8.010505,-7.1716156,-30.21169,6.767795,-10.630007,5.7736955,6.6717434,3.038972,11.942988,8.450213,19.002602,-37.625572,56.780624,13.499738,-4.323929,13.769422,-6.3204374,-27.284489,12.01661,75.02392,6.100292,-14.349692,-12.10414
148,-2.7518863677978516,6.057680606842041,78.10597229003906,-0.5357334606640682,-1.7205757623243954,-81.90231249685364,-1.6378877,10.894562,4.8162045,8.53688,-5.348112,-10.407616,7.954714,-7.0990634,-30.377275,6.7545485,-10.643102,5.720324,6.65374,3.3125446,11.932408,8.605558,18.925156,-37.74733,56.769062,13.559854,-4.3325725,13.755103,-6.507302,-27.612719,11.897584,75.05118,6.243718,-14.324625,-11.992092
149,-2.8267080783843994,6.104151725769043,78.11174774169922,-0.5425462706266633,-1.6342349962323182,-81.7269697438229,-1.8436964,10.915214,4.631784,8.505326,-5.2030225,-10.461798,7.8567348,-7.044277,-30.54399,6.7463984,-10.6563835,5.642216,6.627911,3.571688,11.888073,8.759801,18.849966,-37.84977,56.745583,13.64312,-4.2844315,13.673976,-6.703385,-27.955664,11.840594,75.09154,6.327108,-14.249742,-11.924494
150,-2.899928569793701,6.152472496032715,78.12016296386719,-0.5424036308651164,-1.5262980686176042,-81.54293481310543,-2.0810077,10.920203,4.4380913,8.478685,-5.054828,-10.491727,7.731595,-7.0037117,-30.710888,6.7404613,-10.667644,5.5518956,6.5927973,3.822288,11.823027,8.915299,18.776846,-37.93677,56.711433,13.742503,-4.199951,13.547406,-6.9109,-28.314209,11.830404,75.14496,6.3856897,-14.147029,-11.880248
151,-2.9723098278045654,6.202452659606934,78.13204193115234,-0.5393892561026008,-1.417940725702961,-81.34820498589862,-2.3178327,10.916824,4.2364883,8.448266,-4.921134,-10.511853,7.611196,-6.9686713,-30.88861,6.732717,-10.680173,5.4622927,6.5422215,4.0702124,11.753061,9.076044,18.70516,-38.01829,56.675983,13.840093,-4.1192365,13.42227,-7.111162,-28.679697,11.820908,75.19806,6.4376135,-14.044445,-11.833411
152,-3.035827398300171,6.243468761444092,78.13911437988281,-0.5396975719482288,-1.3298566204749955,-81.1410459290357,-2.524375,10.912167,4.0277524,8.409291,-4.821502,-10.537227,7.524216,-6.93223,-31.087004,6.7230086,-10.697699,5.38649,6.4726715,4.3179245,11.693688,9.242147,18.635681,-38.1072,56.653145,13.917124,-4.0816774,13.346437,-7.293816,-29.042387,11.780371,75.24785,6.515326,-13.97082,-11.760597
153,-3.0991673469543457,6.284541130065918,78.14180755615234,-0.545641447562751,-1.2681733090659988,-80.92140518183143,-2.6926224,10.908515,3.810301,8.361716,-4.7676625,-10.566044,7.480893,-6.890619,-31.312178,6.709472,-10.721471,5.3269844,6.38254,4.5691695,11.651186,9.417426,18.569061,-38.206123,56.64391,13.963302,-4.1104317,13.345248,-7.4585695,-29.39537,11.690158,75.29844,6.6337214,-13.942288,-11.649872
154,-3.162503242492676,6.32641077041626,78.14098358154297,-0.5538087754515181,-1.2215360859235425,-80.6901914960586,-2.8392365,10.90134,3.583785,8.308629,-4.747387,-10.593307,7.463809,-6.8488817,-31.557497,6.694724,-10.749735,5.2771807,6.2750993,4.8183727,11.615669,9.597407,18.506737,-38.312023,56.64584,13.987456,-4.1799135,13.38981,-7.609225,-29.738949,11.561318,75.35487,6.763945,-13.94422,-11.517564
155,-3.227196216583252,6.3662333488464355,78.13739013671875,-0.5601348317546586,-1.1844078627485723,-80.44672301859889,-2.9678235,10.888092,3.3547397,8.245295,-4.7424474,-10.623526,7.4645553,-6.811747,-31.813913,6.678564,-10.780841,5.2364626,6.1564255,5.054298,11.580192,9.775889,18.450527,-38.423683,56.659874,14.007015,-4.2561946,13.445898,-7.7438273,-30.074148,11.429976,75.407005,6.8998547,-13.948052,-11.383568
156,-3.2881062030792236,6.404588222503662,78.13129425048828,-0.5612808514448515,-1.1507116923454503,-80.19045078638736,-3.0840995,10.866814,3.128827,8.17156,-4.7377086,-10.661533,7.4745216,-6.7833385,-32.072926,6.661311,-10.812743,5.204256,6.0274186,5.266906,11.536323,9.945999,18.402401,-38.541504,56.688736,14.032814,-4.305819,13.479231,-7.854262,-30.400723,11.305127,75.44588,7.003153,-13.933493,-11.265989
157,-3.3438119888305664,6.436958312988281,78.12748718261719,-0.5547667498774824,-1.11824411801313,-79.91252443142842,-3.1801867,10.829774,2.8925102,8.045523,-4.7257895,-10.741348,7.4928684,-6.764971,-32.337784,6.643178,-10.847016,5.185884,5.886643,5.4536867,11.482246,10.106547,18.364147,-38.664303,56.73168,14.066691,-4.321024,13.487222,-7.9452324,-30.719402,11.209344,75.47685,7.0871296,-13.891638,-11.169911
158,-3.3980534076690674,6.467040538787842,78.12615966796875,-0.5437411696970326,-1.0903334477567854,-79.6163135523702,-3.2554328,10.781046,2.6482885,7.880262,-4.7156925,-10.849381,7.5235744,-6.754366,-32.611023,6.6236253,-10.883295,5.1803117,5.7299523,5.619575,11.421719,10.2638445,18.336105,-38.790512,56.78559,14.100311,-4.31935,13.485501,-8.015342,-31.029074,11.119459,75.49888,7.1492095,-13.83563,-11.0849085
159,-3.445571184158325,6.491595268249512,78.12799072265625,-0.5288765457038931,-1.069917407613412,-79.31906963729612,-3.3281758,10.735471,2.4250667,7.7593064,-4.7157607,-10.918791,7.565484,-6.7500505,-32.88326,6.6046467,-10.920442,5.1770463,5.5689664,5.765043,11.3588915,10.41836,18.318352,-38.921017,56.846943,14.14159,-4.304905,13.467671,-8.073218,-31.329018,11.03982,75.517426,7.2020235,-13.776762,-11.008892
160,-3.4938161373138428,6.506494522094727,78.13738250732422,-0.5090640955287626,-1.0596848199541162,-79.03809265140727,-3.417581,10.705948,2.2514772,7.76629,-4.733999,-10.883031,7.616796,-6.7534885,-33.14427,6.589678,-10.957811,5.165319,5.409748,5.8890524,11.2958555,10.573192,18.309765,-39.05452,56.91273,14.196008,-4.2821546,13.426728,-8.114424,-31.616419,10.948758,75.52551,7.22904,-13.726118,-10.93909
161,-3.5399484634399414,6.521275043487549,78.15113067626953,-0.47523548015864864,-1.0567577985477785,-78.76644942580364,-3.5517385,10.691566,2.1528344,7.966115,-4.778945,-10.669373,7.6755834,-6.773854,-33.403606,6.5808325,-10.997128,5.136226,5.2482886,5.9812326,11.232355,10.722982,18.3107,-39.19362,56.98764,14.267964,-4.243766,13.350105,-8.147101,-31.889698,10.859267,75.52943,7.2393956,-13.686714,-10.879854
162,-3.5836522579193115,6.532894611358643,78.16172790527344,-0.43409627517279253,-1.0605658210176023,-78.49843813821704,-3.7191458,10.6880665,2.1052203,8.311859,-4.8503385,-10.331479,7.742883,-6.806411,-33.662727,6.575482,-11.0375185,5.0971613,5.0813904,6.045851,11.165915,10.868301,18.32168,-39.33788,57.072582,14.352146,-4.1903086,13.245241,-8.170163,-32.149452,10.773478,75.53021,7.231838,-13.652672,-10.831605
163,-3.6263222694396973,6.536832332611084,78.16536712646484,-0.3975637962546715,-1.0772412404240725,-78.25353162570632,-3.8628428,10.69882,2.0680568,8.684089,-4.9238467,-9.992606,7.821794,-6.832906,-33.900208,6.571721,-11.077303,5.061914,4.9250827,6.1028366,11.098383,11.01796,18.341358,-39.484135,57.15826,14.444346,-4.137775,13.135657,-8.174492,-32.39598,10.678423,75.522446,7.2079034,-13.622532,-10.785574
164,-3.6645917892456055,6.541165828704834,78.15013122558594,-0.42306259051740636,-1.1091306935278256,-78.05000243504257,-4.30357,10.786208,1.9195449,9.740014,-5.3854194,-9.782266,7.916415,-6.7852054,-34.098297,6.556046,-11.110986,5.040523,4.7985535,6.215045,11.024322,11.179776,18.367956,-39.632404,57.234764,14.540782,-4.1015153,13.045638,-8.166461,-32.633526,10.589475,75.51601,7.1975207,-13.594963,-10.732755
165,-3.691546678543091,6.54380464553833,78.12983703613281,-0.4762434472721812,-1.1692415541925112,-77.89583377742724,-4.5499473,10.898768,1.758406,10.517081,-5.736077,-9.74095,8.036035,-6.7032113,-34.24473,6.5350943,-11.136487,5.0501795,4.711944,6.350813,10.959676,11.347389,18.400265,-39.793587,57.309868,14.640132,-4.092293,12.989375,-8.151337,-32.863075,10.509941,75.51634,7.228814,-13.572709,-10.667126
166,-3.7100021839141846,6.543324947357178,78.1095199584961,-0.5481797002940445,-1.2515780539111312,-77.78014572119228,-4.691376,11.033749,1.5930057,11.185615,-6.048589,-9.799044,8.176217,-6.5978203,-34.351475,6.5123453,-11.157534,5.079918,4.650794,6.4995747,10.899199,11.520531,18.437084,-39.96329,57.386364,14.743534,-4.099846,12.951318,-8.112687,-33.082626,10.41404,75.506096,7.26178,-13.554955,-10.593566
167,-3.7225160598754883,6.536927223205566,78.09089660644531,-0.6234788222529742,-1.3422651528222354,-77.69680020845367,-4.7600546,11.162815,1.4128706,11.721343,-6.3003955,-9.904821,8.320771,-6.490631,-34.426075,6.4915056,-11.178563,5.1101,4.610071,6.641483,10.836733,11.69857,18.478264,-40.123238,57.456272,14.853557,-4.108785,12.911725,-8.0609255,-33.293316,10.328319,75.49139,7.2825823,-13.536297,-10.52405
168,-3.7289693355560303,6.519341468811035,78.07821655273438,-0.6849898117605765,-1.427686772611181,-77.63962828417952,-4.7792063,11.258405,1.2079891,12.080815,-6.4609733,-10.006643,8.45508,-6.40003,-34.476223,6.4742126,-11.20477,5.120813,4.5881014,6.7573743,10.769722,11.874463,18.525434,-40.25917,57.512005,14.9700165,-4.1036386,12.851435,-8.046207,-33.499874,10.333007,75.51299,7.325019,-13.511591,-10.471377
169,-3.7346112728118896,6.4937262535095215,78.06991577148438,-0.7301242581057905,-1.4999575577678608,-77.61475268596834,-4.7579474,11.304453,0.9386276,12.227669,-6.5015473,-10.0847435,8.565928,-6.334052,-34.49741,6.466548,-11.239777,5.098834,4.5694785,6.8407674,10.680968,12.073694,18.57569,-40.342777,57.53858,15.119329,-4.0720634,12.743999,-8.002218,-33.69732,10.357096,75.51158,7.275039,-13.4800625,-10.441944
170,-3.7353672981262207,6.4645304679870605,78.06476593017578,-0.7647060600659569,-1.5679903422261905,-77.62243260687129,-4.685099,11.319742,0.6213958,12.19882,-6.4485245,-10.16797,8.6647,-6.280989,-34.48828,6.4638305,-11.279058,5.0572834,4.5647554,6.901233,10.579108,12.283348,18.629635,-40.395416,57.548576,15.290706,-4.025092,12.607566,-7.9490533,-33.88661,10.419695,75.50723,7.186343,-13.444633,-10.42956
171,-3.732506513595581,6.431575298309326,78.0588150024414,-0.7945125464755131,-1.6428680552149553,-77.64919004290073,-4.5548534,11.32906,0.3310454,12.063011,-6.3551064,-10.277154,8.769591,-6.2337627,-34.460262,6.4614406,-11.32094,5.0160737,4.5796328,6.9472995,10.491018,12.477854,18.689844,-40.44297,57.55639,15.438272,-3.9834511,12.485268,-7.9868307,-34.072884,10.603584,75.582214,7.199158,-13.404283,-10.421093
172,-3.7290759086608887,6.394222259521484,78.04564666748047,-0.8273699683092719,-1.7358647091434187,-77.68100391802469,-4.359233,11.356665,0.14256544,11.884755,-6.272228,-10.433779,8.896624,-6.186032,-34.42494,6.4581313,-11.363983,4.9951687,4.5710754,6.994145,10.420609,12.680304,18.749615,-40.474514,57.562824,15.516012,-3.9688084,12.414254,-8.01232,-34.242283,10.721097,75.63101,7.1848636,-13.355227,-10.396418
173,-3.7240195274353027,6.362031936645508,78.02449798583984,-0.8692909246623016,-1.8603227315659212,-77.71898404272683,-4.0639806,11.419405,0.09211518,11.641099,-6.2003355,-10.6894455,9.063321,-6.127115,-34.38015,6.4506564,-11.410169,5.0039783,4.5479493,7.0496607,10.381663,12.882987,18.80741,-40.503876,57.577446,15.484132,-4.0007396,12.430317,-8.021653,-34.3891,10.74737,75.64997,7.1712756,-13.2967205,-10.350077
174,-3.7158279418945312,6.327603816986084,77.99984741210938,-0.9148398751117203,-2.006592748934396,-77.76883979804467,-3.682921,11.501401,0.1346725,11.307997,-6.114641,-11.017605,9.256238,-6.0624638,-34.321636,6.4404893,-11.458905,5.0303006,4.521711,7.1013393,10.361761,13.078203,18.860893,-40.52863,57.60831,15.3765135,-4.0627985,12.506364,-8.033632,-34.509113,10.731999,75.66572,7.162071,-13.231233,-10.29675
175,-3.7043490409851074,6.292814254760742,77.97748565673828,-0.952731360460546,-2.1520330739295552,-77.82394200904496,-3.2836297,11.574897,0.22378035,10.952484,-6.0295496,-11.322847,9.447264,-6.011249,-34.25734,6.432897,-11.507747,5.0619287,4.4939084,7.134665,10.341481,13.253237,18.909765,-40.549377,57.65921,15.253881,-4.121974,12.587549,-8.0532875,-34.60756,10.712972,75.68951,7.134421,-13.160692,-10.245816
176,-3.684433937072754,6.255724906921387,77.96656036376953,-0.9690981354436465,-2.2743740729775896,-77.87804038616858,-2.934199,11.613184,0.3120211,10.644384,-5.9620748,-11.509496,9.610832,-5.9911766,-34.19529,6.430053,-11.553293,5.086586,4.4724026,7.146798,10.309824,13.406548,18.972578,-40.572857,57.6978,15.173611,-4.145093,12.613502,-8.062376,-34.722927,10.711762,75.702576,7.072227,-13.08396,-10.193132
177,-3.6638669967651367,6.216515064239502,77.963623046875,-0.9538892310568086,-2.3626341354621787,-77.92697605942676,-2.6681354,11.602829,0.3911249,10.421624,-5.927407,-11.523445,9.733613,-6.014032,-34.140144,6.4360538,-11.597066,5.097769,4.449727,7.109198,10.246005,13.51306,19.024612,-40.593266,57.77932,15.156331,-4.111945,12.560991,-8.0906315,-34.813545,10.760358,75.75038,6.9401717,-13.007972,-10.162827
178,-3.6413848400115967,6.1747941970825195,77.96422576904297,-0.9164991842454604,-2.4307068226043573,-77.97519951910287,-2.4451804,11.559471,0.4845096,10.244166,-5.915023,-11.425122,9.832919,-6.068224,-34.086845,6.4460235,-11.638471,5.103256,4.4201264,7.0479164,10.169406,13.60818,19.085411,-40.60423,57.850204,15.168905,-4.044533,12.456438,-8.111479,-34.914425,10.824177,75.7899,6.758822,-12.927116,-10.130953
179,-3.616018295288086,6.132417678833008,77.96824645996094,-0.8671494916243505,-2.4944011969119777,-78.02901652154709,-2.2108345,11.498968,0.59492606,10.039818,-5.892409,-11.290746,9.925306,-6.1404247,-34.02881,6.4593425,-11.677906,5.112529,4.402992,6.964224,10.091555,13.658527,19.132082,-40.62328,57.965096,15.196553,-3.9707336,12.354805,-8.160349,-34.989056,10.912976,75.85917,6.5859365,-12.840433,-10.108411
180,-3.5820982456207275,6.086681365966797,77.97354888916016,-0.8160763047287524,-2.5691411693112873,-78.09486918789632,-1.9242682,11.437822,0.721878,9.764349,-5.83643,-11.1966305,10.026439,-6.2166433,-33.959457,6.4736657,-11.71265,5.135162,4.386316,6.8961363,10.033926,13.71816,19.197464,-40.64149,58.042152,15.216821,-3.9194155,12.288356,-8.198158,-35.088516,10.985504,75.89301,6.448459,-12.738393,-10.063267
181,-3.549426794052124,6.04313850402832,77.97464752197266,-0.7615542975088783,-2.666313677248269,-78.18013430221251,-1.5264263,11.374575,0.88187736,9.329086,-5.706299,-11.161144,10.148931,-6.298096,-33.87239,6.487242,-11.741711,5.1788707,4.384955,6.824096,9.993238,13.745259,19.246004,-40.68003,58.169765,15.232352,-3.9032164,12.293208,-8.199265,-35.15717,10.985254,75.88732,6.316465,-12.615773,-10.014907
182,-3.5151638984680176,6.006570816040039,77.96907043457031,-0.7252757850132145,-2.770514198025917,-78.27716873497712,-1.2683444,11.331402,1.0208323,9.213961,-5.752038,-11.148478,10.278599,-6.3625417,-33.775524,6.497067,-11.764912,5.234173,4.398969,6.7651124,9.959684,13.73107,19.278223,-40.736897,58.34494,15.251424,-3.9050114,12.342368,-8.231348,-35.201736,10.997106,75.906296,6.228399,-12.478071,-9.967402
183,-3.4797749519348145,5.9729413986206055,77.96043395996094,-0.6915199880508346,-2.8686690043683685,-78.37567758382998,-1.063565,11.291416,1.148982,9.195493,-5.8478494,-11.146207,10.400792,-6.4243884,-33.677265,6.5062037,-11.785001,5.290871,4.426896,6.7163157,9.931228,13.696537,19.318281,-40.79727,58.504288,15.267094,-3.9077044,12.395843,-8.277181,-35.258038,11.030929,75.929184,6.1761675,-12.339615,-9.913566
184,-3.438868999481201,5.940646171569824,77.95281982421875,-0.6579352189347789,-2.9465239807625707,-78.46417411365444,-0.88499993,11.248121,1.2622353,9.171321,-5.932211,-11.142259,10.500448,-6.48795,-33.586346,6.5156436,-11.80335,5.338087,4.447456,6.666651,9.894174,13.651193,19.359377,-40.82184,58.636753,15.283193,-3.8947968,12.420464,-8.317999,-35.318184,11.080927,75.93968,6.103981,-12.219034,-9.863837
185,-3.396634817123413,5.905184745788574,77.95018768310547,-0.6250266068345987,-2.9979503976410276,-78.53828566032578,-0.7437573,11.1996,1.3536726,9.146772,-6.0041246,-11.133904,10.570966,-6.5550995,-33.5054,6.5264454,-11.820178,5.3707957,4.451093,6.61726,9.841723,13.605901,19.403395,-40.79436,58.73038,15.312563,-3.8565085,12.390439,-8.33329,-35.387047,11.140886,75.916466,5.9887104,-12.124062,-9.821065
186,-3.3513553142547607,5.873814105987549,77.95275115966797,-0.5912872862421685,-3.0307680467767724,-78.60378560538892,-0.6280444,11.148273,1.4312013,9.121714,-6.067976,-11.127309,10.620879,-6.62376,-33.430054,6.5365996,-11.834262,5.3955345,4.4867387,6.5464644,9.768214,13.485151,19.409595,-40.77944,58.89956,15.349265,-3.798452,12.352112,-8.328876,-35.396847,11.169569,75.903824,5.828879,-12.050549,-9.81363
187,-3.3021297454833984,5.841283321380615,77.95745086669922,-0.5612814560272864,-3.0548677239664026,-78.66771961057543,-0.5198152,11.098253,1.5056438,9.086831,-6.1244955,-11.123006,10.658476,-6.6919813,-33.356144,6.549449,-11.846833,5.4190874,4.454638,6.5088854,9.717082,13.436656,19.459545,-40.66706,58.9265,15.376593,-3.7499862,12.289675,-8.427691,-35.491737,11.361317,75.91793,5.7633386,-11.97368,-9.7614765
188,-3.2541348934173584,5.810057163238525,77.96305084228516,-0.5398764221245954,-3.074228622084932,-78.73317127908055,-0.41986778,11.056604,1.5805962,9.052577,-6.1829524,-11.122862,10.688731,-6.751826,-33.284424,6.5609546,-11.856417,5.4467144,4.4523225,6.468554,9.659532,13.347697,19.491505,-40.574917,58.977825,15.370847,-3.710846,12.283502,-8.465997,-35.553825,11.452601,75.898186,5.6420693,-11.894618,-9.7131605
189,-3.207646369934082,5.7837443351745605,77.96503448486328,-0.5253016532681839,-3.08859919290351,-78.80227508753019,-0.32609212,11.02324,1.6586505,9.013828,-6.243799,-11.126468,10.711189,-6.8034143,-33.214264,6.569076,-11.860761,5.4790697,4.4544024,6.4403334,9.614041,13.252006,19.529991,-40.469315,58.988632,15.3225975,-3.686605,12.335807,-8.533303,-35.629852,11.562327,75.89215,5.550844,-11.805605,-9.642762
190,-3.160022497177124,5.7587809562683105,77.96372985839844,-0.515628304260813,-3.095355647267612,-78.87259072141094,-0.24045958,10.993545,1.7368885,8.968119,-6.302743,-11.133007,10.7233925,-6.8509912,-33.146103,6.575319,-11.861221,5.513195,4.4649453,6.411514,9.56632,13.134596,19.561865,-40.35627,58.995113,15.243204,-3.670025,12.42999,-8.583102,-35.69461,11.642671,75.87296,5.439631,-11.714462,-9.566819
191,-3.1139352321624756,5.735707759857178,77.9582290649414,-0.5067272208165705,-3.0993652768255116,-78.94311326333596,-0.1590088,10.965525,1.8155748,8.920529,-6.357837,-11.142832,10.730413,-6.8972673,-33.07838,6.5829453,-11.860615,5.5507526,4.471833,6.3940496,9.53412,13.021765,19.604984,-40.219967,58.950478,15.150227,-3.6661303,12.535128,-8.666333,-35.780823,11.752113,75.86568,5.3681736,-11.621551,-9.475264
192,-3.067612409591675,5.718560695648193,77.94942474365234,-0.49716640761010156,-3.1054100553063884,-79.01296890973126,-0.07535283,10.935921,1.8959067,8.872772,-6.405976,-11.156145,10.739962,-6.944802,-33.009586,6.5893655,-11.8588915,5.593243,4.478907,6.3805304,9.511933,12.910755,19.652903,-40.067696,58.87526,15.0595455,-3.6782799,12.630615,-8.740473,-35.871815,11.837988,75.844185,5.30425,-11.531385,-9.38017
193,-3.01977276802063,5.701321125030518,77.94182586669922,-0.4845623093478346,-3.1185684235110673,-79.0810442864191,0.018691488,10.904279,1.9777279,8.819175,-6.4412904,-11.180845,10.7589655,-6.993984,-32.940834,6.593539,-11.856026,5.645248,4.492989,6.360503,9.496953,12.7791395,19.68982,-39.90444,58.806595,14.972079,-3.7136095,12.718646,-8.800345,-35.93826,11.879756,75.81842,5.2440248,-11.450887,-9.292608
194,-2.9699177742004395,5.684420108795166,77.93872833251953,-0.47193237542390465,-3.1348825787457524,-79.14807609036089,0.11807618,10.871989,2.0606515,8.76037,-6.4675317,-11.2140255,10.780169,-7.0444493,-32.872227,6.60057,-11.854071,5.7045145,4.515359,6.339888,9.494774,12.629472,19.724178,-39.730038,58.726135,14.88021,-3.7683222,12.8085575,-8.891152,-35.996502,11.932804,75.820175,5.225729,-11.376143,-9.204678
195,-2.927112340927124,5.6688079833984375,77.9388656616211,-0.4595370130221495,-3.145959618117555,-79.21623082090687,0.20827715,10.839212,2.1451485,8.706532,-6.492327,-11.240148,10.794586,-7.09487,-32.801403,6.6052575,-11.8491955,5.7624197,4.521282,6.3239236,9.49572,12.498918,19.765215,-39.52752,58.60601,14.7892885,-3.828562,12.8942795,-8.97636,-36.062553,11.974637,75.80186,5.18562,-11.296822,-9.112807
196,-2.8782594203948975,5.653444766998291,77.9439468383789,-0.44739815648762365,-3.143807127404151,-79.28780810714035,0.27636674,10.806795,2.2318232,8.665194,-6.523139,-11.243475,10.789102,-7.145665,-32.72563,6.6117716,-11.842486,5.8105254,4.5328493,6.312818,9.498399,12.366374,19.817041,-39.3331,58.460323,14.692817,-3.879514,12.979172,-9.087806,-36.13989,12.046504,75.794876,5.144156,-11.203999,-9.022977
197,-2.8278260231018066,5.637804985046387,77.94874572753906,-0.4380242410935474,-3.119675025601223,-79.36504305276888,0.30704743,10.776923,2.320621,8.648423,-6.567494,-11.205823,10.750933,-7.196454,-32.64164,6.622338,-11.83416,5.8417,4.567721,6.2960935,9.483127,12.197,19.857454,-39.171425,58.341347,14.584893,-3.9121704,13.071082,-9.225255,-36.20056,12.146952,75.81985,5.0666795,-11.092034,-8.958159
198,-2.778366804122925,5.622321128845215,77.95476531982422,-0.4295335309075797,-3.0804931766086083,-79.44628050188157,0.30943128,10.749188,2.410813,8.653091,-6.622294,-11.1397505,10.690388,-7.2465477,-32.551544,6.634256,-11.823746,5.8622003,4.5844626,6.2876577,9.465051,12.050029,19.908545,-38.98683,58.174343,14.474158,-3.9374335,13.157184,-9.392016,-36.277267,12.286948,75.84906,4.9666886,-10.964755,-8.894127
199,-2.724524736404419,5.607428550720215,77.95846557617188,-0.42234272708848714,-3.039503908302662,-79.52765681756374,0.31050026,10.72087,2.5024338,8.653655,-6.6721654,-11.07606,10.627205,-7.2968326,-32.461426,6.6446614,-11.809876,5.8833528,4.601931,6.2814913,9.452461,11.8987,19.959728,-38.808674,58.00486,14.361259,-3.9655564,13.246452,-9.55318,-36.352833,12.407903,75.86957,4.86583,-10.83709,-8.825982
200,-2.674663543701172,5.59752082824707,77.9593734741211,-0.4123410907559455,-3.01059778595717,-79.60557638301898,0.33400652,10.689627,2.5950928,8.630569,-6.704962,-11.045577,10.579136,-7.3488393,-32.37708,6.6540046,-11.792734,5.916499,4.632073,6.273181,9.458424,11.721383,20.000877,-38.65271,57.870285,14.252732,-4.0073795,13.345477,-9.716358,-36.413044,12.495944,75.89954,4.814626,-10.72336,-8.746917
201,-2.6285181045532227,5.597293853759766,77.95564270019531,-0.40310367286396875,-3.002361222050032,-79.68069874625608,0.3978219,10.655622,2.692448,8.569732,-6.713828,-11.070572,10.558813,-7.4020386,-32.299534,6.6593266,-11.770388,5.971507,4.650497,6.272144,9.498218,11.555225,20.04451,-38.487907,57.728127,14.151849,-4.075907,13.457364,-9.88556,-36.474472,12.544814,75.92249,4.8304696,-10.625565,-8.637566
202,-2.575889825820923,5.596467971801758,77.95079040527344,-0.39260970777682863,-3.006122572373753,-79.75441189205533,0.48598838,10.6199255,2.7935169,8.482669,-6.70532,-11.129947,10.552889,-7.4561934,-32.225697,6.663284,-11.744136,6.039976,4.6724524,6.2730403,9.557001,11.376999,20.084267,-38.335754,57.600594,14.049638,-4.161693,13.581748,-10.0412655,-36.527946,12.542998,75.933235,4.876574,-10.537409,-8.513475
203,-2.5227737426757812,5.595113277435303,77.94793701171875,-0.38173819732054126,-3.007930807478115,-79.82413027214787,0.56856805,10.5813875,2.8903794,8.396329,-6.6921453,-11.189404,10.544158,-7.5123754,-32.155853,6.6683965,-11.716213,6.106047,4.7145386,6.2676435,9.60224,11.1600895,20.103077,-38.232555,57.53554,13.941159,-4.2424226,13.707915,-10.189122,-36.553566,12.526943,75.96752,4.9284105,-10.458557,-8.399715
204,-2.466928482055664,5.593026161193848,77.94873046875,-0.3695626601949686,-2.995528994964085,-79.88707748726972,0.6181157,10.539121,2.9755898,8.334424,-6.685151,-11.21469,10.517357,-7.5711036,-32.0904,6.674582,-11.687361,6.1540413,4.71675,6.273729,9.686689,11.009227,20.174885,-38.045147,57.34464,13.880782,-4.303399,13.780362,-10.346869,-36.646095,12.557523,75.94237,4.9901414,-10.376877,-8.26094
205,-2.4144318103790283,5.5947160720825195,77.95343780517578,-0.3538486068428262,-2.9584653990874323,-79.94446685024226,0.61749536,10.491756,3.0471604,8.307281,-6.6862955,-11.187342,10.457964,-7.6344204,-32.02677,6.68397,-11.658256,6.1728806,4.746423,6.265669,9.728089,10.810092,20.22512,-37.917763,57.226776,13.820896,-4.3208814,13.820777,-10.496218,-36.710735,12.627911,75.95463,5.023451,-10.299634,-8.1544
206,-2.3607006072998047,5.593562126159668,77.96287536621094,-0.33714672707608295,-2.905845449511386,-79.99698610220827,0.5846852,10.44057,3.1090705,8.302191,-6.6913376,-11.128735,10.378268,-7.701184,-31.965588,6.6944075,-11.627182,6.1732244,4.776693,6.2507124,9.757161,10.594664,20.265526,-37.79748,57.13435,13.777721,-4.311926,13.83371,-10.654436,-36.767284,12.734401,75.983215,5.0490956,-10.226601,-8.060191
207,-2.3059351444244385,5.59376335144043,77.97432708740234,-0.3195005674732436,-2.8531968759227793,-80.04201111244282,0.5442528,10.387658,3.1630814,8.3027725,-6.6966887,-11.064565,10.297597,-7.7688165,-31.911861,6.707883,-11.5965605,6.1716676,4.7749057,6.2474475,9.800842,10.422835,20.327366,-37.651943,56.988644,13.743895,-4.3060527,13.831256,-10.845925,-36.852104,12.883354,76.01523,5.098259,-10.159964,-7.9494205
208,-2.2528679370880127,5.5959367752075195,77.98269653320312,-0.30404902090253466,-2.8149258609289776,-80.07689748923649,0.52514166,10.3336115,3.212057,8.285811,-6.69654,-11.020197,10.238823,-7.8335476,-31.870708,6.716666,-11.562774,6.1848273,4.7862196,6.2358503,9.850378,10.20835,20.365387,-37.554398,56.92052,13.699752,-4.3298993,13.859182,-11.002584,-36.90007,12.946737,76.03752,5.1237755,-10.110205,-7.846387
209,-2.2033498287200928,5.606659889221191,77.98358154296875,-0.29067844435868884,-2.7983537354004544,-80.09923477337706,0.53484255,10.2796545,3.255648,8.248984,-6.6925783,-11.007164,10.211069,-7.8940983,-31.846882,6.7196727,-11.52405,6.220901,4.774146,6.2329617,9.931001,10.010109,20.411125,-37.461193,56.845284,13.6483555,-4.4023256,13.917728,-11.176984,-36.948612,12.965302,76.05934,5.1639943,-10.079082,-7.722092
210,-2.1569247245788574,5.616296291351318,77.98069763183594,-0.2791073485975026,-2.794208496578453,-80.11070587083424,0.5586594,10.224992,3.2927961,8.202403,-6.6866603,-11.010245,10.200671,-7.9528294,-31.83635,6.723051,-11.484379,6.269795,4.7528725,6.230567,10.024985,9.810542,20.455925,-37.384563,56.788433,13.593796,-4.5041413,13.995259,-11.326623,-36.986565,12.915151,76.05939,5.1839323,-10.063731,-7.5903454
211,-2.110244035720825,5.628664970397949,77.9750747680664,-0.2684406615856633,-2.7939238409771376,-80.11585747687329,0.58571273,10.169178,3.3234568,8.152992,-6.677659,-11.015488,10.195994,-8.011359,-31.83215,6.7263975,-11.444394,6.320802,4.737963,6.2259502,10.127059,9.606296,20.510487,-37.32942,56.737404,13.535859,-4.6096854,14.070404,-11.452525,-37.02248,12.841407,76.03968,5.2054796,-10.055608,-7.4612565
212,-2.0660548210144043,5.639770984649658,77.97208404541016,-0.2548777222951329,-2.7889861165356407,-80.11876779025204,0.60107523,10.112029,3.3469632,8.114889,-6.6680984,-11.008976,10.186462,-8.070407,-31.827215,6.728649,-11.405647,6.36317,4.7364583,6.213817,10.222457,9.398405,20.573395,-37.294113,56.694683,13.478087,-4.693145,14.124494,-11.562376,-37.056145,12.795988,76.01472,5.2392006,-10.047489,-7.349725
213,-2.0187880992889404,5.64603853225708,77.97294616699219,-0.2369844175026534,-2.777305060682169,-80.1181544983932,0.5999041,10.051169,3.3597047,8.091458,-6.6553,-10.986696,10.167978,-8.132531,-31.820583,6.7339973,-11.370395,6.3935933,4.7369685,6.1917734,10.3008375,9.179438,20.621983,-37.27395,56.68777,13.424547,-4.7486377,14.15226,-11.654576,-37.079895,12.795452,75.98695,5.268249,-10.038849,-7.2669263
214,-1.9771631956100464,5.655989170074463,77.97853088378906,-0.21600772847220132,-2.7634063282225827,-80.11267075652509,0.58997136,9.98759,3.3630946,8.076286,-6.639642,-10.956129,10.147529,-8.195955,-31.81565,6.7386546,-11.335541,6.4179254,4.740857,6.164971,10.38229,8.96825,20.691036,-37.267773,56.66524,13.36802,-4.789308,14.158094,-11.746092,-37.11046,12.832368,75.95609,5.317926,-10.031642,-7.1948857
215,-1.9373201131820679,5.6641316413879395,77.98702239990234,-0.19512262881499148,-2.7486891040043684,-80.10608067626663,0.5772323,9.9254875,3.3644865,8.065463,-6.6262937,-10.920669,10.126258,-8.258708,-31.812017,6.7443004,-11.30308,6.438956,4.7447195,6.135796,10.464422,8.7918005,20.793587,-37.260345,56.604042,13.31046,-4.8188114,14.149964,-11.814382,-37.145546,12.869643,75.90215,5.3744936,-10.026803,-7.1233997
216,-1.8988308906555176,5.665931701660156,77.99752044677734,-0.17676822683356752,-2.734453370987603,-80.10278773434761,0.56623054,9.868234,3.3712366,8.0574045,-6.6211886,-10.883641,10.106341,-8.318216,-31.809023,6.7518654,-11.2758875,6.459548,4.7614393,6.1054487,10.539282,8.611314,20.883009,-37.259434,56.57649,13.260722,-4.8423295,14.149645,-11.88782,-37.167686,12.908134,75.86751,5.4499946,-10.026836,-7.0547004
217,-1.8617233037948608,5.667302131652832,78.00263977050781,-0.16214191147740828,-2.7197090291927117,-80.10214746988952,0.5555328,9.818025,3.3840587,8.052273,-6.62789,-10.840476,10.08819,-8.372297,-31.808954,6.757158,-11.252196,6.4786153,4.787764,6.0747237,10.611243,8.453088,20.990612,-37.25785,56.53712,13.221722,-4.856723,14.151966,-11.959266,-37.183285,12.948351,75.839584,5.552222,-10.037492,-6.981376
218,-1.8279340267181396,5.668504238128662,78.00572967529297,-0.1502269138866896,-2.704314293566693,-80.10235786289684,0.5424131,9.772536,3.3993518,8.053212,-6.64381,-10.791155,10.072389,-8.421806,-31.811525,6.7581773,-11.229874,6.4953494,4.8187203,6.050139,10.663367,8.250073,21.025793,-37.266373,56.611275,13.204841,-4.865151,14.166442,-12.002912,-37.187077,12.974547,75.8083,5.6444626,-10.056597,-6.9185276
219,-1.7937209606170654,5.670596122741699,78.00548553466797,-0.1401440051208148,-2.6907566716702984,-80.10586078173135,0.53444093,9.730784,3.4176352,8.052438,-6.6604524,-10.745904,10.057239,-8.469382,-31.812086,6.764793,-11.212924,6.5134363,4.8543153,6.0264683,10.7160015,8.099867,21.102615,-37.2748,56.62469,13.171533,-4.8660893,14.175156,-12.060393,-37.190475,13.010767,75.791756,5.7601542,-10.0718,-6.8502326
220,-1.7598623037338257,5.668693542480469,78.00161743164062,-0.12948187107662784,-2.6812441539425556,-80.1145553985128,0.5370905,9.690895,3.4391088,8.045949,-6.670706,-10.714883,10.049051,-8.513409,-31.807266,6.7655816,-11.192985,6.536523,4.8967113,5.994945,10.778017,7.9915814,21.218178,-37.26167,56.5957,13.128254,-4.8701963,14.179642,-12.120177,-37.182095,13.028286,75.76997,5.881188,-10.069069,-6.7822328
221,-1.7308095693588257,5.668478965759277,77.99694061279297,-0.11763166663680143,-2.6812888554383765,-80.13002471160168,0.56157243,9.653578,3.46527,8.024239,-6.667662,-10.709844,10.050888,-8.5545635,-31.795847,6.7686453,-11.174096,6.569778,4.9378796,5.9723353,10.836241,7.8870263,21.29697,-37.238266,56.61378,13.06694,-4.886326,14.195422,-12.165399,-37.164238,13.003148,75.7392,5.9943757,-10.046354,-6.715163
222,-1.7023628950119019,5.666072845458984,77.99408721923828,-0.106374204243721,-2.6875221791344335,-80.15063701875535,0.6007032,9.618885,3.4952376,7.993534,-6.657097,-10.722482,10.061622,-8.592105,-31.780449,6.7691455,-11.154673,6.609747,4.993181,5.9379754,10.904857,7.818513,21.415987,-37.204674,56.59578,12.990609,-4.905769,14.211737,-12.228609,-37.11983,12.965676,75.72548,6.1328297,-10.010891,-6.6519127
223,-1.6739097833633423,5.662876129150391,77.99671173095703,-0.09468366916843865,-2.6914124724683535,-80.17444146435551,0.6380938,9.58666,3.5268557,7.9648166,-6.647815,-10.732415,10.068555,-8.627855,-31.760386,6.7704597,-11.136885,6.647324,5.047882,5.9000087,10.961486,7.7682757,21.530016,-37.158287,56.586807,12.918177,-4.9176726,14.224998,-12.281511,-37.06314,12.917728,75.70918,6.237838,-9.96456,-6.597208
224,-1.6437703371047974,5.656574249267578,78.00212097167969,-0.08502726020929496,-2.6839179881474036,-80.19959771326295,0.6549626,9.556367,3.557659,7.952505,-6.6496263,-10.719236,10.060136,-8.663164,-31.73545,6.773465,-11.121979,6.6733527,5.111276,5.8664355,10.999772,7.7122955,21.615438,-37.108807,56.605705,12.870332,-4.910267,14.229416,-12.334711,-37.014572,12.893997,75.70248,6.3027887,-9.907648,-6.552618
225,-1.6139583587646484,5.649137020111084,78.00867462158203,-0.07442179336335068,-2.6564910905403467,-80.22641756910039,0.6374079,9.528392,3.5865273,7.965362,-6.667934,-10.666048,10.025799,-8.697569,-31.702782,6.7774634,-11.110692,6.6786356,5.1860747,5.824882,11.015028,7.6683264,21.704243,-37.044598,56.616997,12.862138,-4.862934,14.206806,-12.3990755,-36.964252,12.913991,75.714035,6.3022933,-9.833402,-6.5287204
226,-1.5868256092071533,5.639101028442383,78.01655578613281,-0.06473267708247134,-2.615884560888973,-80.2559093707835,0.596829,9.502868,3.6148245,7.9961762,-6.6972814,-10.587474,9.970656,-8.732904,-31.662685,6.78873,-11.104674,6.670474,5.268524,5.785837,11.010802,7.6314845,21.777725,-36.968845,56.638744,12.8818445,-4.788848,14.166832,-12.4573345,-36.922062,12.952727,75.72651,6.2502933,-9.742646,-6.5158815
227,-1.5631804466247559,5.625711917877197,78.02188873291016,-0.05581767792462194,-2.5765197495175127,-80.28571553099894,0.55896133,9.479015,3.644102,8.025907,-6.727844,-10.510942,9.921099,-8.76421,-31.62303,6.7914453,-11.095937,6.663705,5.3443446,5.7340274,11.009331,7.6352844,21.881918,-36.874912,56.623352,12.895254,-4.720149,14.130786,-12.546995,-36.85806,13.016254,75.765785,6.2052803,-9.653468,-6.506827
228,-1.541304349899292,5.612106800079346,78.02381896972656,-0.04867530116577437,-2.552919945663112,-80.31438062914138,0.547881,9.457529,3.6758838,8.038209,-6.750659,-10.463919,9.891607,-8.792899,-31.589207,6.796373,-11.089137,6.6735063,5.4242115,5.7054014,11.013651,7.622532,21.935703,-36.809082,56.661438,12.876386,-4.6939116,14.134893,-12.582932,-36.818264,13.013084,75.76483,6.183906,-9.578582,-6.4779487
229,-1.5219457149505615,5.605817794799805,78.01982116699219,-0.04245459232509869,-2.555922263480967,-80.34305376118408,0.5846236,9.439477,3.7145863,8.0165,-6.7590275,-10.466507,9.899739,-8.8154,-31.564304,6.7952,-11.080482,6.7117186,5.4991884,5.6607614,11.048877,7.651361,22.032312,-36.74503,56.664436,12.790228,-4.7343388,14.198052,-12.644899,-36.73356,12.978905,75.788216,6.243688,-9.532817,-6.4375744
230,-1.5056369304656982,5.600396633148193,78.01416778564453,-0.039263368256112346,-2.5753456785449633,-80.37229592158546,0.6494171,9.424727,3.757872,7.9779644,-6.7614217,-10.499683,9.928963,-8.834514,-31.543865,6.7952404,-11.073606,6.7677555,5.5805516,5.6247187,11.09548,7.68376,22.11447,-36.699844,56.687817,12.662378,-4.8197913,14.30476,-12.6914,-36.64864,12.904125,75.8049,6.3458805,-9.502147,-6.3830714
231,-1.485788106918335,5.59440279006958,78.00890350341797,-0.03462752382935252,-2.594663770261333,-80.39836786604354,0.71267384,9.40931,3.7976754,7.9390435,-6.7617607,-10.532915,9.960107,-8.852588,-31.526325,6.7922688,-11.066239,6.822607,5.662341,5.582298,11.138326,7.7247753,22.198895,-36.660942,56.712257,12.539458,-4.9037066,14.406471,-12.720732,-36.55302,12.814754,75.812294,6.430031,-9.473664,-6.332413
232,-1.464766025543213,5.583197593688965,78.00845336914062,-0.028160423653038558,-2.596588251199202,-80.4177606968621,0.74289066,9.390273,3.8255994,7.9199276,-6.7659273,-10.535501,9.968565,-8.87431,-31.509115,6.792083,-11.060268,6.857462,5.74414,5.5360255,11.1640005,7.760054,22.275827,-36.62742,56.74007,12.468499,-4.940706,14.4573345,-12.7552185,-36.46605,12.769727,75.826584,6.469979,-9.431818,-6.2946763
233,-1.4442288875579834,5.572360515594482,78.01210021972656,-0.016699481504675342,-2.5702621842733726,-80.42771153669898,0.71909255,9.365509,3.835442,7.9341803,-6.776924,-10.487704,9.940647,-8.901008,-31.490818,6.795778,-11.056894,6.8598433,5.8298516,5.485468,11.165639,7.776568,22.34222,-36.604088,56.77545,12.475499,-4.903023,14.430943,-12.818515,-36.398315,12.815341,75.868546,6.4615893,-9.368301,-6.2750344
234,-1.4279733896255493,5.564502239227295,78.0199203491211,-0.0046188050616288705,-2.5268339892904317,-80.43081420104319,0.6617104,9.3369875,3.8330026,7.9696536,-6.7919292,-10.409591,9.890974,-8.930919,-31.472769,6.8013196,-11.054586,6.842391,5.9064884,5.4447165,11.144655,7.788267,22.379017,-36.58356,56.827827,12.534042,-4.821452,14.35606,-12.828088,-36.360073,12.85059,75.862144,6.367868,-9.290899,-6.2594075
235,-1.4129385948181152,5.552063941955566,78.03043365478516,0.00831377678612102,-2.4829057775290426,-80.43111824529723,0.6016512,9.308738,3.8276792,8.006466,-6.807203,-10.33066,9.840569,-8.960449,-31.457504,6.8075185,-11.053232,6.8234935,5.9943523,5.389257,11.131884,7.8056126,22.438383,-36.568592,56.860016,12.604094,-4.7334685,14.270959,-12.926276,-36.301834,12.983027,75.93751,6.343095,-9.214235,-6.2537355
236,-1.3966721296310425,5.542383193969727,78.03618621826172,0.018448549234556504,-2.4556125514140144,-80.43275425053625,0.57207566,9.284073,3.8290896,8.022005,-6.8177214,-10.28004,9.813144,-8.985796,-31.44792,6.811148,-11.052683,6.8216314,6.051432,5.32944,11.123476,7.874266,22.512424,-36.531376,56.863144,12.640717,-4.6805644,14.210408,-12.989174,-36.21935,13.055072,75.97626,6.292454,-9.149202,-6.2453246
237,-1.381832480430603,5.53264045715332,78.03575134277344,0.022702225006173974,-2.4537235848357146,-80.43987243045996,0.58712524,9.26702,3.8433442,8.01177,-6.8257346,-10.27245,9.818628,-9.004188,-31.443499,6.811533,-11.052444,6.8462343,6.1164107,5.293952,11.134408,7.940671,22.555693,-36.512447,56.885944,12.638502,-4.682714,14.197952,-12.982326,-36.15966,13.030365,75.94869,6.2689652,-9.096302,-6.217535
238,-1.3683000802993774,5.528002738952637,78.0307388305664,0.024312841530082566,-2.4667520515386427,-80.44924696689102,0.62675387,9.254536,3.8639526,7.988459,-6.833141,-10.289841,9.844138,-9.017801,-31.443388,6.808927,-11.052494,6.8859763,6.20221,5.279567,11.168084,7.9836597,22.572275,-36.520515,56.928497,12.618745,-4.7159195,14.211565,-12.996293,-36.132908,13.027406,75.93371,6.338187,-9.048846,-6.1751237
239,-1.354690670967102,5.520937442779541,78.02296447753906,0.02701285255404599,-2.482493584020291,-80.45423077747019,0.6711682,9.24078,3.8815796,7.9588246,-6.8371825,-10.312789,9.87435,-9.032099,-31.448587,6.8065333,-11.053019,6.928101,6.284681,5.225327,11.192824,8.054011,22.633795,-36.529488,56.95037,12.5813,-4.7519684,14.226742,-13.02663,-36.02909,13.0183935,75.95499,6.379602,-9.0098715,-6.158978
240,-1.3414976596832275,5.517943859100342,78.01657104492188,0.03270679679547047,-2.489027859084224,-80.44874031424393,0.69734704,9.220159,3.886672,7.936792,-6.8386683,-10.321093,9.894561,-9.051817,-31.459454,6.8062944,-11.053067,6.960466,6.3558426,5.1997433,11.213759,8.112584,22.653505,-36.53973,56.98111,12.551073,-4.774498,14.218496,-13.02424,-35.99252,13.014654,75.934326,6.389727,-8.960759,-6.1283593
241,-1.3272418975830078,5.512295722961426,78.0141372680664,0.04304532744299838,-2.4804569172125523,-80.4293863164204,0.6955392,9.189278,3.8744378,7.925582,-6.835071,-10.308784,9.899429,-9.078737,-31.477573,6.804889,-11.04917,6.978386,6.4213533,5.139947,11.21188,8.179791,22.69731,-36.55081,57.004196,12.511504,-4.7717266,14.176316,-13.01157,-35.908916,13.00892,75.92566,6.31248,-8.908668,-6.1266723
242,-1.3116717338562012,5.503691673278809,78.01728057861328,0.05795413176168252,-2.464144509166652,-80.40021257256295,0.6786885,9.152256,3.8507884,7.9196763,-6.8280773,-10.286552,9.894969,-9.111146,-31.50155,6.807715,-11.045224,6.989028,6.502084,5.0816665,11.215432,8.223733,22.734926,-36.58027,57.02899,12.465692,-4.7586346,14.115042,-13.066396,-35.847775,13.105671,75.97792,6.296608,-8.851723,-6.128665
243,-1.2954820394515991,5.495542526245117,78.02351379394531,0.07414134658535101,-2.44749686820681,-80.3655388831301,0.657962,9.112995,3.8215077,7.9166765,-6.821885,-10.260352,9.892337,-9.144398,-31.53046,6.8086276,-11.041402,6.997101,6.5671797,5.0312552,11.214111,8.277744,22.760319,-36.60611,57.050545,12.429785,-4.7408223,14.050587,-13.094232,-35.802906,13.182751,76.0035,6.24749,-8.793195,-6.124637
244,-1.2797613143920898,5.486977577209473,78.02979278564453,0.08755619842985098,-2.4371902683616513,-80.32954284014772,0.64411503,9.0765085,3.7920718,7.91459,-6.8213725,-10.23638,9.897816,-9.176139,-31.562693,6.811535,-11.042444,7.007317,6.6126747,4.98891,11.207525,8.356359,22.777512,-36.621304,57.063137,12.425989,-4.7226105,14.001373,-13.080944,-35.761055,13.204079,75.99304,6.158892,-8.737404,-6.11038
245,-1.2642738819122314,5.479365348815918,78.03268432617188,0.09792013682811196,-2.435164566175412,-80.29388948044623,0.639977,9.043771,3.7650998,7.91391,-6.83037,-10.212894,9.916166,-9.203986,-31.597898,6.811089,-11.048414,7.0190315,6.637659,4.9344974,11.188512,8.464109,22.801384,-36.627926,57.07425,12.469687,-4.6987567,13.976468,-13.010861,-35.68058,13.126573,75.94506,5.984852,-8.687899,-6.097448
246,-1.2510310411453247,5.4722490310668945,78.03253173828125,0.10803793630394334,-2.4376922662774216,-80.25623155435638,0.64021397,9.012931,3.737316,7.9143677,-6.8449945,-10.187782,9.94041,-9.230972,-31.636534,6.8119144,-11.05875,7.0305386,6.6856093,4.8954434,11.18629,8.547067,22.813042,-36.6603,57.08909,12.551659,-4.670127,13.966476,-12.997852,-35.63776,13.126243,75.94515,5.915384,-8.637183,-6.069168
247,-1.2389452457427979,5.463776111602783,78.02835083007812,0.11699912413838146,-2.4431440216380924,-80.21449836825565,0.6431186,8.98161,3.705529,7.9132066,-6.8585653,-10.166276,9.970742,-9.256914,-31.679905,6.810239,-11.068462,7.044294,6.765293,4.8499713,11.197965,8.592712,22.827778,-36.72434,57.118443,12.633763,-4.644582,13.966721,-13.079514,-35.592056,13.239556,76.0409,5.980345,-8.590693,-6.0455685
248,-1.2264314889907837,5.453406810760498,78.02279663085938,0.12688587248807118,-2.450644613871851,-80.1667509418061,0.64802504,8.948787,3.6662989,7.908305,-6.8652573,-10.15373,10.005003,-9.282645,-31.728888,6.8095684,-11.076163,7.0628104,6.8122563,4.8043656,11.200174,8.671026,22.839634,-36.75802,57.131744,12.687381,-4.6323333,13.962335,-13.139079,-35.53544,13.330648,76.115135,6.014936,-8.548108,-6.0248237
249,-1.2165818214416504,5.448309898376465,78.01576232910156,0.13633124488439693,-2.4631108113571907,-80.1103882434212,0.66139203,8.913448,3.6176867,7.8921857,-6.8589916,-10.158664,10.049134,-9.307718,-31.786377,6.8064322,-11.0776,7.091074,6.851463,4.7614775,11.205687,8.755258,22.844616,-36.777313,57.140625,12.706501,-4.6444936,13.958024,-13.134918,-35.48093,13.350969,76.12965,6.0357466,-8.51021,-6.0027413
250,-1.20485258102417,5.441922664642334,78.01161193847656,0.14404941460598555,-2.476701450640714,-80.05151354802905,0.6744037,8.879908,3.565087,7.8771024,-6.8490915,-10.176437,10.093563,-9.331411,-31.845875,6.80766,-11.077671,7.125137,6.892284,4.741112,11.239866,8.817735,22.843985,-36.78436,57.13591,12.703256,-4.6774983,13.946343,-13.120665,-35.476593,13.349832,76.109436,6.089039,-8.478568,-5.962893
251,-1.1929931640625,5.4366278648376465,78.0107650756836,0.15467154127245697,-2.49497895407745,-79.98170883665107,0.6958798,8.839552,3.5017898,7.8488636,-6.830707,-10.190081,10.150065,-9.357401,-31.916998,6.801737,-11.076283,7.159428,6.9477015,4.6872287,11.228841,8.894423,22.838743,-36.83568,57.16278,12.68802,-4.699481,13.951084,-13.058995,-35.400925,13.339329,76.10255,6.126481,-8.44077,-5.954563
252,-1.1814485788345337,5.431217193603516,78.01283264160156,0.1652265201984953,-2.5008781127433948,-79.91765505847926,0.69434565,8.801837,3.4413817,7.8395705,-6.822028,-10.185752,10.186691,-9.383324,-31.980558,6.799774,-11.078533,7.1814723,6.9999843,4.64284,11.230351,8.95634,22.83362,-36.861107,57.17126,12.683873,-4.7033243,13.929342,-13.0258,-35.356308,13.35054,76.10225,6.1276913,-8.402518,-5.945646
253,-1.170057773590088,5.423159122467041,78.01697540283203,0.17914933703446936,-2.4900113929711596,-79.85726250909403,0.6636264,8.7624445,3.3804927,7.8503733,-6.8237567,-10.148273,10.200136,-9.412147,-32.038525,6.7989535,-11.085607,7.1841917,7.0604253,4.59203,11.216019,9.012016,22.826283,-36.88159,57.17465,12.697483,-4.6677194,13.8794565,-13.000279,-35.314552,13.389628,76.120636,6.0610785,-8.359692,-5.953139
254,-1.1600978374481201,5.41446590423584,78.02184295654297,0.19550647766263324,-2.46821394100922,-79.79775763541832,0.6129345,8.721415,3.3175895,7.874611,-6.8313394,-10.08943,10.196822,-9.443952,-32.093655,6.8023314,-11.0971575,7.174293,7.1203547,4.5356617,11.1895485,9.065202,22.815407,-36.894997,57.17555,12.716925,-4.6073112,13.810316,-12.992461,-35.270824,13.459208,76.16403,5.952245,-8.315376,-5.973622
255,-1.1501322984695435,5.404714107513428,78.02507019042969,0.21037330100094465,-2.448317149598394,-79.73695567297031,0.5644296,8.681325,3.2539804,7.8976417,-6.838834,-10.033197,10.197083,-9.474155,-32.150475,6.803773,-11.108601,7.1654,7.1695833,4.4796658,11.161611,9.123255,22.798294,-36.89817,57.176025,12.736444,-4.5515285,13.741991,-13.004751,-35.22044,13.547279,76.225365,5.850526,-8.269623,-5.9957023
256,-1.144740104675293,5.3986663818359375,78.02290344238281,0.22214521961817324,-2.4437450013430335,-79.67241936775856,0.5403833,8.645256,3.1908545,7.9044375,-6.839933,-10.00368,10.218607,-9.499042,-32.213318,6.803267,-11.118796,7.1710854,7.219167,4.4373937,11.152527,9.181421,22.7833,-36.90554,57.165874,12.746939,-4.5312166,13.691598,-12.992701,-35.18473,13.592281,76.253395,5.7979937,-8.222036,-5.9980145
257,-1.1407798528671265,5.393953800201416,78.01544952392578,0.22809193753939414,-2.4659184230001885,-79.60238117480088,0.55769956,8.61588,3.1289184,7.8870173,-6.8329926,-10.018774,10.277239,-9.516038,-32.285675,6.7982855,-11.125686,7.2021155,7.259906,4.4069448,11.164459,9.241774,22.762577,-36.91276,57.1631,12.735664,-4.571212,13.666136,-12.97701,-35.14039,13.595032,76.27246,5.8283887,-8.177778,-5.98117
258,-1.1391327381134033,5.393290996551514,78.005615234375,0.22987694165852757,-2.50467888083071,-79.5287201962206,0.5995875,8.59121,3.0674968,7.8562274,-6.8220696,-10.061795,10.356699,-9.529021,-32.363834,6.7959847,-11.133757,7.248953,7.2941422,4.391098,11.194829,9.31385,22.74607,-36.91878,57.13793,12.706674,-4.6467557,13.652633,-12.955177,-35.106422,13.570067,76.27492,5.91548,-8.133528,-5.9456778
259,-1.1298366785049438,5.394524574279785,78.0003890991211,0.23124874567436907,-2.5425877966620747,-79.45345290029606,0.64237237,8.566393,3.0049357,7.820107,-6.8070035,-10.104931,10.439698,-9.538375,-32.444023,6.7836366,-11.13701,7.294429,7.3422184,4.366101,11.220375,9.351453,22.721413,-36.943195,57.153893,12.687196,-4.7265563,13.654661,-12.911348,-35.05742,13.517028,76.26835,5.9846697,-8.08663,-5.9168043
260,-1.124187707901001,5.392195224761963,77.99740600585938,0.236742737356837,-2.5608059276831683,-79.37965108010046,0.65228945,8.538564,2.9393394,7.8033547,-6.79587,-10.12056,10.492861,-9.552623,-32.51904,6.7796717,-11.144023,7.3217573,7.387253,4.343147,11.235356,9.39881,22.708063,-36.968998,57.132442,12.695313,-4.7618504,13.664282,-12.875929,-35.03162,13.501355,76.25811,6.005991,-8.028256,-5.887853
261,-1.116183876991272,5.385728359222412,78.00321197509766,0.24574310404002395,-2.5474616183942853,-79.3063480428414,0.61213297,8.503907,2.867363,7.812911,-6.788564,-10.09059,10.504296,-9.57258,-32.588253,6.777805,-11.151795,7.319705,7.445209,4.291741,11.205309,9.397654,22.671541,-37.034477,57.175644,12.747557,-4.7276797,13.705003,-12.862107,-34.96285,13.533329,76.2981,5.9182987,-7.9576607,-5.8949456
262,-1.109670877456665,5.3788933753967285,78.0096206665039,0.25812641604275116,-2.5151069296824646,-79.23285256125125,0.5401716,8.465564,2.7908714,7.840396,-6.78384,-10.033334,10.489392,-9.596079,-32.654064,6.7801228,-11.161687,7.2997146,7.498269,4.246552,11.182101,9.419545,22.662258,-37.079727,57.14697,12.845468,-4.6522846,13.751388,-12.827142,-34.945724,13.580558,76.28493,5.781834,-7.869309,-5.8890986
263,-1.1043827533721924,5.372896194458008,78.01753997802734,0.2709513864212906,-2.4808451265017215,-79.16125243018233,0.4669784,8.427837,2.716533,7.8662515,-6.778136,-9.9756,10.470572,-9.619375,-32.717968,6.7831416,-11.171828,7.278081,7.551173,4.201737,11.139497,9.4324,22.644255,-37.149296,57.140724,12.925461,-4.5747375,13.802822,-12.823782,-34.91298,13.659873,76.319885,5.651554,-7.7850013,-5.8897247
264,-1.1008272171020508,5.371645450592041,78.02018737792969,0.27958735332917156,-2.462713811649237,-79.0939786884446,0.42152533,8.395819,2.650428,7.8750896,-6.7700377,-9.94415,10.471837,-9.637471,-32.781807,6.7827287,-11.179977,7.271156,7.594173,4.1586533,11.105768,9.442157,22.60776,-37.194874,57.160606,12.981866,-4.53715,13.842149,-12.849475,-34.851936,13.727306,76.38518,5.565734,-7.7178206,-5.8926063
265,-1.0995216369628906,5.371382713317871,78.01600646972656,0.284371110148615,-2.4701880339659623,-79.03393078316873,0.41876507,8.372622,2.5975401,7.861415,-6.761082,-9.953752,10.503997,-9.648628,-32.84487,6.779884,-11.1873665,7.2875867,7.637733,4.1436152,11.119526,9.482305,22.597448,-37.207504,57.111137,12.994562,-4.5632625,13.849169,-12.8408985,-34.834824,13.717041,76.38327,5.562169,-7.665032,-5.8617525
266,-1.0987098217010498,5.373616695404053,78.00837707519531,0.28453384061161363,-2.491872504869363,-78.97908283768767,0.44238782,8.354639,2.553553,7.830061,-6.749151,-9.987579,10.555227,-9.654365,-32.907307,6.7706337,-11.191763,7.3171053,7.697936,4.1251726,11.13917,9.492556,22.568401,-37.227535,57.109253,12.983438,-4.6265635,13.85159,-12.823555,-34.784325,13.648192,76.39053,5.5825853,-7.627524,-5.8381395
267,-1.097590446472168,5.3788299560546875,78.00028228759766,0.2844033069025168,-2.5150788226844742,-78.92458487615683,0.46805182,8.33834,2.5104234,7.797426,-6.7367525,-10.025053,10.60589,-9.659961,-32.968903,6.766322,-11.198268,7.348227,7.760293,4.1052065,11.158489,9.487883,22.532408,-37.24914,57.123127,12.964137,-4.6917953,13.848923,-12.80573,-34.722622,13.578804,76.4017,5.6082745,-7.596261,-5.820413
268,-1.0951883792877197,5.380370140075684,77.99334716796875,0.286310157659857,-2.5267266391134444,-78.86545911454341,0.4732935,8.319277,2.4602542,7.776322,-6.7242665,-10.045558,10.643268,-9.666899,-33.030823,6.7611284,-11.202907,7.369491,7.8168616,4.086149,11.169599,9.488104,22.50657,-37.26953,57.115005,12.956367,-4.723521,13.840373,-12.78602,-34.67985,13.559718,76.40763,5.621325,-7.562415,-5.805965
269,-1.0907456874847412,5.379337787628174,77.99209594726562,0.2915634352552169,-2.5217313876644476,-78.79736994626697,0.4487164,8.295203,2.3982208,7.771025,-6.7102485,-10.041025,10.661833,-9.677195,-33.094574,6.756775,-11.206087,7.377117,7.8726735,4.067558,11.181498,9.486924,22.50127,-37.285847,57.066086,12.975845,-4.701837,13.818017,-12.737781,-34.671047,13.578876,76.374306,5.597324,-7.5220795,-5.7945905
270,-1.086543083190918,5.377283096313477,77.99481964111328,0.2962679409806814,-2.5069012604794843,-78.72385666014354,0.40683463,8.268982,2.329322,7.775229,-6.6956615,-10.023428,10.668388,-9.6890545,-33.15922,6.7553515,-11.209386,7.3773193,7.9284773,4.0409446,11.157884,9.466482,22.482447,-37.33542,57.05601,12.988407,-4.6470895,13.795485,-12.697186,-34.640125,13.666448,76.378296,5.5650764,-7.4832993,-5.8070073
271,-1.0840435028076172,5.37593936920166,78.00152587890625,0.30168712765046607,-2.4893859242429914,-78.65203153214952,0.3598377,8.2433815,2.260686,7.7832913,-6.6819143,-10.00178,10.670816,-9.700603,-33.222134,6.753592,-11.212305,7.374053,7.983506,4.0157137,11.146079,9.442965,22.470041,-37.36962,57.03246,13.00531,-4.5920773,13.771394,-12.65754,-34.62062,13.750128,76.37094,5.5302987,-7.4477983,-5.8125615
272,-1.0829248428344727,5.3770551681518555,78.00666809082031,0.30516767043399917,-2.475581150703872,-78.58921976990658,0.32143646,8.221745,2.1996913,7.786135,-6.6695404,-9.985212,10.673981,-9.709918,-33.280327,6.753664,-11.217091,7.371016,8.020745,3.9913793,11.121535,9.432662,22.440899,-37.391945,57.032574,13.0023575,-4.56305,13.764865,-12.68215,-34.57751,13.881346,76.42879,5.5351396,-7.419259,-5.817291
273,-1.0836660861968994,5.380164623260498,78.0103988647461,0.3080023515115322,-2.4662904607134326,-78.53923033483002,0.29128063,8.20532,2.149197,7.7881193,-6.663608,-9.973311,10.679561,-9.715642,-33.3325,6.7484145,-11.219523,7.366935,8.073229,3.971385,11.116964,9.422148,22.41916,-37.400402,57.022926,12.987615,-4.5724044,13.775106,-12.684382,-34.545925,13.956466,76.45024,5.569357,-7.3972654,-5.803438
274,-1.08659827709198,5.383549213409424,78.01008605957031,0.3087999119705989,-2.4580408942081755,-78.49759531543938,0.26455572,8.193047,2.1051283,7.788508,-6.660236,-9.962365,10.681038,-9.720536,-33.37971,6.7496457,-11.226202,7.3604574,8.13389,3.9555902,11.11904,9.407388,22.402208,-37.411022,57.012768,12.95405,-4.603263,13.7974415,-12.681514,-34.520504,14.013772,76.460915,5.627185,-7.380552,-5.779248
275,-1.0864696502685547,5.3845343589782715,78.00675964355469,0.3088784831757872,-2.4521052130501455,-78.45866840575721,0.24177107,8.18217,2.0633147,7.7873783,-6.655901,-9.955842,10.686538,-9.722767,-33.42537,6.7449117,-11.229455,7.3557324,8.187259,3.9365823,11.116696,9.390996,22.372602,-37.412827,57.02254,12.918979,-4.6427493,13.824755,-12.707067,-34.47514,14.085149,76.50346,5.6911035,-7.366305,-5.758669
276,-1.0903959274291992,5.388981342315674,78.00050354003906,0.3096458097105426,-2.4498139082400843,-78.41665886983857,0.22315155,8.171346,2.01948,7.7838316,-6.6460032,-9.957603,10.695846,-9.72484,-33.47111,6.7424273,-11.2327385,7.356915,8.240463,3.9194133,11.121696,9.366757,22.34698,-37.419876,57.02926,12.882107,-4.678549,13.841762,-12.724801,-34.43168,14.1374445,76.53582,5.7391376,-7.346489,-5.7372384
277,-1.0943900346755981,5.394842147827148,77.99391174316406,0.3095968205214359,-2.4555369626599304,-78.36980793696307,0.21687764,8.159811,1.9728057,7.771208,-6.624697,-9.975097,10.717395,-9.725404,-33.518013,6.7377295,-11.233173,7.3703747,8.294384,3.9086545,11.141741,9.341843,22.333033,-37.432953,57.01476,12.845289,-4.7133527,13.841319,-12.724699,-34.402836,14.160916,76.546104,5.7785153,-7.3225627,-5.7084007
278,-1.098547101020813,5.4006876945495605,77.98999786376953,0.3121770113131514,-2.467564666772181,-78.32123195883635,0.21867888,8.14836,1.9252341,7.7546906,-6.5974813,-10.00423,10.74613,-9.725551,-33.56457,6.7335076,-11.23241,7.3921885,8.346617,3.8972728,11.165851,9.309822,22.318157,-37.450085,57.008095,12.80535,-4.7525063,13.834101,-12.731995,-34.36437,14.174164,76.56818,5.8136353,-7.29917,-5.679855
279,-1.1040012836456299,5.408529281616211,77.98945617675781,0.3119321886944843,-2.4766379042943742,-78.27266993480927,0.21643038,8.138448,1.8776078,7.7392707,-6.5697603,-10.031279,10.771218,-9.7240715,-33.61025,6.72892,-11.231546,7.4108624,8.399034,3.8879228,11.192466,9.28125,22.308558,-37.46268,56.986664,12.766797,-4.7833996,13.823429,-12.731161,-34.33221,14.178839,76.57312,5.83346,-7.265586,-5.650898
280,-1.1068546772003174,5.413449764251709,77.9942398071289,0.31236474721378243,-2.4735976571730762,-78.22595471556713,0.1960097,8.130208,1.8305792,7.7327437,-6.5488596,-10.042216,10.779715,-9.721647,-33.65448,6.725981,-11.23332,7.4150434,8.455497,3.8709443,11.204514,9.242985,22.299358,-37.47554,56.980186,12.726839,-4.7980394,13.818041,-12.738052,-34.29251,14.1896715,76.58651,5.818887,-7.2184234,-5.6336317
281,-1.1118090152740479,5.416276454925537,78.0013656616211,0.3121498243050423,-2.449484445111575,-78.18075357034517,0.14279974,8.123388,1.7825907,7.742444,-6.5377283,-10.023472,10.760633,-9.718517,-33.697216,6.724307,-11.238019,7.3939476,8.517524,3.858495,11.207399,9.209157,22.297852,-37.479057,56.948013,12.687677,-4.783208,13.8119755,-12.729474,-34.283943,14.199819,76.565346,5.7514954,-7.140822,-5.6163116
282,-1.119023084640503,5.416509628295898,78.00874328613281,0.3101125374776074,-2.410293377554083,-78.13595485966971,0.064810954,8.118464,1.7329648,7.765765,-6.533727,-9.986056,10.720532,-9.714746,-33.739037,6.7268133,-11.246182,7.3559375,8.571206,3.8153028,11.176692,9.160222,22.287832,-37.478523,56.965584,12.641815,-4.745798,13.8134,-12.775061,-34.204666,14.261532,76.611946,5.6437035,-7.0463676,-5.633965
283,-1.126734733581543,5.418781757354736,78.0120849609375,0.30880109030338787,-2.3730999481597306,-78.09359466986344,-0.0075319046,8.115233,1.6867539,7.784226,-6.529394,-9.952087,10.68304,-9.709241,-33.77928,6.726989,-11.253638,7.319366,8.619173,3.7785282,11.154117,9.126751,22.283587,-37.463337,56.96091,12.60627,-4.708823,13.817238,-12.818724,-34.139816,14.314299,76.64376,5.5370092,-6.9539523,-5.645992
284,-1.1357375383377075,5.4216837882995605,78.01043701171875,0.3054303172779835,-2.3530351078571607,-78.05475745736075,-0.050995734,8.115525,1.6470904,7.7885795,-6.5214148,-9.944416,10.667964,-9.700626,-33.81784,6.7243204,-11.259486,7.302099,8.6580715,3.7440422,11.144085,9.105815,22.282585,-37.4426,56.956303,12.580577,-4.6936483,13.830378,-12.874929,-34.059093,14.356575,76.69018,5.471584,-6.889505,-5.6562696
285,-1.1455979347229004,5.4255452156066895,78.00211334228516,0.2998177743957372,-2.3630673674954945,-78.02052200857734,-0.0424699,8.120785,1.6185234,7.764236,-6.5059524,-9.981659,10.691452,-9.687439,-33.855236,6.7188826,-11.264415,7.3174076,8.69454,3.7272072,11.1642275,9.095022,22.28412,-37.42643,56.94367,12.5610895,-4.7152667,13.857785,-12.916815,-33.98651,14.352611,76.72279,5.4798293,-6.869699,-5.651521
286,-1.1534745693206787,5.431493759155273,77.99163818359375,0.2911601851669777,-2.3917025253731476,-77.9899102488763,-0.002162916,8.129972,1.5977372,7.7236323,-6.487217,-10.047523,10.740249,-9.669819,-33.891716,6.7074437,-11.266621,7.3528876,8.729917,3.7200086,11.202208,9.090971,22.286898,-37.411446,56.928318,12.548346,-4.7590466,13.896493,-12.951311,-33.914017,14.317075,76.74915,5.5315094,-6.8784623,-5.639792
287,-1.160543441772461,5.436967372894287,77.98391723632812,0.28319716036336656,-2.4189416949644422,-77.96157444395637,0.037646696,8.139785,1.5778426,7.6824327,-6.467335,-10.111975,10.785693,-9.652655,-33.92515,6.698724,-11.269502,7.388011,8.774436,3.7206955,11.242935,9.082655,22.289703,-37.40447,56.909115,12.547042,-4.803156,13.933163,-12.984958,-33.865158,14.299302,76.76809,5.6095967,-6.88452,-5.622536
288,-1.1681981086730957,5.443362236022949,77.98243713378906,0.27643562725384396,-2.4246792479802073,-77.9336391616979,0.041020166,8.147469,1.5510006,7.665325,-6.4534154,-10.145027,10.801991,-9.6386175,-33.954468,6.695276,-11.27361,7.402127,8.779803,3.704517,11.237558,9.1111555,22.290604,-37.363773,56.892303,12.560763,-4.825349,13.954315,-12.908081,-33.775467,14.104251,76.68833,5.4063373,-6.8599415,-5.620213
289,-1.1739691495895386,5.440388202667236,77.9875259399414,0.2748413779788643,-2.3944904955822217,-77.90324963828283,-0.014037576,8.148753,1.5102873,7.680088,-6.443563,-10.124604,10.773929,-9.62932,-33.97997,6.6930113,-11.2761965,7.382766,8.854073,3.6672,11.22005,9.064243,22.300907,-37.38416,56.90828,12.60548,-4.809926,13.959696,-12.941839,-33.712875,14.153799,76.71188,5.3537292,-6.7870264,-5.63527
290,-1.1826263666152954,5.437410831451416,77.99691772460938,0.2747085284485166,-2.3421836019509144,-77.87221859695592,-0.105417415,8.146897,1.4610457,7.716354,-6.4370637,-10.071463,10.716236,-9.623836,-34.001957,6.6969647,-11.280165,7.3432446,8.901829,3.6135366,11.170525,9.044178,22.319946,-37.38193,56.915215,12.673413,-4.772478,13.949792,-13.004353,-33.62968,14.248185,76.75736,5.222262,-6.685205,-5.6632366
291,-1.1926242113113403,5.434573650360107,78.006103515625,0.2739569353057684,-2.28902551676698,-77.84566036999192,-0.19644395,8.147287,1.4159402,7.753283,-6.432302,-10.01955,10.657504,-9.616084,-34.020264,6.6978188,-11.282713,7.301576,8.972119,3.5582232,11.130711,9.009134,22.346682,-37.38821,56.919746,12.736391,-4.7339187,13.941048,-13.14277,-33.561268,14.477242,76.86585,5.23188,-6.581802,-5.6929984
292,-1.2015843391418457,5.429948329925537,78.00857543945312,0.2679794523649371,-2.256673262630549,-77.82884395071049,-0.24909447,8.156296,1.387398,7.7695556,-6.4278336,-10.002751,10.623244,-9.601874,-34.03421,6.697073,-11.286824,7.275839,8.988204,3.5356023,11.088577,9.043944,22.358395,-37.338844,56.887833,12.759056,-4.7177877,13.937363,-13.117528,-33.502472,14.415511,76.80804,5.022464,-6.498217,-5.7012715
293,-1.2115848064422607,5.429432392120361,78.00447082519531,0.25594345491728476,-2.2563688381081315,-77.82564112118474,-0.2418924,8.178326,1.38329,7.748813,-6.4205756,-10.0423,10.626395,-9.577883,-34.04333,6.6944385,-11.294176,7.2745857,9.046603,3.5107636,11.082757,9.050535,22.378462,-37.304787,56.87221,12.722965,-4.7317467,13.963832,-13.130636,-33.418713,14.37877,76.795135,5.0045824,-6.458159,-5.7177625
294,-1.2219396829605103,5.429149150848389,77.99796295166016,0.23913895584406333,-2.274522338196271,-77.83233783990734,-0.1981175,8.209252,1.3955218,7.705392,-6.412334,-10.115995,10.652442,-9.546266,-34.048317,6.686641,-11.301359,7.286979,9.122466,3.494166,11.098154,9.052921,22.402655,-37.2732,56.85192,12.646142,-4.76374,14.006661,-13.204283,-33.339485,14.4234495,76.83449,5.1532145,-6.4418864,-5.7334986
295,-1.232656478881836,5.43028450012207,77.9889907836914,0.22214263066257803,-2.2954983129637507,-77.84322735803596,-0.14813842,8.24208,1.4128685,7.6598134,-6.4045706,-10.193135,10.679343,-9.51494,-34.04921,6.6828055,-11.310435,7.3015513,9.189525,3.4809873,11.113308,9.06826,22.426773,-37.22879,56.824802,12.55946,-4.799029,14.046227,-13.275547,-33.263596,14.45975,76.86575,5.2853684,-6.428258,-5.745475
296,-1.2445149421691895,5.4314398765563965,77.98149871826172,0.20799568539509833,-2.303634830843185,-77.85226714899075,-0.123558715,8.269171,1.4236127,7.635562,-6.4004245,-10.243039,10.691959,-9.4877205,-34.047455,6.675752,-11.315351,7.30671,9.230528,3.4708662,11.106241,9.109688,22.442907,-37.164124,56.78883,12.49604,-4.822444,14.063326,-13.272271,-33.19616,14.391747,76.823326,5.2244434,-6.395182,-5.748027
297,-1.2536938190460205,5.428300380706787,77.98065185546875,0.20148443884419787,-2.2905615476142054,-77.85702513170598,-0.13644451,8.287161,1.4235204,7.6365666,-6.397021,-10.252427,10.676169,-9.470335,-34.042034,6.6755447,-11.319487,7.298235,9.302451,3.4358912,11.090426,9.108598,22.466175,-37.127785,56.780544,12.457419,-4.8268957,14.054986,-13.318679,-33.1261,14.441108,76.83443,5.171604,-6.3406215,-5.7608
298,-1.2604924440383911,5.421860694885254,77.98330688476562,0.1985137732694419,-2.266569802031563,-77.86081829468026,-0.16881783,8.300274,1.419024,7.6511374,-6.393712,-10.239463,10.645476,-9.458194,-34.03308,6.678074,-11.322632,7.2825794,9.337761,3.3859313,11.051556,9.151939,22.49927,-37.05068,56.751396,12.434373,-4.821574,14.024581,-13.362888,-33.026726,14.464055,76.84242,4.9756246,-6.274179,-5.778571
299,-1.2688589096069336,5.41629695892334,77.98776245117188,0.19696473920376847,-2.2418047436323065,-77.86684979653475,-0.20361471,8.313586,1.415553,7.670881,-6.393493,-10.220458,10.613552,-9.446027,-34.021503,6.68018,-11.325443,7.2647414,9.40757,3.341282,11.0236635,9.154724,22.528864,-37.011597,56.742203,12.4165,-4.812375,13.995727,-13.445549,-32.96003,14.59008,76.88396,4.900306,-6.2031307,-5.78747
300,-1.2779271602630615,5.4095234870910645,77.99285888671875,0.19072543640408465,-2.227162206421562,-77.8781018901386,-0.22281045,8.332288,1.4183314,7.6872263,-6.399682,-10.21188,10.594646,-9.428444,-34.007965,6.6785326,-11.329016,7.2495503,9.454977,3.3142588,10.995157,9.184671,22.54952,-36.957016,56.723125,12.411228,-4.805352,13.979457,-13.479168,-32.903847,14.61825,76.87253,4.768011,-6.1336756,-5.7777586
301,-1.287561297416687,5.401891708374023,77.99560546875,0.17922451169408024,-2.2253265636873962,-77.8982681897602,-0.22064279,8.359964,1.4309378,7.695591,-6.4138308,-10.218013,10.589428,-9.403579,-33.990692,6.6773605,-11.337014,7.2362366,9.49549,3.2841525,10.970638,9.232204,22.577435,-36.88917,56.702072,12.431851,-4.797504,13.988566,-13.504995,-32.819237,14.588654,76.85454,4.635761,-6.070191,-5.7599916
302,-1.2955199480056763,5.393947124481201,77.99502563476562,0.16484694903233182,-2.2303267043663064,-77.92462772956425,-0.20706587,8.393156,1.4498022,7.7010036,-6.4336863,-10.230212,10.591129,-9.374185,-33.969864,6.676379,-11.347698,7.222817,9.566063,3.238188,10.957186,9.2559395,22.625011,-36.84716,56.694725,12.465736,-4.7855406,14.016885,-13.61811,-32.712048,14.692976,76.92585,4.6763635,-6.0117188,-5.745622
303,-1.306599497795105,5.390171051025391,77.98994445800781,0.14964273555720595,-2.240688298315214,-77.9511973679498,-0.18703417,8.426048,1.4699138,7.7071037,-6.455401,-10.245428,10.599655,-9.345481,-33.949253,6.675964,-11.359084,7.212569,9.620595,3.2165635,10.943182,9.289766,22.65318,-36.802975,56.686092,12.49699,-4.778338,14.042735,-13.651064,-32.64146,14.679789,76.91366,4.628836,-5.9515095,-5.7125034
304,-1.3171253204345703,5.383960247039795,77.98258209228516,0.14044263521423853,-2.25437599220399,-77.97188963315068,-0.1616969,8.451985,1.4867558,7.7080483,-6.4698195,-10.260873,10.613872,-9.322994,-33.932617,6.6749134,-11.367685,7.208671,9.671565,3.1692517,10.928817,9.327123,22.702122,-36.756176,56.678646,12.510983,-4.7773113,14.056585,-13.700008,-32.527466,14.67282,76.93127,4.583625,-5.900526,-5.7015467
305,-1.32758629322052,5.378113269805908,77.97431182861328,0.13620058759559858,-2.2750464863044977,-77.98530085255656,-0.12900542,8.468848,1.5003026,7.708363,-6.4773006,-10.280261,10.639056,-9.308998,-33.920456,6.673749,-11.372839,7.2167664,9.734141,3.1343477,10.927833,9.336484,22.735346,-36.733242,56.689903,12.490617,-4.793886,14.051618,-13.740296,-32.45717,14.703829,76.940765,4.622441,-5.859105,-5.6930714
306,-1.334807276725769,5.373485565185547,77.96861267089844,0.13673681578876362,-2.3024355503790535,-77.99458376428959,-0.08741256,8.480019,1.5128237,7.705649,-6.4799275,-10.303613,10.675076,-9.299637,-33.911087,6.668716,-11.373657,7.2334886,9.777787,3.0935764,10.925794,9.362922,22.77207,-36.696922,56.698147,12.45172,-4.8218446,14.033708,-13.747386,-32.368797,14.665104,76.92503,4.603964,-5.826277,-5.6940155
307,-1.3422552347183228,5.369816780090332,77.9685287475586,0.13869740079282544,-2.3285027002862226,-78.00072972151101,-0.0496312,8.488649,1.5216999,7.7052617,-6.482496,-10.322406,10.708299,-9.293382,-33.904457,6.668707,-11.377369,7.2488914,9.840761,3.0494113,10.928992,9.358959,22.809967,-36.688866,56.722656,12.411563,-4.845156,14.0162945,-13.797665,-32.292828,14.725187,76.952354,4.6834145,-5.791436,-5.6950526
308,-1.349642276763916,5.36562967300415,77.97332000732422,0.13983615994532214,-2.3451661407855626,-78.00491822283904,-0.027552024,8.497232,1.5245969,7.7120996,-6.489353,-10.327979,10.731531,-9.285356,-33.901325,6.6668196,-11.382549,7.2528315,9.879483,3.0092123,10.917252,9.374678,22.843994,-36.66717,56.733643,12.399013,-4.8490653,14.002451,-13.822643,-32.21876,14.728659,76.94915,4.639037,-5.739829,-5.6804085
309,-1.356174111366272,5.358153343200684,77.98076629638672,0.1359121438557031,-2.3439310040849684,-78.00651130909365,-0.036224432,8.507292,1.5174971,7.7345457,-6.5044937,-10.309519,10.732065,-9.275239,-33.902668,6.6680737,-11.392598,7.2361836,9.913443,2.9565756,10.8868475,9.389167,22.889187,-36.653305,56.74107,12.428576,-4.8179674,13.997133,-13.87561,-32.132122,14.770903,76.97011,4.527824,-5.6615515,-5.6554213
310,-1.363016128540039,5.348701000213623,77.98710632324219,0.13286832356480238,-2.3317327762412634,-78.0054305276053,-0.06513855,8.516916,1.5029501,7.768227,-6.525183,-10.27426,10.719023,-9.264507,-33.90797,6.6710176,-11.405692,7.206524,9.934509,2.920989,10.843993,9.402447,22.915112,-36.64367,56.75,12.486744,-4.765888,13.993421,-13.888151,-32.07969,14.762687,76.94159,4.3054957,-5.561113,-5.6066895
311,-1.3684406280517578,5.339714050292969,77.98798370361328,0.13024411455201765,-2.321881428752807,-78.00265357416652,-0.09021832,8.525113,1.4874079,7.7987514,-6.5444875,-10.241513,10.710518,-9.254384,-33.915154,6.670746,-11.417198,7.178711,9.969903,2.8769236,10.807073,9.400347,22.947872,-36.64662,56.763626,12.54507,-4.713764,13.99505,-13.930878,-32.021004,14.810168,76.94886,4.1579247,-5.466494,-5.560427
312,-1.3752896785736084,5.332196235656738,77.9832763671875,0.1278657886250638,-2.3286594686779356,-77.99912061486042,-0.08886382,8.53111,1.477152,7.816452,-6.558458,-10.230406,10.723103,-9.246824,-33.921978,6.6710773,-11.428656,7.1674995,10.002203,2.838747,10.785808,9.408656,22.977901,-36.63511,56.765625,12.580297,-4.685879,13.998736,-13.971384,-31.96499,14.844633,76.95955,4.0809054,-5.3978124,-5.5160117
313,-1.3823755979537964,5.32859992980957,77.97569274902344,0.13025586923492835,-2.364360323536461,-77.99593748882181,-0.040234413,8.535064,1.4770713,7.808282,-6.5610833,-10.257566,10.773143,-9.241354,-33.927715,6.667761,-11.438033,7.1841044,10.022748,2.7944613,10.785288,9.44739,23.020252,-36.591404,56.74506,12.582098,-4.6964846,14.007027,-13.983666,-31.869732,14.780015,76.960556,4.0383234,-5.3748145,-5.482983
314,-1.3887134790420532,5.3288726806640625,77.96617889404297,0.1317124899783534,-2.4182783785090467,-77.99242776717698,0.03882348,8.537303,1.4828258,7.783,-6.5564427,-10.30883,10.84671,-9.238027,-33.933243,6.6638885,-11.447109,7.218276,10.0625515,2.7561314,10.807832,9.469462,23.05741,-36.556587,56.729347,12.563775,-4.730898,14.022491,-14.010968,-31.788593,14.75421,76.9841,4.1432023,-5.380754,-5.450131
315,-1.3934617042541504,5.326536655426025,77.95957946777344,0.13583148290153224,-2.471381902102367,-77.98667231365066,0.114444666,8.537218,1.4868112,7.761467,-6.5529056,-10.357599,10.920221,-9.236202,-33.940125,6.6577477,-11.453923,7.252583,10.095774,2.732265,10.829353,9.493088,23.077427,-36.51667,56.711185,12.540147,-4.767723,14.035286,-14.010001,-31.733778,14.693922,76.97699,4.2176375,-5.382876,-5.4103804
316,-1.393887996673584,5.3209333419799805,77.95896911621094,0.13896171785165468,-2.5042328113190053,-77.97668285955503,0.15598658,8.534705,1.4817138,7.756826,-6.554287,-10.377367,10.968149,-9.236266,-33.94952,6.6559067,-11.462415,7.2693377,10.126028,2.7126727,10.832163,9.505146,23.088242,-36.489677,56.698048,12.514748,-4.783737,14.040113,-14.004261,-31.69821,14.652341,76.95985,4.2225423,-5.3527937,-5.3703833
317,-1.396036982536316,5.316466808319092,77.96370697021484,0.14510262507064567,-2.5037618796603422,-77.95989325909568,0.14176431,8.527199,1.4618934,7.7800775,-6.56341,-10.348311,10.974759,-9.239954,-33.96231,6.656793,-11.470602,7.2576833,10.155406,2.6585345,10.805063,9.507686,23.114096,-36.457043,56.68866,12.50177,-4.7615175,14.030313,-14.024674,-31.626762,14.654785,76.970375,4.1138463,-5.2749696,-5.3518877
318,-1.399161458015442,5.309194087982178,77.9705810546875,0.15114026146892307,-2.4828019959224745,-77.9379184891518,0.09156271,8.51603,1.4322436,7.823346,-6.5780616,-10.2888155,10.955196,-9.247416,-33.977467,6.6621013,-11.479344,7.229134,10.174316,2.6016781,10.757618,9.51526,23.140457,-36.42189,56.66812,12.485475,-4.7175655,14.008849,-14.071412,-31.565342,14.72004,77.001045,3.9652827,-5.165777,-5.3352118
319,-1.4003968238830566,5.300818920135498,77.97608184814453,0.1584196121238589,-2.4612256027169277,-77.91531666357746,0.04135991,8.504805,1.4021509,7.8635826,-6.5917797,-10.229971,10.936495,-9.253384,-33.99441,6.6628695,-11.485777,7.1995482,10.18018,2.5472515,10.70907,9.533387,23.167578,-36.3793,56.63947,12.469605,-4.6756945,13.989934,-14.123174,-31.502302,14.781971,77.03168,3.8002117,-5.0561337,-5.321234
320,-1.4011504650115967,5.294601917266846,77.97634887695312,0.16201008914543794,-2.458476126935827,-77.89652264311687,0.022603337,8.498537,1.3800411,7.887752,-6.603607,-10.202897,10.939982,-9.2557535,-34.011803,6.664443,-11.493932,7.184824,10.190541,2.513778,10.681385,9.547406,23.184664,-36.34858,56.61626,12.45661,-4.6596575,13.989301,-14.152183,-31.454279,14.801873,77.03776,3.6936138,-4.9758935,-5.304279
321,-1.4024242162704468,5.289465427398682,77.97187042236328,0.1581423207644962,-2.4856714592567197,-77.88442662420191,0.05855443,8.500617,1.3718051,7.8760223,-6.606791,-10.228443,10.981864,-9.250273,-34.03046,6.6601915,-11.50159,7.192864,10.199342,2.4916108,10.6822,9.567347,23.20274,-36.322628,56.59963,12.446186,-4.6851654,14.023439,-14.190724,-31.388659,14.795672,77.05417,3.697374,-4.9447703,-5.29347
322,-1.4039608240127563,5.288365840911865,77.9639663696289,0.15185999545893564,-2.5308930178900626,-77.87622910851998,0.12546825,8.5081625,1.3714249,7.8452735,-6.6066203,-10.285746,11.044783,-9.240523,-34.05029,6.6561894,-11.511041,7.2140336,10.211812,2.4919791,10.703366,9.583565,23.210777,-36.309425,56.586876,12.436853,-4.737258,14.079338,-14.215867,-31.343811,14.765876,77.052185,3.7721596,-4.94036,-5.2777843
323,-1.4054477214813232,5.289100646972656,77.95618438720703,0.14468578419964095,-2.5770832299633244,-77.86734085604608,0.19355972,8.514478,1.3710065,7.8151584,-6.606582,-10.343778,11.110165,-9.231326,-34.07044,6.6500807,-11.518696,7.2376924,10.222627,2.4855812,10.7227,9.59878,23.21841,-36.295616,56.581745,12.43284,-4.78945,14.133414,-14.23233,-31.27715,14.704198,77.04947,3.8182437,-4.941673,-5.2746954
324,-1.4071598052978516,5.291860103607178,77.95015716552734,0.14346303676057873,-2.6084418587170513,-77.85364421721623,0.23467603,8.512994,1.3628879,7.8017287,-6.6078606,-10.371338,11.156561,-9.229439,-34.089355,6.6460266,-11.524048,7.2535214,10.239587,2.4706783,10.728993,9.598781,23.22516,-36.291527,56.581787,12.428765,-4.8169537,14.159441,-14.253776,-31.21271,14.681547,77.05656,3.8364282,-4.9244885,-5.2825356
325,-1.4049041271209717,5.288302898406982,77.95039367675781,0.15057871334388007,-2.617985613629859,-77.8313063708545,0.23393448,8.49884,1.3416605,7.8182173,-6.6127477,-10.350608,11.175646,-9.240031,-34.10708,6.6484804,-11.528517,7.258481,10.255234,2.4417906,10.713931,9.592904,23.231085,-36.285454,56.578644,12.432958,-4.806222,14.137869,-14.272874,-31.152617,14.69488,77.06616,3.7771754,-4.875779,-5.3073707
326,-1.4016913175582886,5.2842888832092285,77.95352172851562,0.16365056772758726,-2.6155979613822913,-77.80350886454063,0.20902729,8.476387,1.3125736,7.853496,-6.620507,-10.301164,11.181475,-9.25719,-34.12444,6.649185,-11.529036,7.258234,10.276622,2.4088578,10.691866,9.5764675,23.23549,-36.284492,56.572712,12.444277,-4.773162,14.085885,-14.287082,-31.107643,14.746484,77.070206,3.7019098,-4.8088903,-5.3423023
327,-1.4006346464157104,5.282992362976074,77.95925903320312,0.17593419079875186,-2.6087176705052575,-77.77618807858966,0.179052,8.453733,1.2835596,7.88755,-6.626906,-10.248819,11.180662,-9.275025,-34.14089,6.6512775,-11.529685,7.2552176,10.282499,2.369492,10.66011,9.574859,23.239971,-36.267212,56.563442,12.45725,-4.7359285,14.033126,-14.334941,-31.037481,14.816206,77.11151,3.6089253,-4.745574,-5.3823695
328,-1.3967548608779907,5.279142379760742,77.9655532836914,0.1827204714273043,-2.605133451753158,-77.7556083396246,0.16018274,8.438967,1.2624996,7.907895,-6.632334,-10.219137,11.18182,-9.286492,-34.15551,6.653156,-11.531646,7.2518983,10.294942,2.347591,10.639331,9.570653,23.240637,-36.25426,56.547596,12.462825,-4.71355,14.006016,-14.362415,-30.986948,14.842237,77.12395,3.5336711,-4.6977997,-5.400412
329,-1.3938363790512085,5.279728889465332,77.96812438964844,0.1802832262997425,-2.6061868335373273,-77.74573738142412,0.15901195,8.437125,1.2542264,7.9047832,-6.6358724,-10.223517,11.186359,-9.2864895,-34.16762,6.6528,-11.535987,7.2458835,10.317622,2.3413866,10.630349,9.567586,23.238602,-36.242306,56.52665,12.4656315,-4.7117906,14.022556,-14.394994,-30.945557,14.8505125,77.134674,3.521657,-4.674891,-5.3919206
330,-1.3909797668457031,5.279991626739502,77.9677734375,0.17188260852647008,-2.6077953463067316,-77.74244173336298,0.1670642,8.442822,1.2538563,7.8854947,-6.6371694,-10.246734,11.190018,-9.280213,-34.177826,6.651504,-11.541472,7.2369657,10.336125,2.3376498,10.620743,9.571174,23.23133,-36.219627,56.50948,12.470048,-4.7203984,14.065892,-14.44357,-30.884642,14.837247,77.16301,3.5145297,-4.6686206,-5.374085
331,-1.388765573501587,5.282062530517578,77.96162414550781,0.16312817612100672,-2.610360223068637,-77.73971967519125,0.1770671,8.448493,1.2540556,7.8631763,-6.6363335,-10.27467,11.195041,-9.273453,-34.187874,6.648177,-11.545226,7.2304378,10.35856,2.339857,10.615951,9.5698395,23.222347,-36.201702,56.48968,12.468288,-4.732692,14.110968,-14.484232,-30.8319,14.817597,77.18089,3.517315,-4.667699,-5.3524585
332,-1.3866468667984009,5.2866740226745605,77.95367431640625,0.1606070124158215,-2.6137481775099514,-77.73169907769262,0.18365599,8.446809,1.2477745,7.846992,-6.6317277,-10.293135,11.200527,-9.273548,-34.199486,6.648529,-11.547735,7.231764,10.3917885,2.3473945,10.618264,9.564037,23.21669,-36.190666,56.45518,12.465046,-4.741303,14.132437,-14.505738,-30.806398,14.8157215,77.17694,3.5370696,-4.6620893,-5.335924
333,-1.3843994140625,5.291496276855469,77.94615936279297,0.16404350681531696,-2.620697653175055,-77.71535323107763,0.19050124,8.432723,1.2323133,7.8357615,-6.6192727,-10.301602,11.213799,-9.2829075,-34.213875,6.6471434,-11.545259,7.247667,10.405977,2.3355606,10.612999,9.557248,23.1971,-36.157494,56.44457,12.465946,-4.747601,14.124323,-14.535492,-30.731543,14.797155,77.19568,3.4884305,-4.657261,-5.353804
334,-1.380419373512268,5.2981767654418945,77.94352722167969,0.1723506633929333,-2.6303559986333003,-77.69441952035716,0.1977113,8.411931,1.2115419,7.8281794,-6.6023726,-10.306551,11.231876,-9.297346,-34.229797,6.6439433,-11.538451,7.273533,10.431414,2.3311431,10.618695,9.546595,23.183838,-36.133198,56.41389,12.460482,-4.753336,14.094705,-14.550414,-30.687916,14.806379,77.19421,3.479064,-4.652009,-5.374168
335,-1.3726680278778076,5.303993225097656,77.94588470458984,0.18109626769385606,-2.637116244285489,-77.6722717715753,0.19847062,8.389893,1.1887985,7.8248315,-6.5860443,-10.304331,11.245155,-9.313564,-34.246124,6.6434355,-11.532243,7.2974796,10.454378,2.3279128,10.622386,9.536301,23.168852,-36.106773,56.382492,12.454304,-4.756519,14.061575,-14.565156,-30.64553,14.816981,77.19124,3.4547348,-4.644025,-5.3952956
336,-1.366245985031128,5.307413101196289,77.95362854003906,0.1869829419374909,-2.634925669496771,-77.65230156743414,0.18534867,8.372185,1.1672912,7.829121,-6.577495,-10.291179,11.246489,-9.326282,-34.26227,6.6432652,-11.527751,7.3076243,10.476969,2.3263657,10.6186,9.528136,23.152336,-36.08016,56.353226,12.452983,-4.7542877,14.041433,-14.586162,-30.604883,14.8317585,77.19287,3.4129806,-4.6298466,-5.407844
337,-1.3620566129684448,5.310393333435059,77.96235656738281,0.1879204109402486,-2.617261516474562,-77.63514984469793,0.14721231,8.360227,1.1468623,7.8481054,-6.5818443,-10.255157,11.225712,-9.335476,-34.277576,6.646644,-11.527014,7.2937937,10.49664,2.3252883,10.601161,9.5150175,23.135332,-36.06416,56.33324,12.441604,-4.7416086,14.039696,-14.621416,-30.567572,14.862663,77.20376,3.3356555,-4.600634,-5.4094305
338,-1.3551777601242065,5.31215238571167,77.96905517578125,0.18740366834591443,-2.5895928474110934,-77.61952390953104,0.09184309,8.351219,1.1264706,7.8779917,-6.5943255,-10.2019,11.192377,-9.341948,-34.292576,6.647775,-11.525917,7.2645984,10.533338,2.3291237,10.585607,9.498214,23.12889,-36.061092,56.29561,12.430084,-4.7197814,14.044416,-14.628746,-30.555048,14.883098,77.17897,3.2420278,-4.5588493,-5.397978
339,-1.347224473953247,5.313370227813721,77.96965789794922,0.1846207865610769,-2.5609247072526884,-77.6037361732357,0.035649292,8.343561,1.1063434,7.906775,-6.6068196,-10.154074,11.15669,-9.34831,-34.308525,6.6521845,-11.526343,7.236674,10.555153,2.331834,10.559726,9.482931,23.11227,-36.050655,56.280437,12.4219265,-4.7025175,14.05623,-14.693188,-30.52675,14.959633,77.2179,3.1876752,-4.5263014,-5.3886566
340,-1.3434020280838013,5.317378044128418,77.9654541015625,0.18316942419019022,-2.5447236593333935,-77.58937320438163,0.0045288173,8.336055,1.0902233,7.91374,-6.60725,-10.134302,11.137525,-9.353719,-34.32494,6.6535697,-11.524648,7.226508,10.579329,2.3416762,10.548522,9.476457,23.095673,-36.030415,56.250916,12.432411,-4.6938806,14.067198,-14.725725,-30.500788,14.990799,77.22374,3.1606095,-4.5120187,-5.376406
341,-1.3409825563430786,5.32778787612915,77.95762634277344,0.18091848282192066,-2.5493605679875597,-77.57525644115894,0.014071521,8.328399,1.079056,7.8867702,-6.5894055,-10.162824,11.147135,-9.357529,-34.34408,6.6500316,-11.519842,7.2463555,10.603592,2.360186,10.556157,9.4759245,23.077543,-35.99807,56.22455,12.474906,-4.7081933,14.081567,-14.763849,-30.473959,14.990176,77.24431,3.2191105,-4.540592,-5.357289
342,-1.3357458114624023,5.338489055633545,77.95047760009766,0.1776770023702275,-2.5672202605178525,-77.56247648496831,0.0491377,8.321793,1.0720743,7.8385153,-6.560555,-10.222937,11.173525,-9.360113,-34.364166,6.644305,-11.513172,7.2846756,10.643414,2.3862019,10.581256,9.470282,23.06591,-35.97561,56.191776,12.5321665,-4.7336283,14.100082,-14.785166,-30.457134,14.980313,77.25039,3.3675635,-4.5941954,-5.3317914
343,-1.3292644023895264,5.347963809967041,77.94708251953125,0.17493892088202534,-2.5824756042134918,-77.54936236502691,0.082024075,8.314495,1.0647591,7.788833,-6.5298767,-10.28143,11.19744,-9.362924,-34.38423,6.6378846,-11.505995,7.3227386,10.67153,2.4011612,10.599552,9.453146,23.029438,-35.93009,56.19514,12.603223,-4.758973,14.119176,-14.823373,-30.404705,14.960073,77.280075,3.4696198,-4.6448903,-5.321467
344,-1.3234813213348389,5.356302261352539,77.94873046875,0.17371120663035847,-2.57971169822294,-77.53450694443563,0.08188735,8.305501,1.052426,7.7636833,-6.509603,-10.305107,11.19871,-9.36774,-34.402866,6.632899,-11.499431,7.3419647,10.702219,2.4142992,10.594562,9.437119,22.99578,-35.894527,56.18989,12.645512,-4.76961,14.12348,-14.855457,-30.356707,14.946905,77.31085,3.4713025,-4.659253,-5.3182716
345,-1.3155244588851929,5.360417366027832,77.95539855957031,0.17513953229427084,-2.546387444075083,-77.51655434203019,0.027429963,8.29249,1.032034,7.775986,-6.5040116,-10.2708,11.159265,-9.378466,-34.418823,6.6356797,-11.496357,7.3306494,10.751495,2.4200792,10.567591,9.414021,22.980577,-35.879562,56.15334,12.645897,-4.7526846,14.099277,-14.865484,-30.334126,14.969928,77.31798,3.3548987,-4.612344,-5.3235826
346,-1.308849573135376,5.362133979797363,77.96417236328125,0.17946861277540097,-2.4932168263299546,-77.49551112834018,-0.06177312,8.2767315,1.0056022,7.8110046,-6.506544,-10.200937,11.094662,-9.392702,-34.434174,6.641431,-11.494269,7.301073,10.79145,2.4172294,10.515799,9.390219,22.961973,-35.854847,56.123615,12.629416,-4.7251415,14.057268,-14.918249,-30.304123,15.0508585,77.374985,3.1602137,-4.532659,-5.339552
347,-1.3011401891708374,5.3631205558776855,77.97166442871094,0.1819286678787596,-2.440967666768336,-77.47617049302303,-0.14945547,8.261744,0.980458,7.846741,-6.5107074,-10.130874,11.0324545,-9.405016,-34.448357,6.6439915,-11.491144,7.270281,10.851225,2.4192538,10.473802,9.361093,22.95597,-35.84451,56.073624,12.60297,-4.6955514,14.014683,-14.922067,-30.292894,15.087966,77.37817,2.9538977,-4.446368,-5.3510814
348,-1.2962141036987305,5.367255210876465,77.9742202758789,0.1814153091358302,-2.408638667276376,-77.4601663676317,-0.20303608,8.250725,0.9609401,7.8622303,-6.5094643,-10.095975,10.9939575,-9.413621,-34.46251,6.6466336,-11.488281,7.255707,10.903226,2.4332356,10.444656,9.348763,22.950264,-35.82337,56.022488,12.587045,-4.684395,13.992552,-14.946572,-30.281332,15.12093,77.40116,2.8449144,-4.3936353,-5.3545465
349,-1.292395830154419,5.372509956359863,77.97065734863281,0.1763548080654746,-2.410051029710631,-77.45034455110958,-0.19750476,8.247,0.9514265,7.839835,-6.4973936,-10.11917,10.997731,-9.413831,-34.477524,6.644498,-11.484445,7.266737,10.912808,2.4598384,10.440445,9.380009,22.930794,-35.74305,55.967327,12.603242,-4.7061467,14.00294,-15.029367,-30.238066,15.142524,77.4692,2.847455,-4.39481,-5.3513985
350,-1.2903105020523071,5.382442474365234,77.9635009765625,0.1656138518691964,-2.4311199715838074,-77.44534834016739,-0.15774558,8.2482605,0.94853073,7.7982016,-6.481381,-10.177065,11.026018,-9.408984,-34.491932,6.6393723,-11.479191,7.292508,10.953518,2.501289,10.458263,9.39452,22.921595,-35.69708,55.912354,12.612229,-4.746547,14.033129,-15.072323,-30.216837,15.115657,77.501495,2.9471965,-4.4238753,-5.336671
351,-1.282503366470337,5.391026496887207,77.95574951171875,0.15671851249740876,-2.454132749570701,-77.44013321008894,-0.11475427,8.248594,0.9459503,7.7539067,-6.4635086,-10.235751,11.057152,-9.404515,-34.50547,6.6334786,-11.474179,7.3200226,10.987389,2.5342853,10.4784775,9.411016,22.90436,-35.624493,55.87093,12.642706,-4.7840676,14.068225,-15.113261,-30.172455,15.057993,77.53046,3.023112,-4.456368,-5.3293276
352,-1.273064374923706,5.398810863494873,77.9515609741211,0.1527189127764343,-2.4607704557702705,-77.43005393368252,-0.102358535,8.242683,0.93713886,7.7305202,-6.4503975,-10.261289,11.067805,-9.4061775,-34.51744,6.6302977,-11.470274,7.3363075,11.030644,2.563367,10.482849,9.416692,22.894855,-35.57256,55.83142,12.659894,-4.795085,14.090228,-15.145181,-30.144733,15.03296,77.55199,3.0655704,-4.4638286,-5.3251214
353,-1.263425350189209,5.40484619140625,77.9522705078125,0.15757599339517556,-2.4414177073016283,-77.41259716185768,-0.1383798,8.226224,0.9184814,7.7411637,-6.444952,-10.233547,11.04588,-9.418574,-34.52589,6.6306324,-11.466946,7.3358974,11.084794,2.5769122,10.463727,9.4052305,22.889416,-35.529766,55.80106,12.672909,-4.7615576,14.092385,-15.160504,-30.125498,15.039003,77.55841,3.0313225,-4.43391,-5.333682
354,-1.2554785013198853,5.409754753112793,77.95767211914062,0.16656085751090657,-2.4075992461517015,-77.38978061855823,-0.20250964,8.203004,0.8929322,7.772251,-6.443835,-10.174362,11.004744,-9.4383955,-34.53273,6.63669,-11.466212,7.32649,11.111416,2.5804946,10.435063,9.414997,22.88381,-35.443737,55.758286,12.701688,-4.702563,14.081964,-15.206543,-30.098423,15.079264,77.5801,2.9352632,-4.3846636,-5.349065
355,-1.2490602731704712,5.413119792938232,77.96585845947266,0.17734830384423955,-2.3718099900441127,-77.36692292391109,-0.26910117,8.17918,0.8681053,7.8037486,-6.4431553,-10.112434,10.962083,-9.458188,-34.53949,6.6405187,-11.4643135,7.314688,11.157617,2.5846238,10.403019,9.406655,22.882559,-35.38768,55.730488,12.720422,-4.6426663,14.070903,-15.231485,-30.08323,15.126006,77.5878,2.8590512,-4.329197,-5.3631606
356,-1.2418110370635986,5.415938377380371,77.97411346435547,0.18263480339232113,-2.347133048820655,-77.34763139952321,-0.31396246,8.160633,0.84924865,7.8187346,-6.440522,-10.076431,10.932719,-9.4737,-34.549114,6.644437,-11.462952,7.3073373,11.201406,2.599208,10.380705,9.4044895,22.88312,-35.340935,55.705685,12.735946,-4.6105456,14.0669155,-15.262574,-30.07091,15.166188,77.60336,2.8223598,-4.285604,-5.3655653
357,-1.2352792024612427,5.417011260986328,77.97970581054688,0.18121424179420076,-2.338170553181151,-77.3347669067657,-0.32701707,8.151371,0.84070677,7.8082933,-6.4357862,-10.079372,10.923143,-9.480923,-34.563095,6.6446013,-11.46021,7.3050175,11.225756,2.6227052,10.370113,9.424379,22.886908,-35.28743,55.682114,12.755359,-4.6224723,14.076597,-15.31733,-30.04872,15.209311,77.63917,2.8347783,-4.2574816,-5.35694
358,-1.2287847995758057,5.419808387756348,77.97847747802734,0.1776343453842542,-2.3376362108602904,-77.32642225981904,-0.32121477,8.147409,0.8393627,7.780194,-6.4283686,-10.104314,10.923652,-9.484193,-34.57871,6.642701,-11.456175,7.3045316,11.276017,2.6494322,10.368321,9.41792,22.893446,-35.271664,55.6866,12.770845,-4.6599455,14.09698,-15.355046,-30.033382,15.254216,77.6676,2.9123757,-4.236,-5.342433
359,-1.2219306230545044,5.425251007080078,77.97317504882812,0.17241325393450765,-2.3403682183801533,-77.31678478567089,-0.3116338,8.142741,0.8367006,7.7523446,-6.4213576,-10.134499,10.929059,-9.487731,-34.59623,6.641499,-11.453059,7.3069677,11.328472,2.6829777,10.369984,9.408557,22.897966,-35.26588,55.695976,12.778571,-4.7013354,14.114464,-15.379669,-30.025982,15.274833,77.68435,2.9877179,-4.217279,-5.3215604
360,-1.2184576988220215,5.435998439788818,77.9649887084961,0.171882541096917,-2.3431922280278656,-77.30131530072534,-0.3057609,8.131952,0.82614243,7.730272,-6.4116855,-10.153471,10.936259,-9.495076,-34.615067,6.638995,-11.449145,7.3133616,11.353838,2.7113926,10.365776,9.430391,22.910387,-35.228973,55.683693,12.774867,-4.7264495,14.112275,-15.439657,-30.004654,15.308554,77.732315,3.0370967,-4.1997514,-5.300901
361,-1.2109792232513428,5.443803787231445,77.95846557617188,0.1772211218697262,-2.34650658171622,-77.27881406260352,-0.30589068,8.112216,0.80503994,7.719616,-6.399055,-10.1599045,10.946238,-9.508365,-34.633583,6.6367273,-11.445778,7.327401,11.3922825,2.7397456,10.3614235,9.430324,22.916426,-35.199253,55.68555,12.744113,-4.727418,14.079311,-15.463406,-29.993628,15.304358,77.74739,3.0744038,-4.1808777,-5.27653
362,-1.2017128467559814,5.4512715339660645,77.9579086303711,0.18565287895607896,-2.3524895210175156,-77.25150285514047,-0.30420005,8.086981,0.7773038,7.7097216,-6.381905,-10.161546,10.959636,-9.526119,-34.65268,6.6368046,-11.443683,7.3474936,11.420057,2.7563608,10.368863,9.437851,22.931063,-35.136005,55.675808,12.709893,-4.7168655,14.022016,-15.499529,-29.969475,15.300495,77.76241,3.1169705,-4.1646657,-5.2528286
363,-1.1923863887786865,5.456625938415527,77.9616928100586,0.19374755912557995,-2.356228412569278,-77.22153366838823,-0.3091146,8.060047,0.7463073,7.706918,-6.3667417,-10.155711,10.971758,-9.544663,-34.67396,6.6360517,-11.441298,7.3663816,11.44741,2.7795727,10.3673935,9.444234,22.940487,-35.092243,55.675343,12.67243,-4.700381,13.973592,-15.527278,-29.95421,15.285979,77.774506,3.1260388,-4.145307,-5.229071
364,-1.1848974227905273,5.460814952850342,77.9685287475586,0.20186657297242178,-2.353659253637871,-77.19147446110074,-0.3250442,8.035534,0.7158905,7.7106285,-6.357083,-10.139775,10.976179,-9.561444,-34.698128,6.635572,-11.439347,7.3766,11.463645,2.7885463,10.367995,9.459472,22.962826,-35.04054,55.67366,12.671546,-4.687186,13.957972,-15.563535,-29.924198,15.28629,77.78342,3.087648,-4.118324,-5.2188563
365,-1.1782153844833374,5.459768295288086,77.97608947753906,0.2072823354610884,-2.337781075236223,-77.1620953915549,-0.36327964,8.014573,0.68660146,7.728122,-6.3573804,-10.103089,10.964024,-9.576443,-34.72543,6.636118,-11.437784,7.3714666,11.480899,2.7921312,10.353472,9.469694,22.993193,-35.028767,55.69205,12.707923,-4.6771336,14.00369,-15.610873,-29.893763,15.339957,77.80465,3.0041926,-4.0754743,-5.225304
366,-1.1725993156433105,5.460705280303955,77.98124694824219,0.21122210809352054,-2.3130138680290977,-77.13196373769382,-0.41701198,7.995145,0.6566765,7.7547846,-6.3631644,-10.050393,10.940933,-9.590685,-34.7553,6.6379805,-11.437133,7.3563814,11.498471,2.7935476,10.33129,9.47478,23.023472,-35.038692,55.72651,12.775041,-4.667024,14.089196,-15.661936,-29.8711,15.427219,77.826584,2.8870256,-4.0210643,-5.2414575
367,-1.167426586151123,5.461101055145264,77.98199462890625,0.2158433779872573,-2.2909326672059405,-77.10049527567595,-0.468524,7.9759836,0.62603426,7.781786,-6.3696866,-10.002035,10.921483,-9.604578,-34.78779,6.6396604,-11.436565,7.3427877,11.504327,2.790175,10.311634,9.500137,23.0709,-35.039616,55.74038,12.835621,-4.657255,14.171221,-15.732779,-29.838425,15.53536,77.86329,2.7820895,-3.9713488,-5.258754
368,-1.163430094718933,5.463879585266113,77.97828674316406,0.2197068656020089,-2.282742615963039,-77.06684481758943,-0.49444628,7.956589,0.5953368,7.7890925,-6.366306,-9.978372,10.920865,-9.617437,-34.822685,6.639695,-11.435644,7.3420105,11.513041,2.7970948,10.305871,9.518439,23.102827,-35.027626,55.75807,12.865769,-4.6504483,14.2129965,-15.7692375,-29.814228,15.561172,77.867325,2.6828065,-3.939405,-5.2619467
369,-1.1608797311782837,5.47098970413208,77.97126770019531,0.22310091228520249,-2.298922372508736,-77.03008872351035,-0.48069486,7.937392,0.5645359,7.7725425,-6.3520083,-9.997157,10.953958,-9.627783,-34.861862,6.634373,-11.432758,7.3636947,11.523293,2.8135064,10.324575,9.531313,23.129711,-34.998585,55.769005,12.833065,-4.6472917,14.190436,-15.800609,-29.790651,15.5433655,77.867294,2.6745472,-3.9426496,-5.2459955
370,-1.1559375524520874,5.478658676147461,77.96426391601562,0.22649033247576575,-2.331248781387955,-76.99113012591306,-0.44074693,7.9186373,0.5336614,7.739075,-6.3300443,-10.043451,11.007467,-9.636915,-34.9046,6.628274,-11.429503,7.3995986,11.535107,2.842276,10.353222,9.538925,23.143942,-34.966244,55.785942,12.761398,-4.6469865,14.130593,-15.829245,-29.775522,15.507022,77.86941,2.729622,-3.9684818,-5.2162814
371,-1.1518172025680542,5.4849348068237305,77.96119689941406,0.23024267928703718,-2.3621689046131498,-76.95094639429657,-0.40094945,7.898694,0.5018627,7.702538,-6.3057113,-10.088502,11.060101,-9.646977,-34.947582,6.622127,-11.426776,7.4341917,11.545246,2.854043,10.393444,9.55332,23.17407,-34.912598,55.785618,12.699112,-4.6467686,14.063261,-15.844854,-29.742207,15.428183,77.84936,2.7465,-3.9916856,-5.193213
372,-1.1451889276504517,5.487931728363037,77.96353912353516,0.23623211352682377,-2.3746006221840643,-76.91115929559506,-0.39212847,7.8776093,0.46771106,7.6857085,-6.2890677,-10.103659,11.088722,-9.65888,-34.98721,6.6182346,-11.426032,7.451872,11.560459,2.85423,10.409927,9.567538,23.215385,-34.8855,55.79194,12.65809,-4.6452346,14.026366,-15.8645735,-29.7015,15.385633,77.84037,2.71751,-3.9856448,-5.18714
373,-1.1378282308578491,5.4895830154418945,77.9689712524414,0.2444760695699512,-2.3569598580847395,-76.871619876261,-0.4339886,7.853092,0.4306063,7.7024517,-6.285571,-10.067863,11.077595,-9.67592,-35.020847,6.618729,-11.428153,7.441415,11.581497,2.8443937,10.395868,9.565662,23.253304,-34.898376,55.82613,12.650183,-4.6443,14.03682,-15.896774,-29.672796,15.427981,77.84344,2.639186,-3.9302418,-5.204304
374,-1.133148193359375,5.49135160446167,77.97692108154297,0.25403668044235533,-2.3205688511380758,-76.83188150146674,-0.50590485,7.8261924,0.39152953,7.737128,-6.2884483,-10.00086,11.041287,-9.696509,-35.0507,6.6241245,-11.433469,7.4133897,11.601125,2.8266172,10.3627825,9.567036,23.294207,-34.92459,55.864944,12.665026,-4.643968,14.07167,-15.93064,-29.645903,15.502253,77.846985,2.508595,-3.8434112,-5.235668
375,-1.1291184425354004,5.487293243408203,77.9831771850586,0.2639654205549498,-2.2831411798925423,-76.79220009093181,-0.57882535,7.8000937,0.35134137,7.7711205,-6.2913346,-9.935047,11.004522,-9.7161,-35.081173,6.628524,-11.43871,7.3854575,11.614505,2.807401,10.327671,9.577056,23.338982,-34.946747,55.89447,12.688581,-4.6419487,14.1107645,-15.963751,-29.615753,15.566488,77.84749,2.358181,-3.7555985,-5.2661686
376,-1.1248927116394043,5.484077453613281,77.98472595214844,0.2709988154898802,-2.261915893395764,-76.75286501634884,-0.62289524,7.7777214,0.31102234,7.785156,-6.287507,-9.902611,10.991325,-9.72983,-35.1166,6.6283574,-11.441684,7.3750253,11.626363,2.7936072,10.309442,9.594446,23.382462,-34.94692,55.907265,12.717546,-4.6357613,14.135306,-15.99565,-29.582804,15.597544,77.8452,2.2478538,-3.6978664,-5.281498
377,-1.123246669769287,5.480745792388916,77.98078155517578,0.2726891310891172,-2.2667761586899324,-76.71496544212857,-0.61873347,7.761482,0.27047542,7.76295,-6.2709894,-9.92373,11.013924,-9.736107,-35.159416,6.6246586,-11.442237,7.3929553,11.633371,2.789176,10.317819,9.626305,23.42459,-34.911053,55.894268,12.761976,-4.621956,14.140348,-16.024899,-29.54208,15.566919,77.839485,2.19575,-3.6915655,-5.27175
378,-1.122227668762207,5.482975959777832,77.97332000732422,0.2707472812362647,-2.286746351803513,-76.67790277385093,-0.58803093,7.7487354,0.22922781,7.722698,-6.248975,-9.977195,11.058614,-9.736834,-35.206875,6.615917,-11.440132,7.4278336,11.640008,2.7949526,10.340365,9.656443,23.453793,-34.861286,55.878944,12.820183,-4.603258,14.138141,-16.051813,-29.506624,15.506694,77.83142,2.1857638,-3.7157016,-5.2450786
379,-1.1208570003509521,5.4872565269470215,77.96562194824219,0.2698884510265318,-2.3078618716252715,-76.64006645176302,-0.55345494,7.7371182,0.1881398,7.677337,-6.224511,-10.033827,11.10616,-9.736,-35.25543,6.605864,-11.438068,7.463999,11.644809,2.7875767,10.365385,9.696627,23.497524,-34.796913,55.848434,12.874894,-4.5846434,14.128634,-16.073614,-29.446186,15.415892,77.818,2.1439996,-3.738713,-5.225359
380,-1.1178441047668457,5.489809989929199,77.96016693115234,0.2698000639525837,-2.3159306008923073,-76.59960200636816,-0.54256594,7.7235646,0.14780086,7.651184,-6.2072372,-10.06411,11.135339,-9.738647,-35.30055,6.601003,-11.439262,7.485886,11.655169,2.7803903,10.376507,9.717815,23.529362,-34.756824,55.838486,12.896756,-4.5736747,14.117411,-16.099604,-29.401716,15.383004,77.80446,2.0901175,-3.7268293,-5.2201724
381,-1.1136395931243896,5.49003267288208,77.96063232421875,0.2735179405293659,-2.304083020411855,-76.55349671846925,-0.56742036,7.7061996,0.106550656,7.6507754,-6.1977973,-10.054204,11.139136,-9.746004,-35.342255,6.598926,-11.443359,7.486222,11.668248,2.758874,10.367596,9.730246,23.565268,-34.73055,55.837055,12.874064,-4.571217,14.091432,-16.126457,-29.35399,15.408093,77.786995,1.9797846,-3.6617594,-5.2447524
382,-1.1100339889526367,5.488866329193115,77.96542358398438,0.2797343028015019,-2.2809546666541,-76.50332195752053,-0.61270046,7.6870017,0.064590454,7.665912,-6.193395,-10.021726,11.12865,-9.755691,-35.38218,6.599065,-11.449691,7.4743447,11.678493,2.7305758,10.3464985,9.739819,23.60239,-34.710304,55.83808,12.818266,-4.5742755,14.053112,-16.15621,-29.305882,15.469499,77.76709,1.8322043,-3.563853,-5.286396
383,-1.107530117034912,5.480883598327637,77.97145080566406,0.2855584281599741,-2.256076481960499,-76.45520610870932,-0.6611632,7.668674,0.025678331,7.6844535,-6.1910644,-9.984804,11.1152,-9.764899,-35.420166,6.598843,-11.455547,7.459725,11.70293,2.716419,10.330877,9.720458,23.613314,-34.70907,55.862274,12.764523,-4.583009,14.027668,-16.154016,-29.291344,15.501342,77.70806,1.6707367,-3.4579334,-5.319237
384,-1.1071603298187256,5.473024368286133,77.97760009765625,0.28789543959230396,-2.2384658508386046,-76.41470640265695,-0.6957855,7.6546345,-0.0069547137,7.6944175,-6.188118,-9.961935,11.109107,-9.770863,-35.456112,6.597779,-11.459651,7.451549,11.711383,2.6937418,10.316536,9.732907,23.643913,-34.69924,55.86128,12.726121,-4.593428,14.035362,-16.203989,-29.245087,15.562421,77.70244,1.5630606,-3.3754416,-5.3450575
385,-1.1054017543792725,5.468390941619873,77.97969055175781,0.2871748352849264,-2.2319113736537397,-76.3864511273375,-0.70999354,7.6478257,-0.028693067,7.6909046,-6.184182,-9.96014,11.113247,-9.771388,-35.489075,6.5949717,-11.460508,7.45149,11.721278,2.6715214,10.320296,9.757148,23.67801,-34.68276,55.849037,12.735949,-4.6113267,14.108025,-16.272493,-29.186493,15.590258,77.70999,1.5024278,-3.325379,-5.349341
386,-1.108394980430603,5.469603061676025,77.97633361816406,0.28320999216403925,-2.230385384554184,-76.3662874737233,-0.71378607,7.6457887,-0.04262172,7.681301,-6.180921,-9.968982,11.122154,-9.768117,-35.51949,6.5907335,-11.459255,7.454839,11.731729,2.644631,10.331809,9.785037,23.719164,-34.67177,55.833828,12.764236,-4.635406,14.225884,-16.351023,-29.108772,15.58395,77.726875,1.4500021,-3.2922204,-5.344258
387,-1.1092787981033325,5.471719741821289,77.97075653076172,0.27932922178384484,-2.231695051950352,-76.34719994666946,-0.7137699,7.6436915,-0.056473654,7.6702986,-6.1770587,-9.980172,11.132993,-9.765749,-35.54879,6.588386,-11.458563,7.4615927,11.748078,2.6261451,10.348274,9.801158,23.748,-34.668655,55.822727,12.794754,-4.65698,14.334602,-16.41343,-29.047922,15.557843,77.72533,1.4006023,-3.2623017,-5.3326206
388,-1.1076818704605103,5.473172187805176,77.96430969238281,0.2789351974749296,-2.232689110961421,-76.32222493788407,-0.7162044,7.6369176,-0.07819407,7.662209,-6.1716137,-9.985741,11.1461115,-9.765911,-35.579082,6.584566,-11.458589,7.471393,11.769482,2.5913434,10.360168,9.814985,23.78511,-34.656723,55.80507,12.81284,-4.6642523,14.380438,-16.480312,-28.967243,15.55554,77.737915,1.3577007,-3.2264225,-5.34053
389,-1.106698751449585,5.474091053009033,77.95906829833984,0.28220682905100064,-2.2341046011618766,-76.2875680985882,-0.72074485,7.622548,-0.112268984,7.6584787,-6.16344,-9.984184,11.162866,-9.771266,-35.61068,6.581421,-11.460544,7.488899,11.7866955,2.5597525,10.369649,9.826589,23.81145,-34.6272,55.77612,12.809712,-4.6539297,14.32416,-16.523037,-28.901356,15.546768,77.72595,1.2846822,-3.1780162,-5.363601
390,-1.1053749322891235,5.473416328430176,77.95792388916016,0.28891891993439084,-2.2373280771118815,-76.24761046539712,-0.72534895,7.6035624,-0.15390567,7.6575246,-6.1536956,-9.979666,11.18441,-9.778875,-35.642952,6.576256,-11.462889,7.5125732,11.795429,2.512217,10.375766,9.845976,23.84588,-34.577454,55.7354,12.79433,-4.6306114,14.203809,-16.578463,-28.805857,15.549862,77.732254,1.2018362,-3.1263857,-5.407461
391,-1.1040738821029663,5.470489025115967,77.96185302734375,0.29572720963522536,-2.2391507494462477,-76.20756510287734,-0.7320456,7.584602,-0.19624886,7.6578336,-6.1444206,-9.972205,11.203119,-9.787599,-35.674614,6.5738754,-11.466704,7.533456,11.813399,2.4732468,10.383514,9.853024,23.868027,-34.536022,55.698105,12.7798395,-4.6031346,14.074854,-16.623554,-28.736408,15.571785,77.72569,1.1434005,-3.0723505,-5.441995
392,-1.1010595560073853,5.464886665344238,77.96668243408203,0.2990936457670894,-2.2361815864784074,-76.17263393319561,-0.7444853,7.57026,-0.23291707,7.6614656,-6.139834,-9.961762,11.2146,-9.793417,-35.705162,6.5721426,-11.470399,7.542452,11.835303,2.440652,10.390004,9.852844,23.882236,-34.509205,55.66862,12.772947,-4.5789084,13.993225,-16.66089,-28.68,15.58339,77.709435,1.0745946,-3.019135,-5.4551563
393,-1.098224401473999,5.457192420959473,77.9717788696289,0.3000069578171647,-2.224919331718189,-76.14348584119652,-0.7702479,7.5623374,-0.26345962,7.673609,-6.143292,-9.942672,11.214203,-9.794709,-35.735973,6.570349,-11.473888,7.5304675,11.855988,2.3966105,10.386782,9.852196,23.901962,-34.496677,55.650963,12.7801695,-4.5539327,13.981032,-16.727316,-28.598824,15.629623,77.73033,1.0105749,-2.9685683,-5.452978
394,-1.098468542098999,5.455121994018555,77.97313690185547,0.2959383210313743,-2.207539136022328,-76.11768600305889,-0.80356085,7.557853,-0.29058394,7.6891637,-6.1507816,-9.916627,11.20526,-9.794407,-35.766647,6.5702662,-11.478046,7.504758,11.887068,2.3621323,10.3835535,9.840704,23.913557,-34.502888,55.636547,12.797521,-4.527123,14.004085,-16.774092,-28.54558,15.671708,77.72895,0.9427608,-2.9161618,-5.426713
395,-1.0963371992111206,5.448740482330322,77.9717025756836,0.29253474890752235,-2.1912087958505895,-76.09540333255899,-0.83314294,7.555369,-0.3135759,7.7008195,-6.1572485,-9.895689,11.195626,-9.79338,-35.794598,6.571415,-11.482349,7.480006,11.913656,2.3172886,10.377247,9.835437,23.92836,-34.50196,55.624332,12.812821,-4.5051403,14.042341,-16.846611,-28.464605,15.726059,77.75765,0.887223,-2.8684082,-5.403679
396,-1.095855474472046,5.445249080657959,77.96773529052734,0.2897182577576975,-2.1825766117815117,-76.07676335217225,-0.84754896,7.5526915,-0.3314063,7.701072,-6.1572933,-9.891494,11.194259,-9.792592,-35.817432,6.5711374,-11.4845085,7.4711823,11.957413,2.2930095,10.390344,9.818994,23.93222,-34.501846,55.60116,12.817432,-4.4981184,14.068916,-16.882816,-28.428625,15.745168,77.73341,0.86889833,-2.8240333,-5.369516
397,-1.096531629562378,5.445844650268555,77.96189880371094,0.2891627595465477,-2.188172861335646,-76.0650068550871,-0.83359176,7.550972,-0.33936006,7.6784973,-6.1457434,-9.918574,11.208067,-9.790529,-35.83111,6.566753,-11.482334,7.4888163,11.991353,2.2547066,10.407655,9.817609,23.93433,-34.465984,55.581226,12.807724,-4.514266,14.085117,-16.954216,-28.334534,15.730831,77.748886,0.86902183,-2.7976475,-5.3567224
398,-1.0958168506622314,5.446317195892334,77.95562744140625,0.28777146703068157,-2.2024882158444186,-76.05905649832901,-0.80049366,7.5508523,-0.33936095,7.640246,-6.1266527,-9.966658,11.229669,-9.78808,-35.83789,6.5619125,-11.477532,7.522932,12.035649,2.2254553,10.440134,9.8124075,23.93082,-34.42282,55.554535,12.787709,-4.5479336,14.098211,-17.020254,-28.255177,15.703832,77.7487,0.9218454,-2.78163,-5.3391023
399,-1.0981926918029785,5.4535346031188965,77.95301818847656,0.2888591906880054,-2.215723032272374,-76.05233912139255,-0.7694441,7.549147,-0.3405273,7.6030655,-6.1072154,-10.011306,11.250607,-9.786617,-35.845287,6.557096,-11.473603,7.556902,12.0826025,2.198609,10.473264,9.806475,23.92284,-34.378403,55.52412,12.769135,-4.5806026,14.110798,-17.07421,-28.184141,15.66463,77.733055,0.9623323,-2.757953,-5.320743
400,-1.0975663661956787,5.457792282104492,77.9550552368164,0.29014679023717427,-2.2175381663702605,-76.03846874901068,-0.76239514,7.543684,-0.35228488,7.5854616,-6.09501,-10.0281105,11.260894,-9.787831,-35.860935,6.552365,-11.472035,7.574227,12.125021,2.1631904,10.493035,9.79079,23.912823,-34.348804,55.506065,12.754015,-4.5939345,14.127402,-17.125824,-28.109873,15.647263,77.71938,0.95600265,-2.7099202,-5.309675
401,-1.0957224369049072,5.455532073974609,77.95931243896484,0.29392224962315006,-2.1992464319948435,-76.01425618046198,-0.7975714,7.5313067,-0.380262,7.6027837,-6.095835,-9.997263,11.2493305,-9.795656,-35.888035,6.554283,-11.478385,7.563218,12.161491,2.1085143,10.488057,9.769359,23.902311,-34.33098,55.501873,12.756161,-4.575247,14.15432,-17.192707,-28.027184,15.711856,77.72716,0.9111694,-2.619749,-5.3118687
402,-1.0930652618408203,5.447887420654297,77.96566772460938,0.3008015997859164,-2.1686636851090078,-75.98376633716074,-0.85988104,7.5147643,-0.41866827,7.643401,-6.104804,-9.936149,11.225408,-9.806451,-35.922325,6.5560794,-11.487004,7.535248,12.216725,2.0624201,10.487863,9.732328,23.899084,-34.33739,55.478447,12.764505,-4.5381374,14.180876,-17.198166,-28.000576,15.76133,77.657524,0.8220369,-2.496904,-5.299976
403,-1.0920279026031494,5.438975811004639,77.97091674804688,0.3069972009084915,-2.139137075674051,-75.9509547490867,-0.91818464,7.497612,-0.45864552,7.678015,-6.1116343,-9.876416,11.204194,-9.817369,-35.95911,6.558103,-11.4962015,7.5078006,12.224597,1.9944427,10.458374,9.727269,23.882132,-34.311504,55.480698,12.773475,-4.4984465,14.210106,-17.299854,-27.888376,15.876236,77.709984,0.7233084,-2.3816118,-5.318652
404,-1.090600609779358,5.432409286499023,77.97189331054688,0.30896351309625,-2.125679088858841,-75.92034042855296,-0.94688624,7.485102,-0.49208057,7.691625,-6.1133623,-9.849445,11.202041,-9.823267,-35.993042,6.5584292,-11.502755,7.4986553,12.254634,1.946301,10.460785,9.710566,23.869339,-34.29444,55.462975,12.77602,-4.475866,14.219702,-17.352982,-27.81002,15.91193,77.70823,0.6611262,-2.2990575,-5.3240576
405,-1.0903441905975342,5.428907871246338,77.96761322021484,0.3079352321881148,-2.1381051247257137,-75.89316666590366,-0.9272752,7.479502,-0.5151744,7.6694164,-6.1059766,-9.875034,11.232632,-9.82066,-36.02384,6.5507984,-11.501961,7.519626,12.276994,1.9030366,10.480425,9.702569,23.846668,-34.254726,55.451805,12.773748,-4.477214,14.205855,-17.415289,-27.685389,15.844918,77.73515,0.6035936,-2.269797,-5.343675
406,-1.0908260345458984,5.428835391998291,77.9596176147461,0.30200237708837907,-2.166356634521204,-75.86719116255713,-0.8783417,7.4780927,-0.5328583,7.626108,-6.0938773,-9.932562,11.282333,-9.813658,-36.053387,6.542781,-11.499632,7.5589433,12.3058,1.87033,10.517557,9.692189,23.823282,-34.21636,55.43533,12.762198,-4.492413,14.17356,-17.462803,-27.559597,15.712068,77.754,0.56419116,-2.272347,-5.365055
407,-1.0906091928482056,5.431241989135742,77.95114135742188,0.2967309718377346,-2.1959936166545786,-75.84115688348328,-0.82678235,7.4773545,-0.5501512,7.5807247,-6.0806355,-9.993109,11.332994,-9.806368,-36.081722,6.5353723,-11.496965,7.5987206,12.339715,1.8397053,10.558407,9.681288,23.800243,-34.182068,55.413715,12.753912,-4.511321,14.140811,-17.49951,-27.436756,15.566953,77.764336,0.5293918,-2.282893,-5.381404
408,-1.0886170864105225,5.43083381652832,77.94683074951172,0.2925372968411884,-2.212269339965602,-75.81375222512433,-0.8012066,7.473799,-0.5723999,7.556122,-6.071894,-10.02761,11.36691,-9.801841,-36.108864,6.5291605,-11.495825,7.6209598,12.380099,1.8117185,10.595624,9.665006,23.784275,-34.169674,55.379883,12.745788,-4.524765,14.123495,-17.523249,-27.351564,15.484277,77.75025,0.51446325,-2.2769647,-5.376997
409,-1.0853677988052368,5.427733421325684,77.94734954833984,0.29312576382715044,-2.2083959123513006,-75.78109280502616,-0.81487274,7.464587,-0.60543805,7.5593705,-6.066503,-10.022929,11.375361,-9.803068,-36.13598,6.5264792,-11.497747,7.6165476,12.425013,1.764949,10.612999,9.632028,23.769558,-34.18652,55.366154,12.7471,-4.528447,14.140012,-17.55005,-27.264688,15.486476,77.74456,0.5014958,-2.2481394,-5.3605533
410,-1.083038330078125,5.421738147735596,77.95305633544922,0.29661951496887845,-2.1929468104005987,-75.74483021686768,-0.85046244,7.452154,-0.6449726,7.5784087,-6.062952,-9.996198,11.368938,-9.807667,-36.162823,6.527382,-11.502441,7.596503,12.466828,1.7092513,10.619711,9.594729,23.756193,-34.218533,55.358402,12.752003,-4.5282736,14.1759615,-17.586943,-27.179369,15.558489,77.75018,0.50711787,-2.2094007,-5.33401
411,-1.083438515663147,5.415557384490967,77.9598159790039,0.29952345476739733,-2.1754753104422124,-75.71296917119614,-0.8893003,7.4410424,-0.6808659,7.6006274,-6.0610547,-9.964681,11.357564,-9.812482,-36.186234,6.530174,-11.508002,7.5730767,12.506649,1.6504487,10.623757,9.563605,23.740944,-34.24092,55.3473,12.764252,-4.5273724,14.212331,-17.639385,-27.085188,15.655474,77.771164,0.521766,-2.1699436,-5.31061
412,-1.0843617916107178,5.410885334014893,77.96598815917969,0.30182448646176646,-2.1654195891043946,-75.69298720133415,-0.91247034,7.4354205,-0.70270216,7.6138206,-6.061576,-9.945446,11.352537,-9.813723,-36.203495,6.5301294,-11.511039,7.5585585,12.54573,1.5911878,10.633519,9.540233,23.720522,-34.23523,55.333702,12.781606,-4.5291643,14.231221,-17.718214,-26.96605,15.740529,77.818275,0.54285765,-2.1393003,-5.3061743
413,-1.0830615758895874,5.407039642333984,77.96746826171875,0.29942037709685243,-2.1661476275335896,-75.69052666185205,-0.9122819,7.4378734,-0.7038683,7.613746,-6.0665627,-9.943817,11.356725,-9.810397,-36.21319,6.52945,-11.513207,7.557113,12.601655,1.5427514,10.661355,9.522888,23.69919,-34.202576,55.299698,12.810581,-4.5335855,14.217597,-17.797794,-26.85125,15.786701,77.856926,0.58284974,-2.1184783,-5.3173847
414,-1.0842461585998535,5.407421112060547,77.96327209472656,0.29518928005774137,-2.1726905571087243,-75.70020575955921,-0.90004843,7.445857,-0.6912256,7.6077623,-6.0750937,-9.950356,11.364472,-9.804356,-36.21711,6.5279827,-11.514045,7.5619717,12.684625,1.5140456,10.709661,9.503967,23.683979,-34.168736,55.233994,12.843998,-4.539672,14.180501,-17.8436,-26.779694,15.7969055,77.84641,0.6449062,-2.1006708,-5.3241644
415,-1.089121699333191,5.413282871246338,77.9576644897461,0.29117022572361223,-2.1806560291990977,-75.71376378782853,-0.88484985,7.455881,-0.67473143,7.600675,-6.083743,-9.960259,11.372129,-9.79662,-36.216564,6.5256414,-11.513586,7.568764,12.768157,1.4813175,10.756986,9.482703,23.664137,-34.125942,55.17577,12.875365,-4.5482054,14.144463,-17.901962,-26.689775,15.8016815,77.85286,0.7010906,-2.0873482,-5.3393455
416,-1.095287561416626,5.418675899505615,77.95185852050781,0.2875513556468376,-2.1855594810183634,-75.72296658156094,-0.87471676,7.464217,-0.6641686,7.5934925,-6.086185,-9.968808,11.375446,-9.789398,-36.21307,6.5244045,-11.512753,7.5733,12.85033,1.4411368,10.798048,9.456401,23.642885,-34.086563,55.128475,12.894318,-4.5604086,14.12706,-17.969152,-26.588427,15.821408,77.87632,0.75546616,-2.0771177,-5.3534946
417,-1.099226713180542,5.424278259277344,77.94929504394531,0.283521369464134,-2.1876142282181026,-75.72479891037548,-0.8719844,7.4703484,-0.6631239,7.59104,-6.082352,-9.977263,11.374281,-9.782519,-36.204876,6.5245667,-11.510843,7.5762258,12.942088,1.4039621,10.839702,9.425688,23.626778,-34.059746,55.072685,12.89369,-4.580875,14.13291,-18.009401,-26.506903,15.831896,77.87544,0.8064736,-2.0706255,-5.3530483
418,-1.1013948917388916,5.426126480102539,77.9501953125,0.2817496927468917,-2.1887723241329184,-75.7239770385454,-0.87023604,7.475738,-0.6657676,7.585817,-6.0716786,-9.987449,11.371573,-9.774889,-36.192314,6.523323,-11.507049,7.5791354,13.02504,1.3484315,10.868798,9.390801,23.604982,-34.02596,55.04307,12.881579,-4.606945,14.158497,-18.084808,-26.376785,15.860469,77.92832,0.84996146,-2.0718465,-5.3663445
419,-1.1040892601013184,5.428308010101318,77.95337677001953,0.2792188502600759,-2.1873441649229535,-75.72346806450683,-0.8744009,7.4815907,-0.6692855,7.5862174,-6.0629663,-9.994844,11.364697,-9.766813,-36.178497,6.522535,-11.502892,7.579406,13.125661,1.3116527,10.910989,9.357166,23.594189,-34.00341,54.979504,12.865978,-4.631371,14.180994,-18.112988,-26.306978,15.865461,77.916565,0.89142174,-2.0680704,-5.3562484
420,-1.105692744255066,5.427678108215332,77.95831298828125,0.27476540333678917,-2.1808481079658737,-75.7259205103752,-0.88346046,7.48912,-0.67034984,7.58566,-6.0559444,-9.995481,11.351003,-9.759001,-36.16686,6.523071,-11.498799,7.5741515,13.2102,1.2586404,10.940148,9.328529,23.57837,-33.96327,54.93639,12.864857,-4.6447415,14.200423,-18.18978,-26.189058,15.901861,77.96185,0.91596013,-2.0599394,-5.36085
421,-1.1060259342193604,5.427485942840576,77.9638442993164,0.2688636715923431,-2.1658847747187733,-75.73370595510379,-0.9071318,7.498892,-0.6679224,7.5972004,-6.059203,-9.981998,11.325305,-9.751243,-36.157265,6.525266,-11.495008,7.5578413,13.291383,1.211949,10.968294,9.316249,23.564451,-33.904457,54.871433,12.890593,-4.641963,14.204319,-18.265703,-26.086573,15.934293,77.99439,0.90107733,-2.037738,-5.3549514
422,-1.108538031578064,5.42801570892334,77.96806335449219,0.26397748887074196,-2.1445592873243564,-75.74486216640373,-0.939564,7.5103664,-0.66347677,7.611846,-6.0656276,-9.958764,11.290361,-9.743455,-36.14835,6.528545,-11.49092,7.533671,13.371712,1.1680368,10.995107,9.304641,23.551735,-33.84332,54.80092,12.923227,-4.628879,14.201557,-18.345304,-25.994465,15.976771,78.02354,0.8699078,-2.0066469,-5.3423977
423,-1.1121312379837036,5.430286884307861,77.96891021728516,0.2569327285705668,-2.123912454087327,-75.75560896474445,-0.9712714,7.5222917,-0.6590781,7.626199,-6.0720897,-9.93854,11.256843,-9.735447,-36.14142,6.5314,-11.486279,7.511749,13.460669,1.1341159,11.029605,9.29229,23.541977,-33.789253,54.719917,12.956929,-4.6138935,14.1959,-18.402052,-25.930197,16.003208,78.02097,0.8408438,-1.9742637,-5.3213716
424,-1.118844747543335,5.432526111602783,77.96626281738281,0.25080730324353073,-2.1114119399628897,-75.76258715149913,-0.9901269,7.5330415,-0.6563743,7.630827,-6.0721908,-9.934191,11.236136,-9.726325,-36.137936,6.531155,-11.480826,7.502107,13.5399475,1.0974338,11.069062,9.280163,23.531363,-33.734806,54.65109,12.97938,-4.605569,14.19692,-18.473158,-25.851418,16.038012,78.03142,0.83991224,-1.9516498,-5.3098936
425,-1.1258671283721924,5.438250541687012,77.9618911743164,0.24580646337826592,-2.1142013718933574,-75.76476877096665,-0.9823612,7.542411,-0.6538952,7.6138463,-6.0601206,-9.957583,11.237914,-9.716083,-36.139606,6.525956,-11.473118,7.5148726,13.610429,1.0622215,11.118371,9.272036,23.521582,-33.68261,54.58835,12.983385,-4.6080813,14.207902,-18.54501,-25.75827,16.046688,78.04325,0.8586233,-1.9464273,-5.309972
426,-1.1315107345581055,5.446428298950195,77.95661926269531,0.23972691334200258,-2.126426023026997,-75.76415014545118,-0.957427,7.550958,-0.65133184,7.5824394,-6.040204,-9.999066,11.252389,-9.706122,-36.14481,6.5212607,-11.465649,7.5421386,13.676115,1.0228862,11.172867,9.265762,23.515451,-33.63256,54.532806,12.975886,-4.6157045,14.225868,-18.628391,-25.648224,16.057491,78.06889,0.9060268,-1.9528486,-5.3214083
427,-1.1331804990768433,5.454435348510742,77.95331573486328,0.23454869198472472,-2.1367870506803954,-75.76120353624617,-0.93702507,7.558982,-0.6518769,7.553535,-6.0200925,-10.039092,11.264927,-9.695913,-36.151245,6.5169373,-11.459098,7.5672874,13.742002,0.983232,11.22924,9.257039,23.514832,-33.5888,54.479443,12.964777,-4.623144,14.242188,-18.706644,-25.543781,16.067022,78.083275,0.9532542,-1.9559298,-5.330493
428,-1.1358656883239746,5.461203575134277,77.95438385009766,0.22940947249190227,-2.1336897369158065,-75.75641731430524,-0.94146204,7.566242,-0.6583367,7.540526,-6.0052648,-10.058116,11.259699,-9.686406,-36.156403,6.5151877,-11.454506,7.5737095,13.815468,0.9439952,11.282244,9.23912,23.517252,-33.554714,54.43123,12.962938,-4.6247773,14.24974,-18.770367,-25.463348,16.088913,78.07193,0.9876614,-1.9412553,-5.326842
429,-1.1381999254226685,5.4626665115356445,77.96076965332031,0.22508012044009668,-2.108276673426729,-75.74919581254849,-0.98416466,7.571664,-0.67421085,7.550146,-5.997426,-10.04143,11.224429,-9.6787195,-36.1584,6.517513,-11.452748,7.548621,13.885356,0.8883177,11.3179455,9.216429,23.523191,-33.5172,54.398792,12.978277,-4.6155195,14.245859,-18.847914,-25.375835,16.1529,78.06712,0.99094355,-1.8987116,-5.316777
430,-1.1421165466308594,5.465917110443115,77.96953582763672,0.221701334520552,-2.068490925405737,-75.73960155160766,-1.0537041,7.575483,-0.6972379,7.5777693,-5.9951096,-10.0025425,11.170417,-9.672223,-36.158813,6.5214615,-11.452164,7.503786,13.967138,0.8345872,11.350313,9.177561,23.528877,-33.494663,54.37612,13.001514,-4.6001577,14.232997,-18.903585,-25.320084,16.229502,78.02753,0.9834378,-1.8360243,-5.291976
431,-1.1457931995391846,5.467079162597656,77.9769287109375,0.21786843663704009,-2.028506393065832,-75.72873894555907,-1.1224986,7.579573,-0.72060037,7.601765,-5.991405,-9.964434,11.11659,-9.664796,-36.161175,6.5249157,-11.451684,7.45908,14.021517,0.76504606,11.376166,9.162551,23.541155,-33.445602,54.35611,13.0308895,-4.5847726,14.221894,-19.011478,-25.219456,16.346708,78.04288,0.98514885,-1.7767174,-5.2808456
432,-1.153148889541626,5.471783638000488,77.98006439208984,0.21105697067588994,-2.0020331045757738,-75.71771986532545,-1.1683183,7.586832,-0.738389,7.6112313,-5.9847145,-9.950089,11.081404,-9.653984,-36.168335,6.525419,-11.449271,7.4345164,14.077184,0.70610565,11.417608,9.146448,23.555151,-33.406204,54.338753,13.051541,-4.5770764,14.219246,-19.108952,-25.12345,16.414019,78.050385,0.9931234,-1.7367371,-5.274348
433,-1.1607764959335327,5.481799602508545,77.97697448730469,0.20042784813562622,-1.9986177082567862,-75.70792878529319,-1.1722829,7.5988326,-0.74518025,7.591521,-5.9711037,-9.973862,11.077855,-9.638564,-36.182175,6.5206137,-11.44361,7.4425893,14.137466,0.6718079,11.486245,9.12692,23.565042,-33.382748,54.322395,13.059459,-4.5828,14.234124,-19.180033,-25.050621,16.404573,78.030785,1.0208302,-1.7270609,-5.2691503
434,-1.1671360731124878,5.490435600280762,77.96952056884766,0.18912925360080704,-2.0091285241520804,-75.6982454315062,-1.152323,7.614273,-0.7458224,7.5559483,-5.9546843,-10.020791,11.092415,-9.619947,-36.200764,6.514044,-11.436802,7.4702005,14.191301,0.6374476,11.564725,9.1137495,23.578297,-33.358337,54.314537,13.063483,-4.595851,14.262314,-19.262314,-24.953072,16.354816,78.03094,1.0522913,-1.7380605,-5.276991
435,-1.1727244853973389,5.500015735626221,77.96202850341797,0.17688515079703734,-2.0191429144952373,-75.68639582404947,-1.1334194,7.6293116,-0.74795824,7.5193686,-5.936636,-10.069683,11.107824,-9.600539,-36.221466,6.5049233,-11.428222,7.4992657,14.240988,0.5946654,11.6414585,9.098057,23.598827,-33.340427,54.31688,13.060211,-4.6083126,14.286758,-19.361128,-24.835608,16.312288,78.05405,1.0859021,-1.7520208,-5.2935143
436,-1.1784658432006836,5.50937557220459,77.95854187011719,0.16715602698747423,-2.014796940243154,-75.67020725218471,-1.1381909,7.640595,-0.7590768,7.4926915,-5.916401,-10.099186,11.103891,-9.58479,-36.241264,6.5006857,-11.421657,7.5118313,14.288888,0.54290646,11.708033,9.077939,23.62602,-33.328503,54.321648,13.054818,-4.612885,14.288245,-19.468628,-24.720005,16.306955,78.08523,1.1058686,-1.7500877,-5.307875
437,-1.181227445602417,5.517556667327881,77.96165466308594,0.1610735878316709,-1.9895590477541738,-75.64627035642559,-1.1821327,7.6456604,-0.78546023,7.4888854,-5.896111,-10.099154,11.073805,-9.572874,-36.26031,6.497858,-11.414674,7.4995317,14.337045,0.4837597,11.76123,9.045678,23.65743,-33.329796,54.33128,13.043138,-4.606288,14.249393,-19.575375,-24.618599,16.340261,78.11221,1.0902841,-1.7218783,-5.31511
438,-1.1851866245269775,5.52534818649292,77.96823120117188,0.15622378906415244,-1.9521036229526645,-75.61663127400963,-1.2476077,7.64703,-0.82144195,7.4944377,-5.8731275,-10.082371,11.02735,-9.564213,-36.279667,6.4988885,-11.4086,7.4732733,14.395746,0.43478224,11.813221,8.9883995,23.679327,-33.354782,54.35381,13.026689,-4.5941052,14.183605,-19.65972,-24.561287,16.397047,78.10838,1.0711735,-1.6769642,-5.309057
439,-1.189940094947815,5.531132698059082,77.97727966308594,0.14971933048793112,-1.9100770974005508,-75.58732463649464,-1.3192536,7.6478624,-0.8578796,7.5021505,-5.850487,-10.06205,10.975646,-9.5556965,-36.29859,6.499273,-11.401892,7.4435635,14.444463,0.369772,11.856994,8.946403,23.717474,-33.371677,54.37021,13.011248,-4.578594,14.119863,-19.770521,-24.470198,16.46698,78.13901,1.0432646,-1.6325623,-5.3119955
440,-1.1960161924362183,5.538669586181641,77.98348236083984,0.14373021458651666,-1.8727667558149732,-75.56404592666416,-1.3806034,7.651583,-0.88569677,7.5030966,-5.8295107,-10.051132,10.9282,-9.545929,-36.316307,6.4997573,-11.394831,7.421175,14.502543,0.32000825,11.910943,8.898808,23.745861,-33.392113,54.386913,13.009454,-4.5663085,14.084904,-19.85896,-24.408007,16.514675,78.14145,1.0392298,-1.5984191,-5.305866
441,-1.200524926185608,5.547415733337402,77.98583221435547,0.135976049991948,-1.84154653770883,-75.55142354507441,-1.4262825,7.6599298,-0.89906466,7.4922867,-5.8106174,-10.053243,10.887249,-9.5338545,-36.331783,6.4973755,-11.385764,7.409038,14.567748,0.27736577,11.971963,8.856177,23.770393,-33.409996,54.40253,13.033444,-4.55797,14.098273,-19.937822,-24.354105,16.541166,78.1336,1.0698866,-1.5794476,-5.2983823
442,-1.2067102193832397,5.56041955947876,77.98517608642578,0.1256904133681533,-1.8114677074940344,-75.54496346854405,-1.4647019,7.670927,-0.90392405,7.4742208,-5.7926826,-10.061424,10.846479,-9.521225,-36.34567,6.4957857,-11.376699,7.4013634,14.627823,0.22087325,12.029757,8.833766,23.813202,-33.418774,54.40764,13.069613,-4.5492554,14.14197,-20.045292,-24.263285,16.57326,78.164085,1.120836,-1.5719806,-5.3015666
443,-1.2132678031921387,5.572405815124512,77.98239135742188,0.11594566126158132,-1.7829992936539265,-75.5383145167721,-1.5004742,7.6819468,-0.90874314,7.453734,-5.7740293,-10.072914,10.808525,-9.507426,-36.360035,6.492139,-11.366772,7.395881,14.688473,0.17046244,12.092327,8.811069,23.85243,-33.422344,54.409504,13.105678,-4.541236,14.186214,-20.142189,-24.186522,16.594465,78.180786,1.1703349,-1.5685847,-5.2987356
444,-1.2185537815093994,5.584207057952881,77.97809600830078,0.10639997415416509,-1.7557781402305315,-75.52491174081325,-1.5371499,7.6911716,-0.92201895,7.433594,-5.7521863,-10.08513,10.77238,-9.494379,-36.37614,6.490992,-11.358041,7.3904915,14.751975,0.13514166,12.159761,8.770663,23.875988,-33.43038,54.419044,13.119398,-4.5335045,14.203797,-20.218588,-24.143555,16.611744,78.17281,1.2097965,-1.5649977,-5.2830625
445,-1.2239371538162231,5.595081329345703,77.97525024414062,0.09682234144391623,-1.7313210355760067,-75.5005497239511,-1.5728389,7.697208,-0.94756055,7.412285,-5.724924,-10.102626,10.743766,-9.479898,-36.39543,6.486213,-11.348365,7.386422,14.799627,0.08200574,12.224672,8.75392,23.925312,-33.413567,54.39993,13.094458,-4.5217147,14.176579,-20.32615,-24.061974,16.644386,78.20813,1.2259699,-1.5704763,-5.273873
446,-1.2271032333374023,5.605458736419678,77.97575378417969,0.08669804125818477,-1.7093338648109768,-75.469670202536,-1.6052166,7.7014647,-0.98011065,7.3864293,-5.6928034,-10.12502,10.718889,-9.465908,-36.416275,6.483149,-11.339503,7.3844132,14.840745,0.03214919,12.2951975,8.738279,23.97735,-33.38718,54.369667,13.0437155,-4.5091143,14.122278,-20.432678,-23.989515,16.681284,78.24009,1.2343949,-1.5816393,-5.2585382
447,-1.2289044857025146,5.614928722381592,77.97926330566406,0.07731642642469407,-1.6857658012276961,-75.43789753691009,-1.6422224,7.705154,-1.0151676,7.3654385,-5.662394,-10.142365,10.692995,-9.451525,-36.43816,6.4791117,-11.330556,7.380697,14.890556,-0.003955528,12.365823,8.706428,24.010221,-33.36949,54.355396,12.997375,-4.498195,14.068212,-20.515518,-23.948133,16.701664,78.24589,1.2330465,-1.5874963,-5.2321796
448,-1.2303719520568848,5.625845432281494,77.9850082397461,0.06814166430117063,-1.6555027048850235,-75.41102478561025,-1.6899204,7.708797,-1.0477484,7.3542075,-5.638197,-10.144811,10.65742,-9.439732,-36.460175,6.4774623,-11.321862,7.3717237,14.94244,-0.04479589,12.428789,8.6780815,24.045609,-33.35325,54.347206,12.975425,-4.4899325,14.038493,-20.60123,-23.905006,16.727348,78.25229,1.236761,-1.5804808,-5.204098
449,-1.2312742471694946,5.634310722351074,77.99269104003906,0.05985808866153763,-1.6136382131925906,-75.391336084433,-1.7580628,7.7122087,-1.0776672,7.3619804,-5.625518,-10.119649,10.607392,-9.42971,-36.482746,6.4755335,-11.313001,7.351509,14.996349,-0.09930075,12.478371,8.663247,24.093927,-33.33541,54.339504,12.996768,-4.482783,14.043419,-20.696585,-23.848162,16.763786,78.26755,1.2481729,-1.5559402,-5.1747637
450,-1.2346200942993164,5.641876220703125,77.99906158447266,0.0519170656463312,-1.56393215243333,-75.37557622455131,-1.8407952,7.7150173,-1.1071354,7.383451,-5.6204634,-10.075448,10.545844,-9.422413,-36.505737,6.477577,-11.305807,7.323688,15.055783,-0.15589057,12.519542,8.645847,24.138659,-33.321926,54.343792,13.046305,-4.4769316,14.069576,-20.787363,-23.798061,16.801699,78.27652,1.2621958,-1.5185033,-5.1397667
451,-1.23927903175354,5.648979663848877,78.00205993652344,0.04414877686427161,-1.5147454798688254,-75.36058066626916,-1.9201387,7.717811,-1.1349014,7.400963,-5.6138387,-10.034366,10.486157,-9.41469,-36.52897,6.477715,-11.29738,7.298803,15.115114,-0.21074554,12.560438,8.629864,24.182396,-33.306465,54.34942,13.093885,-4.4750977,14.102173,-20.875797,-23.749386,16.827902,78.28214,1.2652522,-1.4764136,-5.1056514
452,-1.2431743144989014,5.653934001922607,77.99983215332031,0.03576998002403831,-1.4744882106016326,-75.34339315550318,-1.9802709,7.7216463,-1.1599691,7.40059,-5.597795,-10.018774,10.438607,-9.405978,-36.551178,6.4764633,-11.28764,7.287514,15.177367,-0.25385812,12.609899,8.6052265,24.214577,-33.290733,54.3603,13.11434,-4.480286,14.128167,-20.956903,-23.713419,16.844975,78.27965,1.2683841,-1.4374208,-5.0762806
453,-1.2469314336776733,5.6631059646606445,77.99365234375,0.026468278415300743,-1.4497136285933354,-75.32309421839904,-2.0072243,7.72743,-1.1800798,7.36957,-5.565496,-10.04628,10.412891,-9.394389,-36.572193,6.471419,-11.275398,7.2991357,15.231572,-0.29221478,12.673532,8.596015,24.254744,-33.25544,54.34942,13.088061,-4.498419,14.141724,-21.045477,-23.665073,16.83491,78.28385,1.2568396,-1.409391,-5.059267
454,-1.2489920854568481,5.673186302185059,77.98822021484375,0.01618173978210816,-1.4345667957292116,-75.30138728854482,-2.012361,7.7351937,-1.1965638,7.3174715,-5.5221324,-10.101171,10.400046,-9.381125,-36.592144,6.4650364,-11.261728,7.32584,15.287193,-0.32296616,12.745758,8.586822,24.290787,-33.213135,54.33661,13.036049,-4.52669,14.151906,-21.131584,-23.6202,16.812912,78.28492,1.248452,-1.3859328,-5.04818
455,-1.2491061687469482,5.682251930236816,77.98490905761719,0.006817697771080101,-1.41834133160353,-75.2787036892799,-2.018556,7.7416487,-1.213375,7.2651277,-5.47875,-10.1555605,10.386507,-9.369117,-36.612236,6.45833,-11.247988,7.352383,15.334385,-0.36853638,12.815611,8.599282,24.349497,-33.15521,54.301186,12.982098,-4.55078,14.158387,-21.23345,-23.548384,16.789703,78.30412,1.2143642,-1.3574773,-5.0472293
456,-1.2494008541107178,5.689389705657959,77.98686981201172,-0.0003189056787126103,-1.3906875029611712,-75.25589964463792,-2.0463886,7.7441344,-1.2342765,7.2306848,-5.4456534,-10.181316,10.3584175,-9.3610935,-36.63312,6.4543066,-11.236674,7.363568,15.3857155,-0.41056323,12.873571,8.598872,24.3936,-33.111927,54.282215,12.954705,-4.5593405,14.16673,-21.324135,-23.495451,16.784216,78.313675,1.1588306,-1.3105441,-5.0422053
457,-1.2469578981399536,5.694228172302246,77.99365234375,-0.004423651534064838,-1.3435553843500125,-75.23210543881697,-2.1133296,7.7405634,-1.2632711,7.2297454,-5.430214,-10.159909,10.306187,-9.358216,-36.655373,6.452482,-11.227792,7.3483243,15.440118,-0.4559531,12.911173,8.578876,24.426165,-33.09348,54.28949,12.95669,-4.5438404,14.178475,-21.406384,-23.458017,16.809902,78.317665,1.06277,-1.2305928,-5.037466
458,-1.2468897104263306,5.694640636444092,78.00270080566406,-0.006329762066251654,-1.2841362242687753,-75.20720920688639,-2.202397,7.7330785,-1.2971847,7.245324,-5.4238234,-10.110077,10.237543,-9.359718,-36.678177,6.4562826,-11.223062,7.3170404,15.482062,-0.5166174,12.934508,8.578076,24.476078,-33.068146,54.281612,12.974732,-4.511347,14.188679,-21.509933,-23.401304,16.872509,78.344795,0.9381928,-1.1296039,-5.040848
459,-1.247775673866272,5.6949639320373535,78.01109313964844,-0.007688171110596333,-1.2252007488061076,-75.18309363979806,-2.2908688,7.7246757,-1.3299266,7.261679,-5.4191155,-10.0594845,10.170737,-9.361732,-36.7015,6.4578757,-11.217674,7.286727,15.528209,-0.57229584,12.958481,8.568081,24.516657,-33.048214,54.28076,13.0031,-4.4762363,14.198775,-21.602509,-23.355024,16.924221,78.36227,0.8083882,-1.0314058,-5.0385165
460,-1.2473317384719849,5.695827484130859,78.0137939453125,-0.010347445736486003,-1.1793978367970772,-75.16121342887782,-2.3536987,7.719311,-1.3554385,7.2590613,-5.407429,-10.036046,10.120825,-9.361345,-36.724693,6.457119,-11.211363,7.274291,15.5759945,-0.62140447,12.995619,8.567369,24.55485,-33.012043,54.263287,13.040006,-4.4508643,14.206043,-21.689928,-23.307018,16.940613,78.375534,0.69903976,-0.96261364,-5.0262814
461,-1.248146653175354,5.699542045593262,78.01073455810547,-0.015340687636476783,-1.1539394763905995,-75.14419110487766,-2.3747149,7.7196493,-1.3681422,7.2228923,-5.383566,-10.057131,10.096697,-9.357063,-36.74755,6.4536743,-11.204374,7.290588,15.627154,-0.6647421,13.0536585,8.581397,24.59587,-32.95104,54.222897,13.08933,-4.4387784,14.208906,-21.775635,-23.247417,16.907215,78.38893,0.6284615,-0.93474215,-5.0035887
462,-1.2486824989318848,5.708502769470215,78.00373077392578,-0.021712358355862833,-1.140870416363536,-75.13036608560347,-2.3707545,7.7231593,-1.3727392,7.1681037,-5.3539543,-10.104436,10.088916,-9.35028,-36.770477,6.447139,-11.196641,7.3245306,15.686484,-0.6939493,13.124354,8.586721,24.622643,-32.88986,54.185135,13.146945,-4.4337707,14.210659,-21.84907,-23.20213,16.847599,78.39053,0.5913333,-0.9312533,-4.9687834
463,-1.2495800256729126,5.717545509338379,77.99687194824219,-0.02742489970379144,-1.1299313166241172,-75.11529580190789,-2.3647141,7.7254663,-1.3779621,7.114363,-5.3244185,-10.152686,10.085215,-9.343488,-36.793636,6.4384203,-11.187833,7.359844,15.744999,-0.7225926,13.196319,8.595098,24.647346,-32.8238,54.13909,13.207723,-4.432103,14.211598,-21.91812,-23.155718,16.775152,78.39057,0.54680514,-0.9400643,-4.9296503
464,-1.2478713989257812,5.72296142578125,77.99465942382812,-0.030968847079408175,-1.1110170455144837,-75.09442532768134,-2.3780732,7.7230372,-1.3927497,7.078421,-5.2985883,-10.176662,10.070655,-9.341228,-36.816826,6.435064,-11.180761,7.380456,15.798783,-0.7587673,13.259182,8.603363,24.675966,-32.763107,54.086006,13.259136,-4.429961,14.214122,-21.99021,-23.10538,16.73575,78.397995,0.49219337,-0.9488604,-4.892457
465,-1.2456625699996948,5.724325656890869,77.99783325195312,-0.03114667661051692,-1.079154268663474,-75.06355126940358,-2.4223442,7.712762,-1.4233701,7.0702267,-5.277785,-10.162771,10.040852,-9.344023,-36.840843,6.4348006,-11.17377,7.3784027,15.83573,-0.8072515,13.306594,8.623824,24.715002,-32.701683,54.014053,13.300687,-4.425012,14.216611,-22.072054,-23.046207,16.73598,78.41936,0.39730492,-0.95590955,-4.856846
466,-1.2428137063980103,5.7245774269104,78.0042495727539,-0.028844751520391742,-1.0404820082417932,-75.02606183063514,-2.4863284,7.6971455,-1.4639692,7.0834627,-5.262295,-10.126692,10.00367,-9.350249,-36.865387,6.4345345,-11.165237,7.3636146,15.861635,-0.8624224,13.34643,8.655164,24.763077,-32.63814,53.922504,13.335445,-4.4198475,14.217847,-22.160084,-22.984604,16.772808,78.44853,0.29413536,-0.9674333,-4.8193054
467,-1.238938570022583,5.722977638244629,78.01258850097656,-0.026153227596043084,-1.0014965952128714,-74.98886438446388,-2.5505517,7.6807046,-1.5044287,7.0974627,-5.2478437,-10.087162,9.96576,-9.357526,-36.889683,6.43634,-11.158286,7.3463464,15.889492,-0.91467595,13.386255,8.685685,24.809406,-32.57769,53.823406,13.361275,-4.4180636,14.219937,-22.240349,-22.931671,16.81054,78.46963,0.19336756,-0.981417,-4.779585
468,-1.234706163406372,5.721644878387451,78.01924896240234,-0.02507104094957084,-0.9687281038979703,-74.9589179584374,-2.5998607,7.667867,-1.5351499,7.099971,-5.2344127,-10.062786,9.935218,-9.362873,-36.913193,6.4352894,-11.150267,7.3371005,15.946889,-0.9422238,13.428945,8.675711,24.820112,-32.552307,53.760773,13.373929,-4.4239607,14.229026,-22.281586,-22.919065,16.816023,78.456474,0.12115066,-0.99521947,-4.7343235
469,-1.2306586503982544,5.721987247467041,78.02247619628906,-0.025761574695085585,-0.9449499537056633,-74.94121121126517,-2.6255128,7.6607,-1.5496676,7.083506,-5.22296,-10.061669,9.914151,-9.366043,-36.934814,6.4338675,-11.144073,7.338254,15.9902935,-0.9852433,13.485286,8.716502,24.858242,-32.46624,53.64165,13.389768,-4.437422,14.233591,-22.355488,-22.871086,16.821592,78.46395,0.08950819,-1.0155468,-4.6969085
470,-1.2293697595596313,5.725246429443359,78.02125549316406,-0.027686126228030766,-0.9263197625186524,-74.93079905826633,-2.6364899,7.6572514,-1.5544579,7.053377,-5.211336,-10.07298,9.898666,-9.367777,-36.95534,6.431499,-11.138235,7.344397,16.041441,-1.0311089,13.542328,8.763634,24.904854,-32.380257,53.510353,13.389683,-4.456262,14.2397785,-22.429497,-22.810122,16.817255,78.47744,0.0852682,-1.0410349,-4.664113
471,-1.2271463871002197,5.72698974609375,78.01675415039062,-0.029188153745150647,-0.9090027767985919,-74.92046591283346,-2.6446056,7.652994,-1.5587964,7.0221334,-5.2000823,-10.08661,9.885525,-9.370008,-36.976273,6.428705,-11.13251,7.354032,16.102125,-1.0680703,13.599867,8.791443,24.936998,-32.31233,53.395805,13.377553,-4.4800653,14.250302,-22.4895,-22.766718,16.80579,78.477455,0.08302352,-1.0630643,-4.632682
472,-1.2238616943359375,5.726763725280762,78.01117706298828,-0.029344633507537427,-0.8890282834161941,-74.90250870543737,-2.6609077,7.644676,-1.5721759,6.998197,-5.1864147,-10.093019,9.872013,-9.373783,-36.999596,6.4252605,-11.126535,7.365533,16.157902,-1.105557,13.655484,8.814981,24.967121,-32.250706,53.287037,13.357493,-4.5069375,14.263903,-22.549868,-22.725288,16.796516,78.47553,0.046350993,-1.0755757,-4.609519
473,-1.220956563949585,5.7280168533325195,78.00714111328125,-0.02649147195271019,-0.8662438670971309,-74.8733207523641,-2.6849215,7.6298375,-1.5980105,6.978796,-5.165692,-10.090957,9.85791,-9.380915,-37.025234,6.4229975,-11.1209,7.381845,16.200996,-1.1533669,13.709273,8.842357,25.009848,-32.19173,53.171886,13.3099785,-4.542151,14.2800865,-22.623947,-22.67163,16.806303,78.48384,-0.038777668,-1.0781145,-4.6055856
474,-1.2143163681030273,5.726206302642822,78.00643157958984,-0.022242599019660064,-0.8425098073955317,-74.83762012181096,-2.714112,7.611289,-1.6313366,6.965319,-5.142556,-10.085151,9.8444605,-9.389779,-37.052326,6.4205294,-11.11455,7.402722,16.247866,-1.1932683,13.76294,8.854078,25.039766,-32.148857,53.0692,13.245613,-4.585299,14.30037,-22.683344,-22.635738,16.808968,78.47606,-0.15962723,-1.0727178,-4.608842
475,-1.2076916694641113,5.7252197265625,78.00953674316406,-0.017374260242916963,-0.8167302895948177,-74.79996644530277,-2.7472913,7.5910444,-1.6672877,6.95503,-5.120359,-10.07462,9.829851,-9.399756,-37.08113,6.4182663,-11.108924,7.421839,16.302813,-1.2205142,13.812327,8.837073,25.049099,-32.135746,53.000908,13.183703,-4.6246953,14.326005,-22.72565,-22.624449,16.811733,78.45197,-0.2705325,-1.0585766,-4.6063533
476,-1.2013146877288818,5.723134517669678,78.017578125,-0.013125289800351443,-0.7876406655347904,-74.76493797345665,-2.7840788,7.571734,-1.701532,6.9472365,-5.103882,-10.05845,9.811719,-9.40976,-37.11212,6.414597,-11.102939,7.4328094,16.341278,-1.2653759,13.861788,8.851769,25.081766,-32.091778,52.91072,13.164771,-4.646854,14.348772,-22.801292,-22.582401,16.814423,78.45543,-0.35962594,-1.0384301,-4.5972977
477,-1.1953743696212769,5.718053340911865,78.02509307861328,-0.009389563856876853,-0.7515122942385747,-74.73325809827705,-2.832337,7.5532694,-1.7346275,6.948583,-5.0972943,-10.028214,9.78388,-9.421443,-37.14595,6.4143124,-11.100131,7.4281864,16.37933,-1.3111233,13.899883,8.863926,25.113081,-32.059906,52.84112,13.197082,-4.6447625,14.376538,-22.878819,-22.536808,16.810843,78.46446,-0.41148013,-1.0048149,-4.5682983
478,-1.1863888502120972,5.710688591003418,78.03083038330078,-0.005904440298648882,-0.7100419328273414,-74.70282742396414,-2.889457,7.5344667,-1.7682157,6.9575315,-5.0976615,-9.987036,9.749774,-9.434317,-37.182137,6.4150143,-11.098771,7.4132895,16.41634,-1.3566779,13.930824,8.870197,25.138605,-32.036873,52.790718,13.265428,-4.626525,14.4088335,-22.959473,-22.493326,16.802792,78.4772,-0.44332492,-0.95973045,-4.5264034
479,-1.1801023483276367,5.704688549041748,78.03182983398438,-0.0034077726593607256,-0.6704563463675121,-74.67338875719348,-2.9426954,7.5168266,-1.8002056,6.9642835,-5.098736,-9.951564,9.71854,-9.446626,-37.219025,6.4151773,-11.096922,7.401075,16.460426,-1.3835262,13.960204,8.861385,25.144379,-32.0314,52.761776,13.340068,-4.6036916,14.44032,-23.014942,-22.480267,16.793768,78.46302,-0.4440129,-0.9119638,-4.476096
480,-1.1740375757217407,5.6988525390625,78.02767944335938,-0.0011558897928360334,-0.6397415709441999,-74.64480549460134,-2.9742196,7.50077,-1.8272887,6.9497085,-5.0903873,-9.938423,9.699638,-9.457002,-37.254814,6.4140053,-11.094129,7.4042234,16.499428,-1.4333032,14.0010605,8.862949,25.169964,-31.998499,52.72514,13.399532,-4.5855336,14.463884,-23.1148,-22.414635,16.774849,78.49754,-0.44112888,-0.8795892,-4.4519033
481,-1.1673963069915771,5.696397304534912,78.0206069946289,-0.0012092581381721434,-0.6252088599454056,-74.61813303018134,-2.973055,7.4891276,-1.8465714,6.908446,-5.0707192,-9.965113,9.703445,-9.46231,-37.289482,6.407084,-11.08716,7.4340277,16.543934,-1.4670484,14.052965,8.863398,25.187378,-31.96497,52.690403,13.433076,-4.5741286,14.478128,-23.200552,-22.361832,16.760878,78.517784,-0.38581946,-0.86525965,-4.441225
482,-1.1609326601028442,5.6955156326293945,78.0135498046875,-0.0028768746218939887,-0.621328306927098,-74.59320220637943,-2.9481268,7.480988,-1.8600683,6.8466887,-5.0434637,-10.0184355,9.721345,-9.464716,-37.32368,6.400063,-11.080018,7.480998,16.589674,-1.4966419,14.113269,8.860469,25.203289,-31.928944,52.662434,13.452864,-4.5641975,14.486589,-23.29222,-22.30321,16.750805,78.54449,-0.2900772,-0.8632096,-4.4420347
483,-1.1524157524108887,5.694528102874756,78.01001739501953,-0.003781890300161832,-0.6157585169946417,-74.5677222812415,-2.9261138,7.4711637,-1.8742743,6.7863894,-5.0158,-10.06872,9.737685,-9.468094,-37.357094,6.391878,-11.071762,7.527179,16.638334,-1.5231259,14.172247,8.852434,25.213444,-31.895742,52.641525,13.463279,-4.5578885,14.490397,-23.37625,-22.254726,16.740643,78.561356,-0.19657391,-0.85849,-4.444045
484,-1.1407451629638672,5.68919038772583,78.0110855102539,-0.002128496273287178,-0.5961445417770539,-74.53941853344351,-2.9313087,7.4559913,-1.8956574,6.74731,-4.9949346,-10.086576,9.735707,-9.476143,-37.38935,6.386945,-11.06557,7.554357,16.682432,-1.5579628,14.216304,8.844961,25.221788,-31.862684,52.62759,13.464732,-4.556712,14.491748,-23.461376,-22.204018,16.740452,78.57829,-0.14565463,-0.8378044,-4.445033
485,-1.1281598806381226,5.678537845611572,78.01710510253906,0.0039012862309641028,-0.5517939546768906,-74.50782606082142,-2.9870312,7.4321623,-1.9285973,6.749911,-4.987838,-10.050528,9.699614,-9.492806,-37.418446,6.388472,-11.061589,7.5501103,16.723614,-1.6038125,14.237256,8.830943,25.228065,-31.83819,52.626415,13.446685,-4.563337,14.487553,-23.541672,-22.159252,16.756525,78.58664,-0.15946738,-0.7903847,-4.441955
486,-1.1176611185073853,5.666304588317871,78.02662658691406,0.01279001773329801,-0.49179165918751744,-74.47390923541788,-3.0725846,7.4024324,-1.9684386,6.775363,-4.9876084,-9.9808655,9.643091,-9.514156,-37.445538,6.3915415,-11.057385,7.526525,16.76395,-1.6562679,14.243831,8.814696,25.232195,-31.816557,52.63255,13.415589,-4.5759783,14.477698,-23.616676,-22.119656,16.78187,78.586586,-0.21348645,-0.72571284,-4.4375763
487,-1.1076815128326416,5.6576385498046875,78.03455352783203,0.02213957234721666,-0.43339157677329704,-74.43848419684957,-3.1570191,7.3712687,-2.009397,6.8023806,-4.9888725,-9.9104,9.588793,-9.536707,-37.47357,6.396413,-11.055623,7.502814,16.802805,-1.7066944,14.250709,8.799247,25.23412,-31.795082,52.639328,13.382051,-4.590705,14.468321,-23.6885,-22.083925,16.804768,78.582825,-0.27340358,-0.66062206,-4.4316893
488,-1.0965862274169922,5.653499126434326,78.03578186035156,0.029455746103797656,-0.3939218435852701,-74.40222896978425,-3.2063575,7.3433714,-2.0454879,6.804499,-4.983453,-9.871957,9.560884,-9.555918,-37.50553,6.397927,-11.054731,7.498235,16.830708,-1.7525774,14.26933,8.7957,25.2338,-31.760948,52.640823,13.359127,-4.6034107,14.466557,-23.776472,-22.031212,16.822353,78.60032,-0.3067616,-0.6125733,-4.429802
489,-1.0847667455673218,5.647495746612549,78.03138732910156,0.03294867983155437,-0.38488839164684097,-74.36518494447436,-3.2017162,7.3214192,-2.0742579,6.7726293,-4.971123,-9.885681,9.575872,-9.568515,-37.544125,6.392625,-11.054942,7.5237947,16.861824,-1.778342,14.314831,8.798526,25.22964,-31.721992,52.629574,13.351638,-4.614545,14.473261,-23.852552,-21.989042,16.803478,78.60861,-0.29618907,-0.58786786,-4.42378
490,-1.0735231637954712,5.642222881317139,78.02388000488281,0.034240488965342625,-0.39473787648713643,-74.32699999573155,-3.164104,7.302473,-2.09914,6.719832,-4.9542584,-9.930278,9.617139,-9.577956,-37.586903,6.3843865,-11.056747,7.5672984,16.887789,-1.7966785,14.373149,8.8082905,25.220806,-31.673805,52.616116,13.353239,-4.62559,14.486494,-23.933872,-21.938011,16.764555,78.62738,-0.26764092,-0.5774926,-4.4199243
491,-1.0619854927062988,5.634961128234863,78.01729583740234,0.03601099500828536,-0.4063453644232487,-74.28792412517721,-3.1473176,7.2816052,-2.1265166,6.7155347,-4.9634852,-9.976076,9.660385,-9.588781,-37.630096,6.3779173,-11.059365,7.613135,16.9173,-1.8083255,14.434694,8.81577,25.212475,-31.636536,52.596817,13.3542795,-4.6349387,14.501381,-24.00163,-21.904272,16.720955,78.6286,-0.23985684,-0.5705333,-4.4095845
492,-1.0493478775024414,5.627714157104492,78.01504516601562,0.04140967412087019,-0.4026265253115583,-74.2481813652115,-3.1507566,7.2557273,-2.1558795,6.714213,-4.968339,-9.993918,9.683453,-9.604323,-37.67017,6.371896,-11.058403,7.6454954,16.940645,-1.8350098,14.478878,8.815796,25.199266,-31.604895,52.594368,13.357776,-4.6410584,14.518326,-24.084267,-21.85281,16.695856,78.646904,-0.24982205,-0.5594332,-4.403097
493,-1.0362213850021362,5.619937419891357,78.01765441894531,0.05176186434246491,-0.37392804050559786,-74.20634425622171,-3.1853023,7.222576,-2.188685,6.713581,-4.9640355,-9.967808,9.672298,-9.628046,-37.704742,6.3707376,-11.054152,7.657294,16.96602,-1.8711624,14.503306,8.808388,25.189556,-31.594408,52.591934,13.356718,-4.643288,14.538359,-24.15579,-21.816645,16.700918,78.64525,-0.30337924,-0.5370212,-4.3897963
494,-1.0197186470031738,5.610035419464111,78.02269744873047,0.06555188014430487,-0.33110197073936615,-74.1629701840542,-3.2378364,7.1846824,-2.2233825,6.714043,-4.954619,-9.916138,9.641406,-9.657203,-37.736042,6.373915,-11.048677,7.657851,16.993359,-1.912551,14.51842,8.794089,25.183287,-31.599745,52.58836,13.352536,-4.642588,14.561464,-24.215813,-21.79381,16.71901,78.62408,-0.38661754,-0.5093051,-4.370594
495,-1.0041760206222534,5.599608421325684,78.0289306640625,0.07999016290794082,-0.2879819742365834,-74.12061196851022,-3.29045,7.145774,-2.2573903,6.714464,-4.9452105,-9.861106,9.610753,-9.686953,-37.767563,6.3743024,-11.041024,7.6563044,17.026278,-1.9510822,14.536474,8.785059,25.181791,-31.60606,52.570145,13.35548,-4.63939,14.575864,-24.25328,-21.788967,16.727045,78.5754,-0.4728464,-0.48324844,-4.344417
496,-0.9882960319519043,5.58897066116333,78.03459930419922,0.09240309810028308,-0.25773544484645844,-74.08185554133286,-3.3266578,7.1102037,-2.2887452,6.714361,-4.9410744,-9.825151,9.595894,-9.714638,-37.802414,6.376832,-11.037615,7.661673,17.052357,-1.9869186,14.556639,8.766519,25.169025,-31.618351,52.57561,13.350818,-4.633854,14.580618,-24.346344,-21.752525,16.75881,78.59986,-0.5072971,-0.46999276,-4.3264427
497,-0.9735259413719177,5.579496383666992,78.03670501708984,0.10140020766251329,-0.2476651468948476,-74.05013904830221,-3.337305,7.0803,-2.3147156,6.713956,-4.9460845,-9.8189335,9.607468,-9.737299,-37.842175,6.374926,-11.03532,7.676659,17.085146,-2.0091312,14.597927,8.7600155,25.15898,-31.618406,52.559994,13.35757,-4.62443,14.554904,-24.42497,-21.729628,16.766745,78.610374,-0.48952922,-0.47310957,-4.2994056
498,-0.9616580009460449,5.571476459503174,78.03443908691406,0.10876583344525989,-0.2492311373814104,-74.02308004738354,-3.3328333,7.053729,-2.337384,6.712889,-4.9564466,-9.829014,9.634348,-9.757379,-37.884953,6.3709645,-11.034417,7.696317,17.120274,-2.0259752,14.647372,8.756412,25.143995,-31.613535,52.54333,13.372844,-4.6113153,14.510876,-24.5138,-21.701504,16.779259,78.637955,-0.4273168,-0.48854607,-4.27061
499,-0.9498776793479919,5.564205646514893,78.02999114990234,0.11634665044639937,-0.2536207411655334,-73.9953279696934,-3.3247192,7.026214,-2.3604147,6.7113647,-4.966537,-9.841251,9.665749,-9.7775345,-37.92863,6.3653955,-11.032944,7.718507,17.152243,-2.0410595,14.69777,8.750831,25.125917,-31.60994,52.530746,13.388485,-4.598208,14.469297,-24.608662,-21.672443,16.795982,78.67233,-0.35770938,-0.50260735,-4.2459764
500,-0.9347108006477356,5.558391094207764,78.02375030517578,0.1262791622797354,-0.25109976482964247,-73.96215505009337,-3.3260555,6.9939227,-2.3873289,6.7112546,-4.972005,-9.841559,9.687618,-9.802475,-37.97029,6.3652644,-11.032783,7.7410903,17.188957,-2.056654,14.74543,8.751757,25.119272,-31.611822,52.50075,13.40554,-4.588218,14.4473505,-24.657934,-21.663025,16.793665,78.64989,-0.32049903,-0.49710712,-4.2269783
501,-0.9179666638374329,5.551241397857666,78.01932525634766,0.14059787199452065,-0.24188901537562724,-73.91891385044437,-3.3368344,6.9534664,-2.4210715,6.7102156,-4.9680123,-9.825167,9.703682,-9.832343,-38.01089,6.361437,-11.028104,7.7660956,17.214266,-2.0768201,14.787352,8.741032,25.10093,-31.612795,52.49013,13.430394,-4.5801973,14.460385,-24.757286,-21.637283,16.793524,78.683716,-0.33577594,-0.47847718,-4.2255445
502,-0.9010000824928284,5.545816421508789,78.02013397216797,0.15729830500621142,-0.22776989981699053,-73.87017700585301,-3.3543649,6.9083033,-2.4584625,6.709925,-4.95903,-9.799993,9.714414,-9.865565,-38.050426,6.3589983,-11.023101,7.7934966,17.235395,-2.1014874,14.821182,8.732089,25.080715,-31.614782,52.482952,13.460822,-4.5729365,14.494798,-24.834948,-21.610092,16.79444,78.69275,-0.37324595,-0.44292742,-4.2388344
503,-0.8826317191123962,5.537471771240234,78.02566528320312,0.17462576556832954,-0.21243671211277212,-73.82085619405927,-3.3730304,6.8618307,-2.4964359,6.709199,-4.949744,-9.770761,9.722746,-9.900816,-38.089245,6.3593707,-11.019236,7.819348,17.257067,-2.1261504,14.852439,8.724864,25.060383,-31.617296,52.47566,13.490847,-4.569946,14.535766,-24.910332,-21.583647,16.792465,78.69981,-0.41377637,-0.40283567,-4.25357
504,-0.863015353679657,5.5290446281433105,78.03256225585938,0.1908861977450961,-0.1984115402808259,-73.77634366861372,-3.3889337,6.8177066,-2.531627,6.708471,-4.9454927,-9.742355,9.732781,-9.934515,-38.127827,6.3574862,-11.0148945,7.8396115,17.282135,-2.1494238,14.881484,8.711269,25.039913,-31.630344,52.47722,13.503709,-4.5748777,14.571803,-24.98928,-21.55664,16.802494,78.712906,-0.42172465,-0.36706012,-4.261376
505,-0.8443207740783691,5.516089916229248,78.03844451904297,0.2058447316976195,-0.18478381651967762,-73.73896335819437,-3.403032,6.77669,-2.563228,6.7090073,-4.9498982,-9.712892,9.741485,-9.967464,-38.165905,6.3571033,-11.012247,7.8490634,17.314688,-2.1706204,14.907867,8.698058,25.022491,-31.65341,52.479706,13.499594,-4.592224,14.60201,-25.065899,-21.532686,16.823503,78.72572,-0.3851414,-0.33563885,-4.254835
506,-0.8257778286933899,5.5027289390563965,78.04064178466797,0.21999201653747774,-0.17067293574080264,-73.7054801272977,-3.4167266,6.7371187,-2.593107,6.709318,-4.958424,-9.680964,9.7483225,-10.000844,-38.20346,6.358757,-11.011082,7.8512883,17.350712,-2.1914148,14.929833,8.683296,25.005653,-31.685228,52.487663,13.482583,-4.619036,14.632819,-25.14481,-21.508402,16.856089,78.74379,-0.31969485,-0.30500007,-4.2416706
507,-0.8096691370010376,5.489335060119629,78.03817749023438,0.23393324565008652,-0.15895713810766185,-73.67321515388426,-3.427269,6.6980886,-2.621562,6.7098784,-4.968222,-9.651583,9.758322,-10.033522,-38.24061,6.359695,-11.009947,7.8553123,17.390066,-2.2099965,14.9587965,8.675123,24.996424,-31.710783,52.47925,13.464825,-4.646163,14.656095,-25.210775,-21.493994,16.87535,78.741615,-0.2555345,-0.27535594,-4.2258782
508,-0.7934250831604004,5.4776611328125,78.03302001953125,0.24845118591170146,-0.15235804128349953,-73.6390821979145,-3.4315023,6.658632,-2.6489055,6.710107,-4.9761724,-9.629808,9.776025,-10.065059,-38.277393,6.3583484,-11.007925,7.870256,17.428076,-2.2276616,14.988684,8.668387,24.983948,-31.729311,52.472244,13.451437,-4.6652117,14.670366,-25.282837,-21.47464,16.886745,78.75055,-0.20757334,-0.25047064,-4.2223268
509,-0.7767161130905151,5.471637725830078,78.0262451171875,0.2632921670567819,-0.15596116915470817,-73.6026955650768,-3.4232178,6.6191053,-2.6738143,6.709426,-4.9813986,-9.622722,9.806073,-10.09604,-38.313354,6.358044,-11.005903,7.904902,17.459074,-2.2433803,15.028828,8.669213,24.964388,-31.721514,52.457745,13.452847,-4.67194,14.668966,-25.356342,-21.445515,16.863848,78.75906,-0.20167032,-0.23306538,-4.2370195
510,-0.7574225068092346,5.465646266937256,78.02125549316406,0.27838360348285446,-0.16655442696752232,-73.56571650034114,-3.406381,6.5796785,-2.696505,6.708829,-4.9860096,-9.625672,9.846557,-10.125218,-38.3488,6.353703,-11.001839,7.9522243,17.48976,-2.25149,15.078043,8.689735,24.954023,-31.700829,52.41068,13.4557495,-4.6706815,14.652153,-25.414906,-21.431168,16.822817,78.74614,-0.20838583,-0.21975589,-4.2562966
511,-0.7422956824302673,5.456967353820801,78.02163696289062,0.2940554078451521,-0.17585054198027453,-73.52765857656473,-3.391114,6.5396814,-2.7199433,6.707712,-4.9892635,-9.626337,9.88509,-10.155051,-38.3841,6.350305,-10.99841,7.9978046,17.520378,-2.2717538,15.127481,8.687922,24.929007,-31.66801,52.39966,13.47578,-4.669227,14.638097,-25.488016,-21.393549,16.768553,78.75108,-0.24014819,-0.20654012,-4.284643
512,-0.7254964113235474,5.44961404800415,78.02667236328125,0.30965282790477433,-0.1744597835469862,-73.48885699689338,-3.3890605,6.4991775,-2.7468126,6.707665,-4.9921813,-9.612302,9.909953,-10.185751,-38.41903,6.348364,-10.996511,8.027013,17.549751,-2.2896123,15.162324,8.692032,24.915253,-31.660702,52.378532,13.472956,-4.6669226,14.633656,-25.545124,-21.370756,16.749763,78.737045,-0.25449333,-0.17998657,-4.3027086
513,-0.7079722881317139,5.433896541595459,78.03343963623047,0.3262580934429077,-0.1523853488670727,-73.44758796435127,-3.413305,6.456956,-2.7801635,6.708182,-4.9915533,-9.572403,9.908932,-10.218214,-38.45367,6.349399,-10.997578,8.028398,17.577051,-2.321709,15.167032,8.671314,24.898523,-31.681646,52.404373,13.455074,-4.671255,14.651827,-25.621548,-21.336748,16.78825,78.75427,-0.25707808,-0.1392666,-4.316281
514,-0.6924923658370972,5.418537616729736,78.04055786132812,0.34290950934263253,-0.11735868313259121,-73.40489404492516,-3.4532657,6.4140615,-2.817252,6.709171,-4.9891086,-9.51589,9.890511,-10.252143,-38.48714,6.3537307,-11.000602,8.012235,17.608631,-2.3562722,15.166048,8.648377,24.894075,-31.718645,52.419632,13.425638,-4.6754894,14.677851,-25.668934,-21.32111,16.838903,78.72919,-0.2644567,-0.08351708,-4.3175983
515,-0.6758651733398438,5.403375625610352,78.04441833496094,0.35968546678802454,-0.0855576644333266,-73.36233943667477,-3.4889822,6.37124,-2.8543892,6.7096453,-4.9876857,-9.461073,9.877493,-10.285365,-38.521965,6.3559384,-11.004011,7.99667,17.63707,-2.3886347,15.155753,8.629035,24.89036,-31.7651,52.4435,13.387896,-4.6780057,14.705065,-25.735903,-21.299006,16.912659,78.73825,-0.2495596,-0.029975103,-4.3227863
516,-0.6578242182731628,5.390379905700684,78.04244995117188,0.37585749444284167,-0.07468213261233435,-73.32243512522184,-3.4990618,6.3298893,-2.887264,6.7104654,-4.9913588,-9.426364,9.890708,-10.317313,-38.558926,6.35682,-11.008133,7.999817,17.668058,-2.4115539,15.173936,8.6205225,24.888336,-31.785831,52.445652,13.372599,-4.674831,14.716867,-25.788792,-21.282928,16.940487,78.72373,-0.2358719,0.014929591,-4.329861
517,-0.6415730118751526,5.378509044647217,78.03609466552734,0.38965468925457714,-0.09731298825433121,-73.28657583524216,-3.4669013,6.292131,-2.9138372,6.7103252,-5.003678,-9.42685,9.94817,-10.344988,-38.601227,6.3520765,-11.012183,8.032661,17.697718,-2.4193099,15.221441,8.626448,24.883873,-31.780336,52.43311,13.376433,-4.6628194,14.70595,-25.85363,-21.259624,16.924116,78.72661,-0.20204565,0.040142104,-4.346661
518,-0.6269873380661011,5.369855880737305,78.02717590332031,0.4020853225319405,-0.14175581295183454,-73.25341698308034,-3.4079597,6.2568035,-2.9366536,6.710292,-5.0217257,-9.449434,10.03364,-10.3705,-38.64688,6.3453608,-11.017158,8.083516,17.727242,-2.4171417,15.290716,8.643029,24.877441,-31.753046,52.408157,13.39863,-4.6443734,14.68026,-25.915817,-21.234272,16.866165,78.72611,-0.16645887,0.05511998,-4.367894
519,-0.6116860508918762,5.362542152404785,78.01934814453125,0.4154594990052088,-0.1875926994182192,-73.22025770879985,-3.3467,6.2202086,-2.9588218,6.7092295,-5.039031,-9.469782,10.120759,-10.397226,-38.691494,6.338065,-11.021835,8.136436,17.758411,-2.4132214,15.361822,8.658593,24.871782,-31.727924,52.383602,13.422847,-4.6259193,14.655973,-25.974474,-21.213562,16.81096,78.72225,-0.1280298,0.07115448,-4.389525
520,-0.5932525992393494,5.3510212898254395,78.01754760742188,0.43301218614504805,-0.21446967262066235,-73.1842551169105,-3.309645,6.1783333,-2.9836285,6.709314,-5.050465,-9.463721,10.181039,-10.430621,-38.73009,6.3368173,-11.027558,8.175353,17.787361,-2.4308517,15.414492,8.65824,24.86316,-31.70936,52.388554,13.447245,-4.613624,14.651964,-26.041544,-21.17026,16.765623,78.73233,-0.1298825,0.09892308,-4.417316
521,-0.5748145580291748,5.337318420410156,78.02261352539062,0.45758697456996794,-0.212064315543281,-73.14318333048729,-3.309541,6.127567,-3.0122564,6.7105446,-5.0521502,-9.41253,10.202449,-10.473147,-38.758453,6.338508,-11.03217,8.193372,17.815556,-2.461822,15.439884,8.652164,24.859621,-31.715244,52.402443,13.458173,-4.6101155,14.674263,-26.10056,-21.139704,16.780474,78.732185,-0.15069719,0.14849034,-4.441773
522,-0.5574344396591187,5.324674129486084,78.02801513671875,0.4871662087964979,-0.192886992555598,-73.0989814509362,-3.3305225,6.070363,-3.0428162,6.712456,-5.0480766,-9.333154,10.199515,-10.523545,-38.779892,6.3453746,-11.03741,8.199995,17.843575,-2.5030656,15.450922,8.642093,24.859005,-31.731138,52.42355,13.466479,-4.612201,14.712558,-26.156305,-21.114845,16.822042,78.72815,-0.19312231,0.21082559,-4.465426
523,-0.540416419506073,5.310817241668701,78.03474426269531,0.5160722438849985,-0.17082404552235378,-73.055273143919,-3.3552325,6.014092,-3.073984,6.714045,-5.042926,-9.254941,10.194092,-10.572246,-38.80216,6.350261,-11.041305,8.203572,17.874407,-2.541278,15.462714,8.628796,24.859879,-31.749514,52.443424,13.475714,-4.6163807,14.75258,-26.203358,-21.101578,16.858091,78.712296,-0.23474881,0.27394065,-4.4821444
524,-0.5225339531898499,5.296708106994629,78.03944396972656,0.537320344849535,-0.1592052501827892,-73.01796401764453,-3.3655095,5.9675093,-3.1021266,6.7147293,-5.0429955,-9.207474,10.20317,-10.611061,-38.83025,6.3516903,-11.043045,8.212077,17.90821,-2.562951,15.479687,8.627126,24.860107,-31.755266,52.450478,13.492713,-4.6188445,14.776253,-26.228777,-21.09907,16.864723,78.68022,-0.25313413,0.31975892,-4.4902854
525,-0.5060563087463379,5.285516262054443,78.03885650634766,0.5506373259175676,-0.16605799280556005,-72.98400633113276,-3.353895,5.9296594,-3.1328454,6.7150493,-5.050653,-9.206893,10.24042,-10.639039,-38.875206,6.347513,-11.042112,8.228903,17.935493,-2.5718899,15.511774,8.619564,24.861221,-31.771242,52.46253,13.4914665,-4.6241174,14.793527,-26.30139,-21.084225,16.874449,78.69233,-0.20247535,0.36054865,-4.4920535
526,-0.4899015724658966,5.275698184967041,78.03437042236328,0.5564464753580464,-0.18122265004106494,-72.95717752893785,-3.32998,5.9017754,-3.1608398,6.713247,-5.0623436,-9.235655,10.288533,-10.657572,-38.925117,6.3429933,-11.040982,8.247895,17.959991,-2.5832496,15.536158,8.626435,24.865076,-31.770367,52.47855,13.495651,-4.631942,14.799829,-26.388662,-21.029732,16.86093,78.74311,-0.14012787,0.38184428,-4.5007544
527,-0.4731699824333191,5.266146183013916,78.02666473388672,0.5616536203357605,-0.19740507231999316,-72.92954676469502,-3.3053079,5.8746715,-3.1889656,6.7116575,-5.074142,-9.268674,10.33762,-10.675771,-38.976894,6.33945,-11.040018,8.26934,17.984318,-2.5868235,15.568549,8.632105,24.868582,-31.764936,52.485603,13.508132,-4.6314416,14.80468,-26.457884,-20.995026,16.831493,78.765526,-0.076012835,0.40224305,-4.500296
528,-0.46010273694992065,5.257584095001221,78.02013397216797,0.5726230236685993,-0.20610836749972694,-72.89561760776144,-3.2910798,5.840162,-3.2176583,6.7109065,-5.0814686,-9.281289,10.378921,-10.699625,-39.025562,6.3336935,-11.039113,8.292727,18.008204,-2.6002905,15.595788,8.631299,24.873524,-31.765825,52.49666,13.53127,-4.6088314,14.822321,-26.524048,-20.958317,16.807749,78.785164,-0.023345225,0.42721707,-4.5033264
529,-0.4439053535461426,5.250484466552734,78.01618957519531,0.5925591445636457,-0.204524584675452,-72.85164251153545,-3.2909608,5.7946067,-3.2472897,6.710067,-5.080934,-9.264126,10.4065,-10.734766,-39.068825,6.3314247,-11.041233,8.321151,18.026339,-2.627976,15.615015,8.623431,24.881138,-31.775295,52.51105,13.567724,-4.5506115,14.85997,-26.58846,-20.913332,16.790815,78.80333,0.015024769,0.45866057,-4.512435
530,-0.4279641807079315,5.241621017456055,78.01703643798828,0.6175848999012892,-0.1973872537859477,-72.80165251238748,-3.2986908,5.742691,-3.2774234,6.709535,-5.075966,-9.231182,10.426815,-10.776004,-39.109734,6.331887,-11.045869,8.353682,18.042894,-2.6557992,15.633866,8.610307,24.886473,-31.789604,52.52236,13.61766,-4.467522,14.908594,-26.640442,-20.882528,16.773697,78.80345,0.051189795,0.4937167,-4.5179925
531,-0.41202300786972046,5.23248815536499,78.0216293334961,0.6429870274357028,-0.18756585223553363,-72.75065971284558,-3.3104713,5.6901665,-3.3077662,6.7095942,-5.070588,-9.193327,10.443473,-10.818007,-39.15035,6.332455,-11.050479,8.384326,18.059841,-2.6896362,15.647664,8.593024,24.894154,-31.808292,52.54205,13.665909,-4.381568,14.959892,-26.695208,-20.84136,16.758184,78.81094,0.07305668,0.52987504,-4.5277524
532,-0.39548227190971375,5.22031831741333,78.02743530273438,0.6637395891001097,-0.1782036734030369,-72.70424793967244,-3.3213718,5.6431837,-3.3379185,6.7100267,-5.069197,-9.161207,10.46007,-10.855265,-39.19255,6.331683,-11.05316,8.407044,18.078066,-2.7082162,15.666862,8.5811615,24.895851,-31.816307,52.55463,13.711976,-4.3173466,14.998212,-26.73006,-20.83289,16.756136,78.78508,0.085491806,0.5691807,-4.5267873
533,-0.38069796562194824,5.208027362823486,78.0321273803711,0.6772230074603739,-0.1690222830040789,-72.66473042338612,-3.3313792,5.605229,-3.367654,6.709956,-5.0733294,-9.136563,10.477017,-10.883868,-39.237896,6.327101,-11.053214,8.414521,18.107119,-2.730674,15.679351,8.554156,24.902409,-31.840944,52.595367,13.736277,-4.2813196,15.029615,-26.78332,-20.803402,16.770836,78.79105,0.07907606,0.6126564,-4.5283365
534,-0.36756274104118347,5.196302890777588,78.03237915039062,0.6864311437612294,-0.1581086494504777,-72.62878740848777,-3.3434424,5.572758,-3.397284,6.710293,-5.081112,-9.114032,10.489315,-10.909196,-39.28442,6.3275537,-11.05577,8.41186,18.12919,-2.7548518,15.6840105,8.538866,24.913116,-31.855402,52.637608,13.754534,-4.261819,15.0551605,-26.849512,-20.763044,16.814854,78.813675,0.061160207,0.6598251,-4.5304666
535,-0.35067111253738403,5.184825897216797,78.030517578125,0.6950511163777292,-0.14825688806597004,-72.59357500025564,-3.354547,5.540547,-3.4273424,6.710958,-5.088827,-9.094021,10.501459,-10.935355,-39.330616,6.3307486,-11.058717,8.411601,18.15095,-2.774467,15.6936655,8.526138,24.921915,-31.861303,52.673847,13.770553,-4.248695,15.072627,-26.904736,-20.733006,16.855387,78.8174,0.036505554,0.7018137,-4.5346675
536,-0.33357521891593933,5.176860809326172,78.02626037597656,0.7078508334526475,-0.1415275897700752,-72.55568688871192,-3.3621047,5.502684,-3.4584463,6.711161,-5.0927553,-9.076772,10.5208235,-10.963519,-39.37609,6.3258743,-11.056543,8.426137,18.17244,-2.7839925,15.711522,8.515167,24.924746,-31.863657,52.696182,13.779964,-4.231643,15.081453,-26.941689,-20.72157,16.86096,78.796,0.00080894365,0.72589827,-4.546009
537,-0.31659746170043945,5.1732964515686035,78.02073669433594,0.7259515729784337,-0.14167900512593637,-72.51419598855995,-3.3607187,5.457543,-3.4911268,6.7095556,-5.0910454,-9.067346,10.548421,-10.998503,-39.41945,6.324289,-11.054491,8.465969,18.186632,-2.7955275,15.733565,8.515583,24.929161,-31.854406,52.703316,13.773394,-4.2082505,15.075304,-26.98882,-20.69101,16.832228,78.78974,-0.040052224,0.71921176,-4.579845
538,-0.2978016138076782,5.16788387298584,78.01605224609375,0.7477227801065209,-0.1462348695155957,-72.47080354347901,-3.3546402,5.4074435,-3.5249772,6.7080994,-5.0860972,-9.06387,10.583502,-11.036231,-39.46189,6.317652,-11.048045,8.522051,18.196247,-2.8099022,15.760189,8.519433,24.933277,-31.834211,52.705193,13.756265,-4.1840377,15.057233,-27.034313,-20.645819,16.756155,78.78388,-0.112584844,0.69143254,-4.6299334
539,-0.280573308467865,5.164011001586914,78.01522827148438,0.7701693215698062,-0.14886062138207967,-72.42643708507471,-3.3511848,5.3565025,-3.5592644,6.7067423,-5.0803723,-9.056799,10.614026,-11.076094,-39.50347,6.3160777,-11.044317,8.5775385,18.208221,-2.823523,15.785775,8.522847,24.936098,-31.815754,52.70536,13.741174,-4.1584415,15.043302,-27.071583,-20.602169,16.682856,78.76806,-0.18023275,0.6612144,-4.6879907
540,-0.26365160942077637,5.160518646240234,78.01942443847656,0.7907188249806927,-0.14260677103020897,-72.38235221237899,-3.3593183,5.308118,-3.5934422,6.7062078,-5.075602,-9.036551,10.632451,-11.114146,-39.54498,6.3164005,-11.0435705,8.6153555,18.224037,-2.8470917,15.799963,8.517912,24.940434,-31.806423,52.72223,13.739722,-4.131413,15.051214,-27.113373,-20.546978,16.641356,78.761154,-0.23742363,0.6440399,-4.755525
541,-0.249996155500412,5.1535797119140625,78.02509307861328,0.8095042330386676,-0.12045212851868176,-72.33668725717963,-3.3880801,5.2620177,-3.628805,6.706275,-5.071199,-8.991039,10.629683,-11.15086,-39.587177,6.318673,-11.046437,8.624804,18.239803,-2.879093,15.797038,8.507837,24.946463,-31.809446,52.752716,13.760157,-4.0975575,15.093201,-27.155663,-20.491741,16.66824,78.75261,-0.26437408,0.6509337,-4.8298435
542,-0.23453931510448456,5.141509532928467,78.02960968017578,0.828100328585425,-0.087645232436191,-72.28956081177422,-3.431081,5.216181,-3.6650243,6.7075396,-5.066787,-8.928445,10.6153145,-11.185616,-39.629845,6.3147144,-11.047312,8.61697,18.25076,-2.9186845,15.782299,8.496992,24.954153,-31.816864,52.790657,13.792475,-4.059037,15.157531,-27.2016,-20.430033,16.73858,78.74591,-0.275709,0.6706454,-4.913232
543,-0.21714890003204346,5.132864475250244,78.03163146972656,0.8448950177023978,-0.05664372079927786,-72.24476225577433,-3.4711583,5.1731863,-3.6994457,6.708085,-5.0634613,-8.8698435,10.599635,-11.220331,-39.671024,6.3186536,-11.052573,8.607951,18.270311,-2.949664,15.773035,8.48176,24.95958,-31.829626,52.82519,13.82397,-4.0264244,15.220987,-27.23209,-20.385689,16.80751,78.71909,-0.27964488,0.69114107,-4.994974
544,-0.20245271921157837,5.126919269561768,78.03097534179688,0.8596386537306085,-0.03964871623134025,-72.20588997414603,-3.4930234,5.1339483,-3.7292614,6.708543,-5.0632234,-8.836197,10.600681,-11.251656,-39.71031,6.32155,-11.055784,8.613813,18.284359,-2.974309,15.772473,8.483839,24.964071,-31.826204,52.844444,13.838152,-4.009739,15.2636175,-27.28143,-20.324696,16.858208,78.71689,-0.28880948,0.69700974,-5.081033
545,-0.18830569088459015,5.121725559234619,78.02631378173828,0.8707783907643609,-0.045480899810826224,-72.17709101250537,-3.4840372,5.101089,-3.7511806,6.7074203,-5.068544,-8.844028,10.631091,-11.276419,-39.747456,6.3161,-11.05154,8.643786,18.304667,-2.9796975,15.795576,8.494394,24.965302,-31.811533,52.844257,13.823782,-4.019247,15.273772,-27.325197,-20.268814,16.85074,78.71,-0.3138393,0.6793739,-5.1639147
546,-0.17450420558452606,5.119305610656738,78.02058410644531,0.8785525848596711,-0.06569947240394382,-72.15531645188702,-3.4560401,5.073697,-3.7677438,6.7060986,-5.0780163,-8.878652,10.676742,-11.297796,-39.782356,6.3139453,-11.047677,8.687499,18.327991,-2.975078,15.830658,8.5129795,24.964375,-31.788183,52.83331,13.792631,-4.046578,15.26568,-27.373072,-20.205463,16.812729,78.71213,-0.34609634,0.6465481,-5.2496486
547,-0.15933747589588165,5.115634918212891,78.0150146484375,0.8871787440654388,-0.08677553548019941,-72.13385772449585,-3.4265618,5.045572,-3.7839622,6.704233,-5.086622,-8.913554,10.725618,-11.317892,-39.816757,6.3056254,-11.040156,8.732299,18.35124,-2.972668,15.864828,8.531245,24.962372,-31.766323,52.82415,13.757589,-4.07591,15.253156,-27.426039,-20.132294,16.768316,78.72169,-0.387989,0.615746,-5.339223
548,-0.14579297602176666,5.111109256744385,78.0132827758789,0.899279393996771,-0.09500358038586856,-72.10605645869066,-3.4144995,5.0120263,-3.805371,6.702867,-5.089106,-8.922688,10.756169,-11.344895,-39.850178,6.305635,-11.037493,8.765546,18.363615,-2.9909108,15.879349,8.547958,24.961016,-31.748356,52.83237,13.732294,-4.090949,15.251584,-27.505365,-20.024427,16.760715,78.76473,-0.43182263,0.60237896,-5.440921
549,-0.12787573039531708,5.105510711669922,78.0160140991211,0.9178254893592276,-0.08271192496158668,-72.0661690151699,-3.4304674,4.968369,-3.836426,6.702836,-5.0818686,-8.890564,10.76283,-11.379516,-39.88455,6.306759,-11.0360775,8.781522,18.384354,-3.0103528,15.884487,8.543122,24.961,-31.763264,52.84613,13.718523,-4.085069,15.259786,-27.5541,-19.958035,16.785845,78.76053,-0.47018602,0.62138426,-5.5324802
550,-0.11035771667957306,5.09769344329834,78.02090454101562,0.9404441914742441,-0.058380498171007704,-72.01920084405067,-3.463207,4.918299,-3.8732123,6.703605,-5.068101,-8.83407,10.754764,-11.419613,-39.91868,6.3095994,-11.035501,8.787804,18.407846,-3.035406,15.88071,8.527031,24.960548,-31.795544,52.867306,13.71153,-4.067351,15.272903,-27.593136,-19.898987,16.820639,78.74244,-0.5198633,0.65984946,-5.6233783
551,-0.09461280703544617,5.08983850479126,78.0265884399414,0.9634317847417951,-0.03362827202565917,-71.97402884391059,-3.4956248,4.8682947,-3.9080226,6.7041225,-5.0550213,-8.774759,10.746338,-11.459254,-39.95127,6.310251,-11.034295,8.791333,18.43027,-3.0662856,15.8705435,8.512517,24.958534,-31.829155,52.895374,13.704931,-4.047936,15.288316,-27.647596,-19.821972,16.865137,78.7473,-0.56630135,0.7003235,-5.719259
552,-0.07865672558546066,5.083482265472412,78.03010559082031,0.9817070709873563,-0.020259046932448056,-71.93978159459711,-3.5120273,4.8259883,-3.933751,6.7045264,-5.049811,-8.7344,10.747331,-11.495517,-39.97954,6.314774,-11.034641,8.799288,18.459188,-3.0870333,15.869853,8.507206,24.954363,-31.852777,52.913662,13.6959505,-4.038059,15.29827,-27.705952,-19.745459,16.895653,78.75917,-0.6020462,0.72760814,-5.8101144
553,-0.06516465544700623,5.079714775085449,78.03018951416016,0.9928852830538812,-0.02359051844853787,-71.92280786989491,-3.504086,4.794871,-3.9446487,6.7043357,-5.056549,-8.722281,10.76714,-11.522241,-40.002346,6.312992,-11.032026,8.812398,18.506517,-3.0856838,15.888199,8.511572,24.948637,-31.8699,52.91165,13.681605,-4.043728,15.299451,-27.751394,-19.692455,16.892467,78.7576,-0.6217586,0.7323211,-5.888691
554,-0.05029914900660515,5.074747085571289,78.02621459960938,0.9995672279208325,-0.03659927197553836,-71.91719573341994,-3.4822402,4.7711935,-3.9461577,6.704652,-5.07123,-8.725844,10.795133,-11.544694,-40.020615,6.3131194,-11.030366,8.827286,18.564346,-3.0743828,15.9138155,8.518946,24.940868,-31.887058,52.905693,13.661537,-4.057787,15.297135,-27.798462,-19.642057,16.878222,78.76265,-0.62618977,0.72405565,-5.9639583
555,-0.034802064299583435,5.070578575134277,78.02146911621094,1.0064638882786734,-0.052408290952627785,-71.91248409214624,-3.456621,4.7479844,-3.9464715,6.704697,-5.0870585,-8.733093,10.826687,-11.5669155,-40.03827,6.31233,-11.028809,8.844642,18.614656,-3.0748103,15.9292345,8.5277605,24.92377,-31.89586,52.919598,13.645079,-4.071778,15.298081,-27.87714,-19.547838,16.863022,78.81616,-0.64420533,0.71613145,-6.0495687
556,-0.019763827323913574,5.0687971115112305,78.01604461669922,1.0168231165046164,-0.06453160469802156,-71.89894034711213,-3.4366746,4.7192,-3.954003,6.7040267,-5.0977645,-8.731955,10.856081,-11.592812,-40.05896,6.3126364,-11.029366,8.86501,18.667137,-3.0702732,15.951826,8.53878,24.911955,-31.902128,52.910076,13.638806,-4.07932,15.293124,-27.930027,-19.49,16.851944,78.82476,-0.66779816,0.7283061,-6.117113
557,-0.0035273870453238487,5.064724922180176,78.01342010498047,1.0337037369792934,-0.07220444311309267,-71.8712142952728,-3.4253974,4.681114,-3.9729078,6.7044535,-5.101833,-8.720367,10.883139,-11.626146,-40.084335,6.3163996,-11.034299,8.892179,18.712748,-3.0776498,15.967669,8.544354,24.897303,-31.90609,52.90554,13.646169,-4.07504,15.285402,-27.987982,-19.422142,16.846672,78.83821,-0.71459,0.76726156,-6.18377
558,0.0147841302677989,5.0596022605896,78.013427734375,1.0550521715367476,-0.07847597554150851,-71.83568107286115,-3.4164598,4.6370893,-3.9976587,6.703307,-5.1014085,-8.7042465,10.915091,-11.66044,-40.113148,6.3097286,-11.035992,8.9245615,18.74572,-3.097179,15.976605,8.551781,24.877651,-31.899666,52.90759,13.6624155,-4.063686,15.276522,-28.06647,-19.331299,16.860416,78.87477,-0.7692489,0.8229686,-6.2537856
559,0.03081023134291172,5.050624370574951,78.01577758789062,1.0759986664461372,-0.0827760150351356,-71.79904501867183,-3.4104903,4.593199,-4.023515,6.7032166,-5.1006618,-8.684055,10.941235,-11.697196,-40.141315,6.311078,-11.040889,8.955101,18.790558,-3.1088486,15.992911,8.561688,24.86487,-31.895536,52.889557,13.683513,-4.0528135,15.266292,-28.117388,-19.275833,16.869127,78.871124,-0.8219803,0.8837203,-6.3052573
560,0.04436143487691879,5.0406341552734375,78.02001190185547,1.0932466504073326,-0.08418161570645723,-71.76783027759475,-3.407151,4.554484,-4.045266,6.702944,-5.101352,-8.660331,10.961599,-11.72954,-40.167385,6.3138323,-11.045144,8.976389,18.836395,-3.120305,16.003538,8.57194,24.849596,-31.893133,52.88066,13.696836,-4.049072,15.266478,-28.17341,-19.214466,16.873173,78.8759,-0.8847124,0.93373406,-6.34853
561,0.059538450092077255,5.032148361206055,78.02429962158203,1.1055430232855896,-0.08055843036127419,-71.74454357248858,-3.4097087,4.522212,-4.0607777,6.7046666,-5.105573,-8.627394,10.972181,-11.75734,-40.19031,6.317078,-11.046018,8.981677,18.888521,-3.129533,16.008701,8.581684,24.834103,-31.8971,52.879932,13.701235,-4.0576024,15.283181,-28.230137,-19.156826,16.884949,78.88422,-0.9503724,0.9701804,-6.378956
562,0.07347729802131653,5.028153419494629,78.02637481689453,1.1147963569505304,-0.07295255333646797,-71.72550760697666,-3.41553,4.4939165,-4.0729628,6.7050977,-5.110424,-8.587001,10.976766,-11.781215,-40.21182,6.318872,-11.044304,8.976315,18.936884,-3.1430976,16.003597,8.593784,24.812214,-31.897982,52.894005,13.7034645,-4.073279,15.313688,-28.302528,-19.08287,16.909159,78.91566,-1.0237875,0.9998088,-6.405218
563,0.08785853534936905,5.023233413696289,78.02490997314453,1.123084442977313,-0.06522953021995137,-71.70804253255181,-3.4221604,4.4673104,-4.0841923,6.7067895,-5.115502,-8.550315,10.981856,-11.802387,-40.232162,6.316572,-11.039697,8.971943,18.994255,-3.150678,16.005302,8.607519,24.795967,-31.899813,52.894447,13.70314,-4.0888853,15.340416,-28.35727,-19.032936,16.925392,78.91893,-1.0847,1.0249848,-6.416694
564,0.10100267827510834,5.018953800201416,78.02072143554688,1.131821958466698,-0.06114369365549012,-71.68966434720417,-3.4234765,4.4409585,-4.096625,6.706677,-5.1184726,-8.528599,10.988752,-11.8257885,-40.25085,6.3219213,-11.039631,8.980193,19.043482,-3.1623814,16.005867,8.620736,24.772602,-31.892494,52.904255,13.698035,-4.0965962,15.357202,-28.429571,-18.96443,16.944014,78.940125,-1.1207769,1.0449488,-6.430935
565,0.11123818159103394,5.017402172088623,78.01586151123047,1.1420391341568987,-0.06450680260796321,-71.67103194052689,-3.4153721,4.41396,-4.109825,6.7056656,-5.1182914,-8.53234,11.007145,-11.847806,-40.266727,6.3196287,-11.034911,9.010598,19.099823,-3.1697242,16.020947,8.636752,24.754692,-31.875305,52.894554,13.691378,-4.090974,15.350443,-28.488594,-18.913605,16.956617,78.93275,-1.098567,1.0584244,-6.436646
566,0.12409308552742004,5.013734817504883,78.01226043701172,1.1525118575985787,-0.0723356213393127,-71.6528398564234,-3.4011705,4.387851,-4.123102,6.7038026,-5.116176,-8.553179,11.03088,-11.86866,-40.280174,6.316161,-11.029355,9.054751,19.140728,-3.1835325,16.03326,8.660437,24.726215,-31.834635,52.893585,13.685656,-4.077506,15.333875,-28.5806,-18.832163,16.979616,78.960754,-1.0470985,1.0632339,-6.446984
567,0.13700354099273682,5.01011323928833,78.01029205322266,1.1631588925558456,-0.07828864409113281,-71.63330497113192,-3.3899295,4.3615923,-4.137661,6.7023864,-5.114528,-8.573536,11.052633,-11.890009,-40.295002,6.314187,-11.025764,9.097532,19.182089,-3.1981094,16.045767,8.682004,24.700455,-31.799082,52.89242,13.672307,-4.0642047,15.316398,-28.66859,-18.755829,17.007776,78.980064,-0.98812586,1.0676389,-6.451371
568,0.1517254114151001,5.003958702087402,78.01255798339844,1.1735433957248098,-0.07600265922720835,-71.61012850332462,-3.3899577,4.3346543,-4.1548414,6.7015643,-5.1155286,-8.575903,11.067771,-11.910189,-40.315857,6.3095946,-11.024498,9.123594,19.231878,-3.2107668,16.056412,8.69621,24.683632,-31.787819,52.889606,13.648231,-4.059312,15.308803,-28.73263,-18.704258,17.022474,78.97061,-0.9679,1.0783128,-6.4433823
569,0.16514289379119873,4.996192455291748,78.01722717285156,1.184710785408044,-0.05961463083537238,-71.581379018972,-3.4089985,4.305734,-4.1755877,6.7021923,-5.1214833,-8.548328,11.068259,-11.93227,-40.345005,6.3073564,-11.030061,9.121999,19.279541,-3.2322755,16.052065,8.702585,24.667356,-31.798006,52.904865,13.608833,-4.0678616,15.321835,-28.796852,-18.651663,17.059044,78.966515,-0.9912066,1.0971069,-6.429293
570,0.17855116724967957,4.988236904144287,78.02188110351562,1.1956517505801805,-0.03395731237246156,-71.54872437964418,-3.4403126,4.27614,-4.1991196,6.7033186,-5.130488,-8.502633,11.058575,-11.955521,-40.379562,6.308563,-11.041374,9.103157,19.323467,-3.2594452,16.03671,8.705162,24.650629,-31.820934,52.93256,13.557542,-4.084401,15.347503,-28.862165,-18.59641,17.10416,78.96653,-1.0481476,1.1205329,-6.4100704
571,0.19046974182128906,4.98005485534668,78.02458190917969,1.206188784264021,-0.008517366422074665,-71.51535175299186,-3.4720223,4.2468624,-4.2237134,6.7042236,-5.138653,-8.456903,11.047173,-11.980072,-40.415375,6.3168592,-11.056614,9.084265,19.370106,-3.2825117,16.026215,8.704465,24.638475,-31.852705,52.95644,13.506826,-4.1021028,15.3720455,-28.917883,-18.554506,17.134922,78.95083,-1.109549,1.1444894,-6.3853106
572,0.1993827074766159,4.974575519561768,78.0236587524414,1.2160759049732635,0.007270841190881877,-71.48457491965918,-3.4917707,4.218972,-4.247761,6.705136,-5.143219,-8.429205,11.049103,-12.000426,-40.44957,6.3150005,-11.06143,9.082408,19.418911,-3.2984972,16.026741,8.703374,24.627918,-31.885426,52.975597,13.47185,-4.113036,15.386665,-28.974958,-18.516748,17.154324,78.93293,-1.1305188,1.16334,-6.364528
573,0.20844556391239166,4.970817565917969,78.01997375488281,1.2243107097602366,0.007830548913657333,-71.45930625777822,-3.4915211,4.193672,-4.2692113,6.7044797,-5.141809,-8.429291,11.068523,-12.016989,-40.480083,6.308781,-11.056937,9.108495,19.45984,-3.3118436,16.03175,8.699595,24.60895,-31.918524,53.012733,13.45136,-4.1160793,15.393621,-29.06465,-18.44703,17.156818,78.95889,-1.1014167,1.1699393,-6.3620324
574,0.21608835458755493,4.96856689453125,78.01446533203125,1.2314413571639609,-0.0009939314060704095,-71.4373264504153,-3.4791944,4.1702313,-4.2895265,6.7030478,-5.136748,-8.445868,11.097263,-12.032482,-40.508556,6.303065,-11.04786,9.151394,19.499262,-3.3157651,16.051798,8.699753,24.59406,-31.947927,53.037224,13.443332,-4.115637,15.391003,-29.151215,-18.387535,17.134274,78.97116,-1.0470557,1.1707497,-6.358466
575,0.22757339477539062,4.9684858322143555,78.00899505615234,1.2383366176620878,-0.010613412470277993,-71.41345139415137,-3.4665277,4.1469774,-4.3122044,6.7011766,-5.130213,-8.465576,11.126044,-12.048091,-40.537807,6.301161,-11.040946,9.194796,19.53594,-3.325156,16.067116,8.694842,24.576702,-31.9799,53.07504,13.444886,-4.110212,15.386839,-29.253477,-18.310673,17.118315,79.006546,-0.98613906,1.1730536,-6.3635607
576,0.2395111620426178,4.9658050537109375,78.00659942626953,1.2462360110456983,-0.012921841299508038,-71.38294332147345,-3.4651077,4.121451,-4.340401,6.700269,-5.124954,-8.474836,11.149696,-12.062945,-40.570805,6.2931213,-11.034377,9.222645,19.574697,-3.3350413,16.083284,8.6903925,24.566288,-32.010235,53.09641,13.457142,-4.0985737,15.377608,-29.334332,-18.257698,17.125423,79.0063,-0.9372181,1.1906438,-6.3616996
577,0.2525135278701782,4.9625244140625,78.00736236572266,1.255385666080292,-0.0019777359869363,-71.34190768227566,-3.482488,4.093445,-4.378256,6.69944,-5.1203175,-8.470194,11.157625,-12.080527,-40.607677,6.2917376,-11.037037,9.225199,19.60842,-3.3590403,16.08051,8.678592,24.554823,-32.043938,53.13257,13.483757,-4.076685,15.366214,-29.42928,-18.192497,17.177296,79.02645,-0.9181369,1.2279308,-6.3646884
578,0.26331329345703125,4.955787181854248,78.01112365722656,1.2648239649489403,0.01634862100938123,-71.2940139384675,-3.5110161,4.0639734,-4.422778,6.6985717,-5.115108,-8.458818,11.156369,-12.099823,-40.646957,6.2948866,-11.045003,9.212906,19.64266,-3.3864226,16.075722,8.664926,24.547525,-32.077496,53.161198,13.52664,-4.0454574,15.348998,-29.51232,-18.142414,17.26669,79.02342,-0.89720964,1.2819101,-6.36506
579,0.27174192667007446,4.948899745941162,78.01695251464844,1.27473747784027,0.033607762712443284,-71.24479014095847,-3.539109,4.0338864,-4.4674134,6.6988983,-5.1118827,-8.44327,11.157388,-12.118979,-40.688297,6.295875,-11.052726,9.199842,19.674908,-3.4106047,16.073486,8.652326,24.541748,-32.108395,53.183407,13.567707,-4.015966,15.331326,-29.590696,-18.098026,17.347172,79.01362,-0.88606864,1.3350357,-6.363605
580,0.2797561287879944,4.943119049072266,78.02076721191406,1.2845958150426369,0.041359044485720836,-71.20010225119776,-3.5540152,4.0041795,-4.5055857,6.698889,-5.1118164,-8.426201,11.170148,-12.1378355,-40.730816,6.29483,-11.058864,9.199964,19.707771,-3.42695,16.080961,8.644529,24.536411,-32.132664,53.197395,13.593751,-3.9984698,15.318955,-29.67004,-18.055902,17.402925,79.008484,-0.8604169,1.3704184,-6.3615427
581,0.2875787615776062,4.937041759490967,78.01956176757812,1.2942885693090833,0.03410582016988592,-71.16276462616867,-3.549179,3.975974,-4.5329456,6.6994576,-5.118056,-8.40531,11.200971,-12.1562395,-40.77546,6.2907104,-11.062447,9.220115,19.741982,-3.4268985,16.107315,8.646126,24.53223,-32.145626,53.192013,13.598397,-4.000104,15.31365,-29.739126,-18.026573,17.40371,78.99383,-0.8249347,1.3760067,-6.3557777
582,0.296270489692688,4.933896064758301,78.01438903808594,1.304343945032652,0.017720231486765565,-71.12930852188975,-3.532122,3.9481244,-4.5537915,6.7000833,-5.128702,-8.380211,11.244651,-12.173264,-40.822468,6.28044,-11.063178,9.25167,19.76083,-3.439357,16.124924,8.651509,24.519083,-32.146263,53.21246,13.58707,-4.0123873,15.32242,-29.854445,-17.927786,17.37259,79.056244,-0.80355895,1.3591183,-6.3730273
583,0.30287274718284607,4.93264627456665,78.00651550292969,1.314446413818813,-1.4296929325141714e-05,-71.09589214847567,-3.5132964,3.919914,-4.574957,6.70043,-5.138042,-8.356521,11.288368,-12.191884,-40.869316,6.274879,-11.065575,9.285889,19.784693,-3.441368,16.152273,8.658068,24.51185,-32.14543,53.21391,13.57239,-4.027132,15.326673,-29.952211,-17.861708,17.342323,79.0877,-0.77106243,1.3452759,-6.3778634
584,0.31178775429725647,4.930258750915527,78.0008773803711,1.3249363292661744,-0.010916353986406073,-71.05840663314258,-3.5042398,3.8899693,-4.6030116,6.701127,-5.1407356,-8.339988,11.320564,-12.214098,-40.91342,6.2786484,-11.070673,9.31401,19.811491,-3.4476905,16.172028,8.654381,24.50763,-32.154457,53.22191,13.558855,-4.033371,15.325397,-30.051462,-17.801167,17.338951,79.11637,-0.74056125,1.353909,-6.3773108
585,0.320278525352478,4.929880142211914,77.99881744384766,1.337546894621437,-0.012516852753259575,-71.01583855395613,-3.5074048,3.8565388,-4.640724,6.7001543,-5.131873,-8.3368025,11.348533,-12.232368,-40.9557,6.2663345,-11.065955,9.333638,19.842297,-3.4587898,16.18339,8.639955,24.507011,-32.174236,53.232765,13.550458,-4.0244517,15.311408,-30.14863,-17.751123,17.363565,79.13404,-0.72392887,1.395351,-6.3675184
586,0.33107343316078186,4.926881790161133,78.00028228759766,1.3505008589236933,-0.009152135431203941,-70.97013687210557,-3.517211,3.8216963,-4.6845255,6.6986074,-5.1160026,-8.342548,11.365437,-12.255534,-40.994926,6.2683964,-11.066874,9.349628,19.869734,-3.476653,16.18528,8.623294,24.510254,-32.19642,53.24769,13.541379,-4.0069113,15.290829,-30.261374,-17.692818,17.420834,79.16753,-0.7048118,1.4554453,-6.3568373
587,0.34414100646972656,4.92188024520874,78.00343322753906,1.3637913808542363,-0.0033524046839788282,-70.92259568802852,-3.530845,3.785739,-4.730178,6.6972036,-5.0989013,-8.346148,11.380191,-12.278703,-41.0345,6.2684517,-11.065735,9.363304,19.90535,-3.4868402,16.19356,8.5974,24.51377,-32.222176,53.25704,13.535857,-3.9918628,15.270007,-30.349653,-17.666649,17.463083,79.16419,-0.6992063,1.524419,-6.332896
588,0.3570346534252167,4.9160847663879395,78.00658416748047,1.377308201519965,0.0028762692066881214,-70.87422042966246,-3.5447803,3.7493336,-4.7736607,6.6960626,-5.0870256,-8.336619,11.394235,-12.302333,-41.076164,6.267235,-11.062943,9.376032,19.928347,-3.5024343,16.19188,8.583222,24.52143,-32.243423,53.267532,13.521304,-3.9880257,15.263905,-30.458899,-17.616924,17.52088,79.19495,-0.6825947,1.5863929,-6.3160715
589,0.3666648864746094,4.9111647605896,78.01001739501953,1.391234920271166,0.011481932004251566,-70.82497608610228,-3.5621254,3.7118912,-4.81311,6.6962395,-5.0832047,-8.302636,11.405864,-12.325533,-41.119514,6.2619214,-11.056144,9.385715,19.951344,-3.5146387,16.194054,8.569844,24.527523,-32.255844,53.274857,13.514086,-4.0043945,15.27394,-30.550758,-17.582415,17.554558,79.2036,-0.67738783,1.6464177,-6.2923093
590,0.3767612874507904,4.905714988708496,78.0115737915039,1.4053530351268582,0.022885175441095234,-70.77453579311376,-3.583503,3.6733768,-4.850958,6.697596,-5.0837784,-8.252896,11.411572,-12.351177,-41.163197,6.2612934,-11.049865,9.392561,19.969034,-3.5273914,16.192072,8.557857,24.534441,-32.267574,53.284428,13.503405,-4.033328,15.296295,-30.647263,-17.546698,17.590971,79.219635,-0.67247695,1.707574,-6.266858
591,0.38572198152542114,4.902672290802002,78.0103988647461,1.4187646590809775,0.03183284684374214,-70.72302415854915,-3.6021328,3.6354525,-4.8896832,6.699017,-5.085548,-8.206348,11.418517,-12.378612,-41.209423,6.2673674,-11.048062,9.4011,19.993956,-3.5320554,16.197334,8.53869,24.537527,-32.276672,53.292374,13.497413,-4.063308,15.3211975,-30.726444,-17.53294,17.612196,79.21447,-0.6685776,1.7619352,-6.2342396
592,0.3929688632488251,4.900014400482178,78.00765228271484,1.431933002553919,0.03339873402468028,-70.67080207600536,-3.6113448,3.5982544,-4.9313254,6.698418,-5.0844507,-8.181867,11.442495,-12.400636,-41.262314,6.261509,-11.045949,9.415525,20.007605,-3.5384974,16.200268,8.534617,24.54504,-32.27212,53.289886,13.483932,-4.081083,15.343133,-30.829714,-17.494602,17.638847,79.24547,-0.6619229,1.7983774,-6.209675
593,0.39987093210220337,4.89742374420166,78.00132751464844,1.444104079813704,0.021390323846633655,-70.61843964509376,-3.6040158,3.5624707,-4.976767,6.697094,-5.080791,-8.194348,11.489711,-12.419097,-41.324684,6.249392,-11.048289,9.441811,20.025364,-3.5371299,16.217676,8.527577,24.551191,-32.254147,53.2792,13.468909,-4.0844655,15.356703,-30.922815,-17.464472,17.639532,79.26592,-0.6538155,1.8077943,-6.183163
594,0.4096156358718872,4.893640995025635,77.99492645263672,1.4549061900867941,0.00016513215988747895,-70.56542802054064,-3.5857048,3.5282948,-5.0251513,6.695504,-5.0763135,-8.230542,11.548317,-12.438327,-41.3932,6.246615,-11.06148,9.476001,20.040976,-3.5294404,16.242195,8.527553,24.557774,-32.22189,53.256126,13.452739,-4.079301,15.367115,-31.02307,-17.433222,17.625736,79.298256,-0.6453546,1.7953856,-6.15573
595,0.4215196669101715,4.892177581787109,77.99011993408203,1.4659255191204894,-0.019171485640067976,-70.51169565858436,-3.569521,3.4940622,-5.074499,6.6931686,-5.0707135,-8.266752,11.60833,-12.454542,-41.462963,6.234297,-11.069609,9.508037,20.06835,-3.5167096,16.262781,8.511877,24.560326,-32.207794,53.24548,13.431753,-4.068515,15.379637,-31.089647,-17.422913,17.617535,79.298164,-0.6283653,1.7863836,-6.1270328
596,0.4335830807685852,4.890842914581299,77.98939514160156,1.4766636021873454,-0.028456110862686016,-70.45531914079456,-3.5669286,3.4593422,-5.12532,6.691754,-5.0646315,-8.279702,11.650933,-12.473015,-41.528122,6.230024,-11.077377,9.52828,20.08391,-3.513523,16.28528,8.499704,24.567915,-32.175915,53.22911,13.426082,-4.0555196,15.394535,-31.200497,-17.398474,17.622948,79.337036,-0.6364652,1.7912431,-6.098205
597,0.4458097815513611,4.886415004730225,77.99320983886719,1.488428550920449,-0.017945225823659827,-70.39616043677155,-3.589986,3.4227514,-5.176525,6.69237,-5.0584073,-8.254206,11.666707,-12.492044,-41.58555,6.222313,-11.075601,9.527914,20.109234,-3.516456,16.28958,8.468148,24.57368,-32.169243,53.232998,13.424331,-4.0350494,15.416838,-31.283289,-17.386757,17.653866,79.34905,-0.66426814,1.8270879,-6.068006
598,0.45526525378227234,4.880822658538818,77.99948120117188,1.500176878181075,0.004437749408973185,-70.33480544250388,-3.627869,3.3859556,-5.228835,6.6927004,-5.051181,-8.205918,11.664207,-12.512395,-41.638363,6.2209635,-11.07363,9.51404,20.124935,-3.5270221,16.28195,8.442745,24.585716,-32.159256,53.234497,13.424898,-4.0079584,15.442222,-31.378904,-17.368761,17.729256,79.37336,-0.69336045,1.8795835,-6.0396285
599,0.4657244384288788,4.876857280731201,78.0055160522461,1.511432111809883,0.027337834392010197,-70.27317438915996,-3.667241,3.3493664,-5.2817097,6.6937027,-5.04344,-8.156795,11.6575165,-12.534749,-41.689976,6.226268,-11.073323,9.500991,20.15341,-3.5354328,16.279425,8.399867,24.592598,-32.160168,53.249626,13.432365,-3.9827604,15.471417,-31.4597,-17.362381,17.785408,79.38261,-0.72306734,1.9367344,-6.012566
600,0.47289425134658813,4.872074127197266,78.0066146850586,1.522619141627346,0.03925298317196049,-70.21448112023606,-3.692185,3.313085,-5.333219,6.693429,-5.0352855,-8.128676,11.669025,-12.552698,-41.74469,6.2194796,-11.068555,9.5025015,20.169222,-3.5369546,16.28473,8.373173,24.603563,-32.152634,53.254715,13.432021,-3.9702978,15.501069,-31.546839,-17.351715,17.837622,79.39515,-0.72858614,1.9884841,-5.994609
601,0.47735828161239624,4.870640277862549,78.00343322753906,1.532204902014913,0.03264658632851551,-70.15804607124768,-3.6948948,3.2780364,-5.385569,6.693011,-5.0267525,-8.135162,11.702629,-12.570686,-41.804413,6.216908,-11.067802,9.5285635,20.178913,-3.5208569,16.306385,8.364913,24.608759,-32.140522,53.242958,13.428517,-3.971645,15.537562,-31.645254,-17.345646,17.845415,79.42188,-0.7110067,2.0264645,-5.9854727
602,0.48462915420532227,4.870092391967773,77.99618530273438,1.5414145232482719,0.0147261048055077,-70.1040620774398,-3.6825671,3.2434204,-5.4372616,6.6902914,-5.0173874,-8.161941,11.754713,-12.583635,-41.86694,6.2010603,-11.060647,9.569318,20.179422,-3.506503,16.34426,8.36636,24.622074,-32.108433,53.22336,13.428355,-3.9857378,15.576674,-31.75655,-17.324131,17.82194,79.45434,-0.6883958,2.060342,-5.9855027
603,0.49475622177124023,4.873047351837158,77.98787689208984,1.5505029439461173,-0.0022616689613806575,-70.05053662528745,-3.6719615,3.2091308,-5.4882765,6.6882505,-5.0074024,-8.189464,11.801107,-12.600627,-41.92851,6.1969085,-11.059781,9.610544,20.184141,-3.4955513,16.382414,8.369336,24.638208,-32.07852,53.20283,13.431268,-4.0013266,15.613501,-31.870289,-17.297203,17.793667,79.4934,-0.66228855,2.0928216,-5.9923663
604,0.5056082606315613,4.875882148742676,77.98310852050781,1.5602181643102744,-0.003866512300117,-70.00013293803273,-3.6793334,3.1758513,-5.533505,6.6875196,-4.997221,-8.198142,11.825983,-12.61902,-41.982773,6.195396,-11.060253,9.636689,20.203432,-3.4802034,16.393593,8.359111,24.639553,-32.075817,53.207478,13.431195,-4.0123014,15.63733,-31.918165,-17.295149,17.788977,79.47809,-0.6445788,2.1307614,-6.0001683
605,0.5166191458702087,4.877921104431152,77.98295593261719,1.574037801617225,0.007358169227389113,-69.93958737147575,-3.7052746,3.1365914,-5.5844507,6.68622,-4.9832892,-8.176362,11.839318,-12.640191,-42.043167,6.1877084,-11.059993,9.642642,20.216627,-3.4828537,16.431486,8.32553,24.654377,-32.060123,53.205765,13.438057,-4.02163,15.645345,-32.066998,-17.275917,17.798273,79.53685,-0.654825,2.1791964,-5.9983034
606,0.5261439085006714,4.876277923583984,77.9880142211914,1.589600711699088,0.03312998629427288,-69.88089834250303,-3.7487025,3.0969872,-5.630481,6.686492,-4.968714,-8.1370735,11.832963,-12.663578,-42.097614,6.1809354,-11.060542,9.634949,20.227823,-3.4950511,16.443222,8.31293,24.674946,-32.043125,53.19599,13.447572,-4.0270553,15.637091,-32.180355,-17.255396,17.855858,79.57045,-0.65666056,2.2308989,-6.0036287
607,0.5345985293388367,4.873706340789795,77.99545288085938,1.603898359377491,0.06165678521762191,-69.82466392457565,-3.7942066,3.0593371,-5.6738844,6.685711,-4.954256,-8.095695,11.819786,-12.687962,-42.148895,6.1811357,-11.063935,9.624857,20.250242,-3.5010173,16.45592,8.281969,24.684958,-32.03941,53.203995,13.456882,-4.0316763,15.628245,-32.276142,-17.248184,17.890821,79.58614,-0.677756,2.2835495,-6.0095687
608,0.5428745150566101,4.871684551239014,78.00128936767578,1.6150661100182504,0.0846509133409802,-69.77450557580516,-3.8321693,3.0257893,-5.713607,6.685458,-4.9422674,-8.067767,11.809799,-12.71114,-42.19646,6.1870227,-11.067397,9.6228895,20.276667,-3.5014303,16.473053,8.253866,24.691353,-32.037567,53.212162,13.46111,-4.0347314,15.628937,-32.369827,-17.24474,17.9207,79.60167,-0.67940325,2.3304846,-6.0237355
609,0.5510399341583252,4.871260643005371,78.00210571289062,1.622369495259555,0.09877532294981749,-69.73299251419468,-3.8572416,2.9973104,-5.747515,6.6853447,-4.934903,-8.059553,11.813662,-12.725698,-42.24089,6.1784725,-11.059307,9.632954,20.305756,-3.4941473,16.49545,8.234517,24.696148,-32.033466,53.21784,13.458396,-4.0347276,15.647848,-32.461185,-17.242271,17.94095,79.61787,-0.65355563,2.3696856,-6.051179
610,0.5605702996253967,4.873437404632568,77.99851989746094,1.6263634906338558,0.10836311412608403,-69.69742286430444,-3.8746,2.9733639,-5.7772017,6.683771,-4.9299035,-8.062233,11.818114,-12.739895,-42.28128,6.179938,-11.053969,9.649125,20.320547,-3.4817908,16.526594,8.240245,24.709627,-32.008892,53.196915,13.448303,-4.0330653,15.673359,-32.58666,-17.23143,17.969643,79.662094,-0.6119796,2.402115,-6.0862985
611,0.568109929561615,4.877847194671631,77.99373626708984,1.6293830909277998,0.11860997125492803,-69.66438872421499,-3.8926182,2.9509914,-5.8054667,6.682585,-4.92455,-8.067932,11.822151,-12.7518425,-42.319546,6.1777725,-11.045605,9.666771,20.352324,-3.468962,16.549158,8.232607,24.712713,-32.003574,53.199192,13.441269,-4.0309834,15.698416,-32.65932,-17.22874,17.969175,79.663246,-0.59045464,2.4365122,-6.1266413
612,0.5785278677940369,4.881270408630371,77.99020385742188,1.6338273947208741,0.13122668067320956,-69.62954786569713,-3.9144418,2.9271367,-5.835765,6.6818066,-4.9164104,-8.068727,11.825946,-12.762118,-42.357693,6.166903,-11.032917,9.681376,20.379665,-3.4606233,16.586262,8.2181015,24.722555,-31.993322,53.193275,13.433588,-4.034359,15.703425,-32.78787,-17.220333,17.985195,79.70949,-0.5816128,2.4683263,-6.1575656
613,0.5870993733406067,4.885304927825928,77.98846435546875,1.6394429055333897,0.14922213740267803,-69.59025854844391,-3.9436455,2.901794,-5.871253,6.68009,-4.9018455,-8.063823,11.821788,-12.774707,-42.395847,6.1620345,-11.0242,9.692394,20.406822,-3.453151,16.612732,8.207524,24.727926,-31.99205,53.185795,13.43328,-4.040553,15.677821,-32.889587,-17.21666,17.99555,79.73296,-0.6243857,2.5076072,-6.1859946
614,0.5965269207954407,4.887273788452148,77.9897689819336,1.6450744314934362,0.16988941971559685,-69.54959881242927,-3.9768736,2.876609,-5.9092836,6.6785855,-4.883923,-8.057083,11.810193,-12.790462,-42.4322,6.167565,-11.020496,9.7021,20.435757,-3.4489968,16.639673,8.189382,24.735575,-31.997168,53.183327,13.434805,-4.050499,15.631715,-32.99098,-17.21318,18.013731,79.75279,-0.68706286,2.550571,-6.213349
615,0.6045317649841309,4.889108657836914,77.9931869506836,1.6510894937289327,0.19194064385047277,-69.51121396522181,-4.0112634,2.8516135,-5.944785,6.6775465,-4.867001,-8.047496,11.798217,-12.804462,-42.466396,6.166648,-11.013625,9.709925,20.464405,-3.4433272,16.667435,8.17654,24.745201,-32.00652,53.1741,13.426489,-4.063043,15.586549,-33.108017,-17.210535,18.044426,79.79034,-0.74095595,2.5881162,-6.233556
616,0.6142343282699585,4.890292167663574,77.9971694946289,1.6566666072677478,0.21477949904167876,-69.47956350422999,-4.044912,2.8288617,-5.972629,6.6768146,-4.8550797,-8.034452,11.783015,-12.818806,-42.495136,6.1662164,-11.007207,9.715354,20.496943,-3.4392674,16.693407,8.164463,24.757536,-32.02128,53.17165,13.404341,-4.0781174,15.565628,-33.220394,-17.20908,18.093382,79.826775,-0.75767106,2.615279,-6.243784
617,0.6230670213699341,4.891092300415039,78.00027465820312,1.6620507561198865,0.24086793345336377,-69.4553285855031,-4.0801907,2.8080676,-5.991124,6.6764383,-4.8510065,-8.013409,11.7608,-12.834338,-42.51861,6.1671376,-11.002208,9.715305,20.532875,-3.4381917,16.716509,8.153083,24.768496,-32.041016,53.17945,13.357177,-4.102668,15.586672,-33.321392,-17.209627,18.158234,79.85429,-0.72423315,2.6295564,-6.2389054
618,0.6329677104949951,4.892527103424072,78.00100708007812,1.667394005055904,0.2698131714472856,-69.4363424431506,-4.1174226,2.7887986,-6.003262,6.676302,-4.8516917,-7.986207,11.733414,-12.850832,-42.53809,6.167694,-10.99738,9.711218,20.56641,-3.434997,16.735247,8.152995,24.780169,-32.06519,53.182243,13.288645,-4.1325846,15.633663,-33.431965,-17.21168,18.251173,79.896194,-0.6508104,2.6324222,-6.22169
619,0.6423274874687195,4.893869876861572,78.00025939941406,1.6717780629850705,0.29616678022142295,-69.42234661076115,-4.1504908,2.7718039,-6.010639,6.676564,-4.853819,-7.9616265,11.704052,-12.869277,-42.55156,6.177542,-10.996766,9.708959,20.603573,-3.430408,16.757383,8.149661,24.791128,-32.08747,53.192547,13.227761,-4.1584163,15.67842,-33.539066,-17.215118,18.350107,79.93351,-0.5689729,2.6320825,-6.2012343
620,0.6503118276596069,4.8948469161987305,77.99853515625,1.6754192620749646,0.3146267711958138,-69.41276706454056,-4.172893,2.7564158,-6.0148325,6.6764035,-4.853589,-7.948143,11.687913,-12.881671,-42.560436,6.1732597,-10.986943,9.714489,20.649147,-3.4208305,16.789255,8.137691,24.79867,-32.107643,53.209644,13.197247,-4.165905,15.695048,-33.64918,-17.219416,18.434761,79.97218,-0.50921726,2.6337461,-6.1862607
621,0.6586254239082336,4.897828102111816,77.99676513671875,1.677153975296209,0.31988858135119436,-69.40698642611629,-4.1783795,2.743806,-6.016822,6.6750464,-4.849004,-7.9554906,11.688011,-12.88957,-42.563187,6.1655087,-10.97303,9.735196,20.698112,-3.4002192,16.834133,8.124919,24.803576,-32.121937,53.225082,13.219165,-4.1431894,15.666671,-33.764454,-17.224106,18.496489,80.013954,-0.4900905,2.635164,-6.1813035
622,0.6694049835205078,4.904050350189209,77.99457550048828,1.6771798133013491,0.31621143752603087,-69.40539717712741,-4.171947,2.733625,-6.0156655,6.673691,-4.8430405,-7.9765882,11.695814,-12.897106,-42.55996,6.1630316,-10.959836,9.766105,20.750473,-3.370796,16.887867,8.116076,24.806734,-32.131557,53.235245,13.276256,-4.0989804,15.610847,-33.88725,-17.230207,18.549742,80.062775,-0.48765057,2.633862,-6.1807113
623,0.6807360649108887,4.9096879959106445,77.99516296386719,1.6766043777369906,0.3123838378621341,-69.40918359396056,-4.1639876,2.7255816,-6.0104175,6.671809,-4.836471,-7.9952807,11.698079,-12.9071,-42.550602,6.170843,-10.95132,9.794316,20.814049,-3.343326,16.942652,8.095534,24.808012,-32.140182,53.260445,13.3333435,-4.0549793,15.550738,-34.0007,-17.235582,18.591913,80.10237,-0.49483448,2.6380587,-6.1795135
624,0.6914200782775879,4.914185523986816,77.99813842773438,1.6768544969173704,0.3168390575733705,-69.4190072452347,-4.165243,2.7179523,-6.0004544,6.671381,-4.8321323,-7.995064,11.689487,-12.917048,-42.537083,6.171696,-10.938364,9.807129,20.87597,-3.309699,16.987614,8.084981,24.807693,-32.142426,53.279594,13.344495,-4.0315375,15.506173,-34.135773,-17.247593,18.684668,80.16407,-0.45940083,2.6528459,-6.165843
625,0.7050675749778748,4.915579795837402,78.0035629272461,1.6784186253777742,0.33743327148725627,-69.43661874746337,-4.1848407,2.7106907,-5.9857173,6.672638,-4.8292837,-7.9622808,11.656861,-12.930439,-42.517864,6.1737275,-10.925332,9.79373,20.947958,-3.2846088,17.01626,8.06607,24.805107,-32.139523,53.319565,13.301922,-4.040259,15.48219,-34.263615,-17.264479,18.814528,80.22074,-0.37425834,2.6807683,-6.135096
626,0.7169041037559509,4.916158199310303,78.0101318359375,1.679591818371556,0.36760598067646555,-69.4607817905612,-4.2142916,2.7054222,-5.9669027,6.674187,-4.8271747,-7.908883,11.602331,-12.950704,-42.491596,6.196066,-10.922404,9.76336,21.025085,-3.2591507,17.034561,8.051421,24.799181,-32.12553,53.36396,13.230528,-4.0675287,15.4669285,-34.39487,-17.286541,18.978401,80.28157,-0.25138113,2.7180467,-6.09172
627,0.7262340188026428,4.915168285369873,78.01500701904297,1.6818343017804016,0.3954788848170002,-69.48946569396524,-4.2396584,2.7004402,-5.942604,6.6753993,-4.827101,-7.856709,11.557166,-12.964566,-42.463203,6.194205,-10.906082,9.7333355,21.10922,-3.232852,17.056278,8.030498,24.792326,-32.110283,53.4119,13.143506,-4.0978875,15.462282,-34.52614,-17.30666,19.129845,80.34061,-0.15529123,2.765285,-6.051489
628,0.736345112323761,4.9172797203063965,78.01608276367188,1.6826344023095057,0.40895332206387786,-69.52051848615963,-4.247799,2.6981533,-5.9127064,6.676259,-4.8299637,-7.828305,11.522433,-12.982375,-42.431118,6.211894,-10.900325,9.721033,21.186913,-3.1943986,17.093739,8.022053,24.78107,-32.075043,53.43702,13.06937,-4.1154337,15.467313,-34.665276,-17.329195,19.275478,80.3941,-0.11367103,2.824305,-6.027198
629,0.7450309991836548,4.922338008880615,78.01275634765625,1.6821224599706894,0.39854796309925256,-69.55653528184386,-4.225374,2.6992538,-5.87191,6.6756077,-4.839041,-7.839844,11.520965,-12.993027,-42.396038,6.216041,-10.88749,9.737334,21.281845,-3.148661,17.156155,8.00502,24.772776,-32.03921,53.454334,13.001453,-4.1140075,15.4908695,-34.797455,-17.34175,19.343443,80.43616,-0.1970623,2.902714,-6.0330215
630,0.7540992498397827,4.930130958557129,78.0079574584961,1.6809988494799988,0.3720475826983344,-69.59658284172306,-4.1832333,2.7028248,-5.8233643,6.674724,-4.8527503,-7.8759975,11.542116,-12.998736,-42.358738,6.2091985,-10.8687525,9.77113,21.357664,-3.0846324,17.239183,8.020045,24.756485,-31.962223,53.43019,12.942402,-4.102706,15.527005,-34.953682,-17.357897,19.41624,80.48083,-0.33812004,2.9986587,-6.050698
631,0.7634023427963257,4.937331199645996,78.00414276123047,1.6804551471853293,0.34595243951262256,-69.63668696448038,-4.1414075,2.7059064,-5.7745886,6.674021,-4.8660655,-7.911541,11.55959,-13.007431,-42.319828,6.211463,-10.855639,9.805798,21.442162,-3.0254776,17.319376,8.026976,24.743565,-31.893433,53.40901,12.887806,-4.0869875,15.56635,-35.10375,-17.36819,19.472256,80.52406,-0.50069255,3.0932784,-6.074537
632,0.7709931135177612,4.9439544677734375,78.00460815429688,1.6821619431109034,0.33586255900029977,-69.67131012713526,-4.119642,2.7050908,-5.734587,6.6731353,-4.873226,-7.9211674,11.5560665,-13.021764,-42.283054,6.2221518,-10.848117,9.824953,21.529636,-2.979689,17.381132,8.020317,24.733448,-31.841213,53.40059,12.848227,-4.0735188,15.59622,-35.240562,-17.377134,19.545008,80.56242,-0.61862564,3.1696055,-6.0894775
633,0.7807435989379883,4.944622993469238,78.01053619384766,1.688442229547966,0.35002229124816464,-69.69832029967766,-4.129202,2.6970708,-5.7074695,6.6735797,-4.8710594,-7.88818,11.525639,-13.040094,-42.249073,6.229774,-10.84092,9.819246,21.579031,-2.9401429,17.420328,8.04126,24.714499,-31.756533,53.37067,12.842026,-4.0639253,15.603117,-35.38715,-17.391676,19.69618,80.60062,-0.66340154,3.2215152,-6.084067
634,0.7878652811050415,4.943720817565918,78.01946258544922,1.6977154833079233,0.3791454013132095,-69.72101574711866,-4.158025,2.6845794,-5.6877813,6.6754074,-4.8637166,-7.8294034,11.476656,-13.06283,-42.215595,6.2408442,-10.837016,9.7992115,21.64359,-2.9140573,17.440058,8.040145,24.699139,-31.703066,53.35858,12.842501,-4.0524764,15.6031275,-35.51578,-17.404652,19.846212,80.636635,-0.6850759,3.256611,-6.0750313
635,0.7960450053215027,4.94266939163208,78.02798461914062,1.7076193982638554,0.41091603872967397,-69.74130093847165,-4.18989,2.6712804,-5.670267,6.6765213,-4.8554797,-7.769501,11.428262,-13.08361,-42.185925,6.244818,-10.829999,9.777704,21.714361,-2.892304,17.454586,8.030555,24.690062,-31.665934,53.35,12.848147,-4.0423064,15.604683,-35.633568,-17.414932,19.980051,80.666534,-0.7025434,3.28657,-6.063941
636,0.806169331073761,4.9425153732299805,78.03269958496094,1.714230680083896,0.4329618328682822,-69.7611895576104,-4.209283,2.662032,-5.6499286,6.6771803,-4.8522754,-7.7331963,11.390084,-13.103427,-42.160954,6.2590175,-10.829067,9.767851,21.777037,-2.8632362,17.475765,8.030467,24.68327,-31.625107,53.331776,12.859162,-4.0366254,15.61729,-35.75302,-17.423979,20.110449,80.69105,-0.713434,3.3231022,-6.0529284
637,0.8141765594482422,4.944464683532715,78.03135681152344,1.7177114514657639,0.4394487249836019,-69.78299647389932,-4.2088056,2.657622,-5.622003,6.676542,-4.8567,-7.732691,11.37872,-13.114201,-42.144444,6.25626,-10.818952,9.775425,21.836838,-2.825878,17.508461,8.03278,24.679653,-31.58768,53.30974,12.868548,-4.038056,15.65121,-35.873413,-17.429907,20.222313,80.7096,-0.7199225,3.3687336,-6.0436134
638,0.8208604454994202,4.945596218109131,78.02642822265625,1.7186781234390602,0.437741397718691,-69.80505727492168,-4.1977863,2.6566188,-5.590564,6.676069,-4.866341,-7.7529926,11.377837,-13.122981,-42.133213,6.2565274,-10.810607,9.792751,21.890322,-2.7824106,17.545786,8.044054,24.678368,-31.547491,53.27755,12.884155,-4.0443425,15.697999,-35.99188,-17.43213,20.312859,80.72095,-0.7317811,3.4181585,-6.033208
639,0.8269773721694946,4.948393821716309,78.02195739746094,1.7192440475891975,0.43552226273202355,-69.82348699101378,-4.1860747,2.6558201,-5.5625563,6.674072,-4.8748083,-7.7777033,11.380233,-13.129555,-42.125298,6.25449,-10.802033,9.812454,21.941833,-2.7413993,17.581827,8.0510845,24.68025,-31.513573,53.2497,12.907122,-4.051433,15.742376,-36.107735,-17.431335,20.400904,80.73076,-0.7430711,3.4682927,-6.0234556
640,0.8311551809310913,4.947482109069824,78.01911926269531,1.7206946437841297,0.44045687203463013,-69.8339673172084,-4.185497,2.6520586,-5.5455685,6.673813,-4.8781586,-7.790493,11.375063,-13.136652,-42.11838,6.253539,-10.7948,9.827308,21.989809,-2.7057023,17.610672,8.049836,24.684513,-31.491047,53.229992,12.939537,-4.054837,15.768708,-36.2182,-17.428532,20.470366,80.74035,-0.7876493,3.5171192,-6.0137
641,0.835878312587738,4.945294380187988,78.0204086303711,1.7236603317282033,0.4558281544839697,-69.83424051854693,-4.1995893,2.6440046,-5.5434732,6.672974,-4.871328,-7.786683,11.357992,-13.144998,-42.110397,6.2543707,-10.788349,9.836567,22.021957,-2.674656,17.629213,8.05789,24.69263,-31.466017,53.199863,12.995887,-4.0516276,15.763524,-36.33282,-17.421312,20.527262,80.756966,-0.8776246,3.563204,-6.0034313
642,0.8443764448165894,4.941849708557129,78.02471160888672,1.7271733512225713,0.477179788191269,-69.82738495062532,-4.222503,2.6337876,-5.551481,6.6726274,-4.858868,-7.775183,11.335085,-13.153068,-42.102642,6.2552905,-10.782136,9.843618,22.059845,-2.647703,17.640724,8.045542,24.699375,-31.46088,53.188755,13.069224,-4.0454473,15.7405815,-36.429707,-17.415691,20.551199,80.762764,-1.0041698,3.6081936,-5.993546
643,0.8490314483642578,4.9389166831970215,78.03020477294922,1.7306304490206383,0.5004186061030195,-69.81618901462267,-4.248695,2.6230533,-5.5642114,6.6726213,-4.8461285,-7.7597227,11.309051,-13.162629,-42.098316,6.2629175,-10.781018,9.8478565,22.093887,-2.6243117,17.649057,8.028281,24.706186,-31.460611,53.187973,13.138783,-4.039353,15.716903,-36.519024,-17.410587,20.570616,80.762566,-1.1418581,3.6550543,-5.9832187
644,0.8538334369659424,4.934973239898682,78.03626251220703,1.735060603914285,0.5212473354176075,-69.8038736553545,-4.271979,2.6121233,-5.5761194,6.672116,-4.8383617,-7.743943,11.293211,-13.168005,-42.102962,6.2574263,-10.776996,9.848561,22.115908,-2.6058831,17.662693,8.023172,24.727287,-31.453915,53.17739,13.175113,-4.036184,15.707732,-36.635048,-17.393116,20.610563,80.78833,-1.2653251,3.7024126,-5.970884
645,0.8571704030036926,4.93183708190918,78.03992462158203,1.7393785235373747,0.5405416795385162,-69.79125254266502,-4.2938595,2.602404,-5.585899,6.6725216,-4.8395705,-7.7245073,11.2802305,-13.174487,-42.11786,6.2565975,-10.780491,9.841805,22.129606,-2.5984092,17.678753,8.03097,24.76243,-31.437407,53.163956,13.17356,-4.037689,15.727543,-36.748924,-17.362095,20.647224,80.81172,-1.4032894,3.75484,-5.96138
646,0.8603916764259338,4.9268364906311035,78.04010772705078,1.7438074205110856,0.5595807973246494,-69.7768083544953,-4.3157573,2.5932126,-5.59632,6.673305,-4.846193,-7.7008586,11.267571,-13.182513,-42.14003,6.262474,-10.79148,9.829148,22.148272,-2.5918062,17.695208,8.018144,24.789175,-31.432457,53.181614,13.149997,-4.0440435,15.766854,-36.853065,-17.340624,20.704323,80.82702,-1.5219026,3.8108692,-5.9505568
647,0.8624237775802612,4.920088291168213,78.03760528564453,1.7486309431758025,0.576321415923079,-69.7598147527225,-4.3355303,2.58343,-5.6085653,6.673859,-4.852342,-7.6811814,11.261964,-13.187815,-42.16638,6.260945,-10.79987,9.818497,22.162338,-2.5832157,17.71399,7.998899,24.811312,-31.43151,53.209064,13.118532,-4.0483885,15.804198,-36.954147,-17.322859,20.747055,80.83873,-1.6470586,3.8680105,-5.9342833
648,0.8626846671104431,4.913266181945801,78.03234100341797,1.7533886955412852,0.5886993998665452,-69.73973112046525,-4.3499875,2.573249,-5.6239114,6.6733747,-4.853354,-7.6738605,11.262055,-13.192228,-42.191486,6.2586703,-10.805206,9.817727,22.172564,-2.5753353,17.735266,7.977828,24.837446,-31.43345,53.236122,13.095634,-4.0448775,15.818765,-37.058235,-17.302433,20.793093,80.85364,-1.7398521,3.9232357,-5.9117017
649,0.8632602095603943,4.908027172088623,78.02528381347656,1.758083378289291,0.5918499997641057,-69.71582514237917,-4.3534255,2.56226,-5.6426516,6.6720347,-4.847043,-7.68929,11.274101,-13.195036,-42.21427,6.2542644,-10.805624,9.834765,22.174383,-2.56531,17.764149,7.967812,24.872387,-31.43342,53.24411,13.084743,-4.0245237,15.797805,-37.17455,-17.275723,20.829964,80.879814,-1.8127801,3.976755,-5.879862
650,0.8660604953765869,4.905613899230957,78.02133178710938,1.762678422083959,0.5880000819561453,-69.68888092246257,-4.3488355,2.5509007,-5.6638346,6.6700506,-4.836179,-7.7203546,11.296072,-13.196263,-42.236835,6.2466044,-10.802011,9.863394,22.181652,-2.5480235,17.80047,7.9293284,24.890049,-31.445824,53.281506,13.084978,-3.9954047,15.757849,-37.280117,-17.264433,20.863302,80.89311,-1.8586681,4.030915,-5.837255
651,0.8686370253562927,4.902198314666748,78.02079772949219,1.7675871008528115,0.5870902545199407,-69.65947239187288,-4.34822,2.5386186,-5.687973,6.668098,-4.82386,-7.7488832,11.315049,-13.197698,-42.261024,6.2406907,-10.79974,9.890606,22.179375,-2.5377173,17.830223,7.908906,24.92688,-31.460102,53.298832,13.075842,-3.966676,15.7117,-37.39613,-17.24097,20.904667,80.92088,-1.880561,4.08163,-5.795277
652,0.8665816783905029,4.896533489227295,78.02473449707031,1.7732570385759694,0.5985392747387178,-69.62859700782077,-4.36312,2.5248914,-5.7151237,6.667357,-4.8132787,-7.756657,11.3215475,-13.199056,-42.28867,6.2305207,-10.796981,9.903483,22.176079,-2.5376585,17.850185,7.890571,24.966238,-31.470985,53.31613,13.07048,-3.9507635,15.678051,-37.499866,-17.215559,20.922377,80.93754,-1.9021664,4.127059,-5.755944
653,0.8677510619163513,4.885571479797363,78.03246307373047,1.7797516373781255,0.6315204612217548,-69.59487121941214,-4.404724,2.5087647,-5.7477674,6.6675415,-4.803327,-7.727952,11.300056,-13.20507,-42.32065,6.2300963,-10.80234,9.89092,22.172907,-2.5480785,17.85005,7.8618135,24.998318,-31.488295,53.35419,13.072498,-3.9559991,15.660156,-37.584557,-17.194508,20.92458,80.937164,-1.8985963,4.166829,-5.7176356
654,0.8707877397537231,4.87327241897583,78.0408706665039,1.786918427326654,0.6790176115269427,-69.55857542800756,-4.4643984,2.4911253,-5.7849236,6.668158,-4.792811,-7.6762466,11.259868,-13.214085,-42.355743,6.236209,-10.812666,9.862312,22.167439,-2.5668583,17.83468,7.8394575,25.03508,-31.512066,53.38781,13.074694,-3.9708054,15.649494,-37.66683,-17.169056,20.903149,80.9404,-1.8864694,4.2001452,-5.6805706
655,0.8704632520675659,4.865634918212891,78.04521942138672,1.7941994642597119,0.7253876044949726,-69.52204458388665,-4.522846,2.473351,-5.8220067,6.6692743,-4.784516,-7.626669,11.222774,-13.222034,-42.391846,6.2384543,-10.821216,9.83571,22.163206,-2.5882838,17.820034,7.8137956,25.07202,-31.535637,53.423466,13.072004,-3.988975,15.647338,-37.741753,-17.142836,20.87673,80.939186,-1.8762605,4.2303805,-5.6474433
656,0.8704241514205933,4.857219696044922,78.04297637939453,1.8003867126101294,0.7552675731997084,-69.48779203687187,-4.5605416,2.4580412,-5.8544755,6.669443,-4.780002,-7.604736,11.208516,-13.225116,-42.426193,6.230709,-10.823701,9.829061,22.159155,-2.6004863,17.819738,7.7887783,25.1022,-31.55172,53.45037,13.056489,-3.999289,15.656534,-37.82036,-17.121567,20.865826,80.94475,-1.8853788,4.2581716,-5.6208816
657,0.8693178296089172,4.851202964782715,78.03517150878906,1.8040040955634755,0.7577960447499628,-69.45713769993847,-4.5635366,2.4473293,-5.879528,6.6676927,-4.7824984,-7.627913,11.22623,-13.225182,-42.457172,6.22416,-10.825824,9.855573,22.156277,-2.6000664,17.843767,7.770734,25.130713,-31.554117,53.457832,13.018354,-3.996772,15.685138,-37.90413,-17.100761,20.866663,80.96032,-1.9364834,4.281771,-5.6066227
658,0.8687464594841003,4.846676349639893,78.02445220947266,1.8061279532313461,0.7433955098515351,-69.42855026513483,-4.545803,2.4393706,-5.900204,6.665669,-4.7900596,-7.679073,11.26548,-13.221961,-42.486748,6.2130938,-10.824915,9.902947,22.151999,-2.5895622,17.882923,7.7592235,25.153746,-31.545975,53.450096,12.966109,-3.9865403,15.72999,-37.993187,-17.083012,20.879766,80.98468,-2.009833,4.30068,-5.60061
659,0.8692454695701599,4.841774940490723,78.01599884033203,1.8080721317184094,0.7288581417418584,-69.40011445641767,-4.527473,2.4320273,-5.9207087,6.663548,-4.797485,-7.7318916,11.301317,-13.221577,-42.514675,6.2119455,-10.828868,9.950699,22.14579,-2.5806787,17.92141,7.7492733,25.176016,-31.533499,53.43864,12.914804,-3.9770758,15.77291,-38.081047,-17.064377,20.89872,81.00931,-2.0809073,4.319757,-5.5951385
660,0.8702794313430786,4.838908672332764,78.01380157470703,1.8119751430347726,0.7308585088618427,-69.37001338078254,-4.52932,2.4218388,-5.94501,6.662261,-4.7991447,-7.7598443,11.319393,-13.221304,-42.54278,6.2050076,-10.829086,9.978121,22.13574,-2.585028,17.943981,7.751004,25.204134,-31.512592,53.418354,12.887357,-3.9745142,15.79565,-38.16499,-17.036816,20.904367,81.03001,-2.1391675,4.3433323,-5.582462
661,0.8739963173866272,4.829275608062744,78.01888275146484,1.8193062273341776,0.7598545656135463,-69.3357821892938,-4.564153,2.406551,-5.976757,6.6617455,-4.7910147,-7.7483764,11.302236,-13.227821,-42.569378,6.2058973,-10.831765,9.974552,22.12761,-2.6040227,17.940165,7.746807,25.227497,-31.495941,53.410473,12.891831,-3.9836965,15.788138,-38.23608,-17.011732,20.897228,81.040344,-2.1763215,4.3757844,-5.555696
662,0.8765013813972473,4.816343784332275,78.0271224975586,1.828702696609541,0.8049400056734406,-69.29903885460469,-4.6186633,2.387847,-6.0127764,6.6618543,-4.776797,-7.7140355,11.267638,-13.235064,-42.595314,6.2015285,-10.830403,9.952458,22.120735,-2.630902,17.920572,7.739125,25.246397,-31.480371,53.408733,12.916487,-4.000347,15.761368,-38.293644,-16.988226,20.864908,81.03936,-2.2200413,4.414354,-5.519906
663,0.8744062781333923,4.803711891174316,78.03490447998047,1.8373429077244845,0.8505734724387646,-69.26413986172997,-4.6730776,2.3707738,-6.0475435,6.662044,-4.763219,-7.6772575,11.230444,-13.243059,-42.621346,6.2030206,-10.832842,9.927051,22.118088,-2.6578987,17.899342,7.728175,25.262117,-31.470297,53.409496,12.947572,-4.0170517,15.7350445,-38.34669,-16.96674,20.837585,81.03452,-2.2360582,4.450856,-5.4840474
664,0.8759521842002869,4.791587829589844,78.03852844238281,1.8428667207556135,0.8811358777882774,-69.23574806295048,-4.708136,2.3599098,-6.075408,6.6621494,-4.7565074,-7.6585,11.20991,-13.248321,-42.649334,6.2088823,-10.83956,9.91349,22.121328,-2.6751878,17.890547,7.710186,25.27146,-31.471437,53.413963,12.971323,-4.026654,15.728636,-38.392845,-16.954205,20.837622,81.0179,-2.2010438,4.4793453,-5.455929
665,0.8719615936279297,4.781928539276123,78.0362548828125,1.84427886160451,0.8900921681694782,-69.21652230400366,-4.7151904,2.3570673,-6.093094,6.6617975,-4.760408,-7.666488,11.221777,-13.243168,-42.68384,6.2002873,-10.842412,9.9164295,22.120773,-2.6821926,17.901323,7.7074294,25.287718,-31.472696,53.396214,12.983626,-4.0231333,15.751699,-38.475315,-16.925112,20.830032,81.040504,-2.1321778,4.485678,-5.4426475
666,0.8713470697402954,4.772625923156738,78.03048706054688,1.842275560275019,0.8859806140542762,-69.20371952421897,-4.70486,2.360669,-6.1043596,6.661001,-4.770754,-7.689366,11.248868,-13.23431,-42.72175,6.194299,-10.848704,9.927696,22.125778,-2.6823726,17.923002,7.698259,25.29876,-31.480295,53.383354,12.999544,-4.012034,15.794388,-38.54304,-16.901943,20.84107,81.04158,-2.0035057,4.4840283,-5.437448
667,0.8683528900146484,4.763204097747803,78.02181243896484,1.840259178328472,0.878428986875294,-69.19270150781048,-4.6903267,2.365141,-6.1134224,6.6608686,-4.782667,-7.716013,11.279091,-13.225619,-42.757736,6.1894984,-10.855868,9.942586,22.119469,-2.6865783,17.942717,7.70708,25.316866,-31.48479,53.35492,12.996959,-4.0023837,15.836662,-38.63966,-16.85299,20.855146,81.0794,-1.8963354,4.4806237,-5.438001
668,0.8646932244300842,4.752626895904541,78.01568603515625,1.8410221425711006,0.8754726314892394,-69.17999429044471,-4.681366,2.3656962,-6.1234875,6.6605453,-4.7906957,-7.735199,11.301587,-13.220491,-42.78577,6.185744,-10.862208,9.956425,22.125267,-2.6861634,17.967525,7.69443,25.319563,-31.49568,53.33797,12.985795,-4.0067763,15.858156,-38.689617,-16.845417,20.86274,81.05267,-1.8499293,4.496777,-5.4196634
669,0.8632380366325378,4.742054462432861,78.01205444335938,1.847354955500998,0.8786610341301321,-69.16343365208401,-4.6802726,2.3593323,-6.135839,6.659747,-4.792242,-7.744899,11.317652,-13.218199,-42.803497,6.172424,-10.861112,9.971179,22.131006,-2.6975257,17.977167,7.675639,25.331926,-31.538315,53.328278,12.912879,-4.0306287,15.854371,-38.771233,-16.812908,20.927708,81.07417,-1.8428135,4.531015,-5.404765
670,0.8627083897590637,4.733348369598389,78.01211547851562,1.8560795185860157,0.8836433248752252,-69.14573629870229,-4.6815624,2.3499987,-6.148539,6.659339,-4.791052,-7.7507734,11.322856,-13.224808,-42.81213,6.1782355,-10.868626,9.988411,22.139366,-2.7111216,17.993061,7.6516685,25.339228,-31.575836,53.3158,12.8247385,-4.068532,15.832171,-38.827114,-16.79688,20.983202,81.05514,-1.903403,4.581146,-5.3813553
671,0.8622282147407532,4.722967147827148,78.0159912109375,1.8653155059734434,0.8907346678173869,-69.12861453307353,-4.6851892,2.3402162,-6.1606264,6.6587834,-4.7894583,-7.7532997,11.329825,-13.2274685,-42.819633,6.1701427,-10.868876,10.002332,22.146755,-2.7247045,18.003992,7.6311727,25.346663,-31.618671,53.29974,12.731614,-4.1072445,15.80333,-38.881954,-16.780598,21.032978,81.03812,-1.9915342,4.6364255,-5.3477187
672,0.860967755317688,4.711979866027832,78.02188873291016,1.8715415761418932,0.9001502326453262,-69.11393221158957,-4.6909504,2.3344164,-6.1717315,6.658494,-4.7913013,-7.753266,11.332398,-13.228676,-42.82982,6.1675425,-10.873563,10.007471,22.156542,-2.7365558,18.012564,7.6112566,25.351748,-31.657656,53.283966,12.667523,-4.134965,15.777459,-38.936184,-16.768682,21.071466,81.022934,-2.063776,4.686916,-5.2939343
673,0.8617540001869202,4.700372695922852,78.02761840820312,1.8729923780205553,0.914815346132909,-69.10301123538021,-4.7022943,2.334809,-6.1811047,6.6589613,-4.798538,-7.7474933,11.325296,-13.228715,-42.843857,6.1761684,-10.886724,9.995684,22.164854,-2.7460003,18.015507,7.6010466,25.353647,-31.68232,53.261726,12.650481,-4.1457567,15.756004,-38.979584,-16.760944,21.08184,80.99509,-2.1333704,4.736166,-5.2094254
674,0.86098712682724,4.6869072914123535,78.03134155273438,1.872091230399772,0.93373001631441,-69.09446503705992,-4.718213,2.3383315,-6.189168,6.659884,-4.8090115,-7.736648,11.316356,-13.223474,-42.86068,6.175385,-10.896313,9.972089,22.177137,-2.7553737,18.005905,7.586294,25.354742,-31.724602,53.249058,12.642732,-4.145941,15.737479,-39.031372,-16.742077,21.06913,80.99055,-2.2148118,4.7847714,-5.1071258
675,0.8568667769432068,4.672233581542969,78.02860260009766,1.8714076010048089,0.9509570631122655,-69.0866362055901,-4.731906,2.3419483,-6.196901,6.6609607,-4.81986,-7.727292,11.311721,-13.216339,-42.878067,6.1687155,-10.902874,9.95114,22.18918,-2.766975,18.000158,7.5746365,25.352737,-31.75439,53.23469,12.652615,-4.1448917,15.717969,-39.081333,-16.723946,21.041037,80.98459,-2.3015451,4.828953,-5.0002866
676,0.8528744578361511,4.658870220184326,78.02288818359375,1.8728561167520301,0.960357272105489,-69.07757558118665,-4.735886,2.3430688,-6.2056627,6.66108,-4.8278832,-7.7261543,11.315575,-13.212431,-42.893803,6.1656346,-10.909755,9.947317,22.203339,-2.7813396,18.007143,7.563125,25.351171,-31.77514,53.21643,12.664541,-4.1508613,15.696822,-39.130215,-16.7161,21.04606,80.97467,-2.3418615,4.8641553,-4.9061985
677,0.8482280969619751,4.647021770477295,78.01560974121094,1.877600118832608,0.955839333580291,-69.06678506081273,-4.7233853,2.3406765,-6.2156615,6.660211,-4.8313127,-7.7396,11.334551,-13.213729,-42.907623,6.16971,-10.91877,9.972194,22.220972,-2.7982087,18.030437,7.551929,25.350317,-31.789146,53.19443,12.671528,-4.1677456,15.670425,-39.174393,-16.71287,21.059704,80.96365,-2.353199,4.8862495,-4.8321266
678,0.8449931740760803,4.63960075378418,78.00884246826172,1.8854491473490531,0.9412717777945641,-69.05514302228671,-4.699218,2.3348753,-6.226141,6.659922,-4.833069,-7.7623568,11.372189,-13.21257,-42.92248,6.156935,-10.91774,10.015576,22.238682,-2.809084,18.06299,7.5382395,25.348066,-31.815214,53.17128,12.663195,-4.190865,15.642106,-39.254948,-16.708033,21.109154,80.999825,-2.3170347,4.896536,-4.768251
679,0.843609094619751,4.631336688995361,78.00450134277344,1.8927546318869268,0.9282988388484416,-69.04303948009238,-4.6767917,2.3296208,-6.237452,6.6586456,-4.8337016,-7.7842093,11.402608,-13.215289,-42.934803,6.158698,-10.923729,10.058946,22.244017,-2.8184853,18.088951,7.5386534,25.34157,-31.831795,53.14211,12.657137,-4.212894,15.618911,-39.330315,-16.701447,21.168972,81.031654,-2.283424,4.9058285,-4.7114882
680,0.8433384895324707,4.619961738586426,78.00569915771484,1.8994442860298195,0.9274788969268858,-69.03073859454516,-4.6691484,2.324701,-6.249166,6.658008,-4.835922,-7.79443,11.421086,-13.21352,-42.94594,6.148304,-10.922106,10.083882,22.25295,-2.835715,18.10642,7.5377684,25.334387,-31.841187,53.116478,12.669514,-4.226752,15.608582,-39.392265,-16.697548,21.216307,81.046715,-2.2671976,4.919002,-4.654454
681,0.8419942259788513,4.606049537658691,78.01082611083984,1.903486861076227,0.9469877114595862,-69.01784282621047,-4.686836,2.3218205,-6.262176,6.658652,-4.8405914,-7.7852397,11.406204,-13.215258,-42.95057,6.154764,-10.927118,10.079106,22.265368,-2.8627503,18.10643,7.533035,25.331205,-31.851814,53.09618,12.700532,-4.2270226,15.620166,-39.43265,-16.696619,21.238436,81.03715,-2.2920196,4.935002,-4.598951
682,0.84010910987854,4.59189510345459,78.01676940917969,1.9073178832889812,0.9793032356614764,-69.00467898544765,-4.7197766,2.3188457,-6.27582,6.6590056,-4.8460207,-7.763739,11.377593,-13.2134695,-42.952156,6.150925,-10.9249115,10.056453,22.273588,-2.8894978,18.091108,7.531648,25.32583,-31.868933,53.07693,12.7358675,-4.2189436,15.647887,-39.475006,-16.695705,21.262619,81.033844,-2.333657,4.950387,-4.547308
683,0.8368979096412659,4.576990604400635,78.02133178710938,1.9083052259817608,1.0111600623259407,-68.99126278595156,-4.752919,2.3188725,-6.290224,6.6602144,-4.8518963,-7.742947,11.3306465,-13.226696,-42.951355,6.2017694,-10.951686,10.032949,22.283545,-2.9128356,18.071497,7.524496,25.312431,-31.89299,53.0686,12.766588,-4.2089076,15.679565,-39.514915,-16.695492,21.300707,81.03082,-2.358015,4.9718895,-4.497161
684,0.8360841274261475,4.563512802124023,78.02127838134766,1.9093987176962486,1.0300392513900254,-68.97776224155686,-4.7698627,2.3192227,-6.3037667,6.660567,-4.8570876,-7.7349763,11.303019,-13.238831,-42.958397,6.250045,-10.979206,10.025117,22.294207,-2.9348297,18.06477,7.522203,25.302355,-31.90541,53.054867,12.784249,-4.2086344,15.6943035,-39.5594,-16.696505,21.322672,81.02979,-2.3775268,5.0028644,-4.440214
685,0.8325351476669312,4.552667617797852,78.01576232910156,1.9100896471526876,1.0274042426771255,-68.9655096370073,-4.7608037,2.3205476,-6.3149776,6.6604743,-4.861578,-7.748896,11.315357,-13.240781,-42.97971,6.271791,-10.996837,10.042395,22.29972,-2.9444618,18.075417,7.532496,25.289156,-31.905144,53.029003,12.780426,-4.2179337,15.687707,-39.61386,-16.69797,21.32846,81.03409,-2.385265,5.0521436,-4.376499
686,0.8297455310821533,4.545199394226074,78.00975799560547,1.9107274619891434,1.0121686243197023,-68.95428082316978,-4.736122,2.3226097,-6.324406,6.6599207,-4.8661194,-7.776077,11.350468,-13.237921,-43.00998,6.279528,-11.00896,10.074327,22.309069,-2.9549189,18.097466,7.54631,25.279583,-31.898191,52.998142,12.764264,-4.2324667,15.668123,-39.664764,-16.699549,21.329601,81.03142,-2.3704927,5.1141257,-4.3107247
687,0.8263286352157593,4.537520408630371,78.00479125976562,1.9114821779522921,0.9952885955973189,-68.94123676782606,-4.7098446,2.3239303,-6.3351955,6.6590576,-4.869558,-7.8023953,11.38712,-13.236056,-43.04159,6.289999,-11.022842,10.107252,22.305624,-2.9585464,18.124422,7.5584493,25.250286,-31.875032,52.976936,12.751462,-4.2517734,15.646777,-39.742226,-16.705528,21.363558,81.04934,-2.3411143,5.1769876,-4.2363677
688,0.8242130279541016,4.52800178527832,78.00421142578125,1.9137547167706985,0.9900437016399873,-68.9250445905944,-4.6986647,2.3225384,-6.349311,6.6587267,-4.8712716,-7.813778,11.403792,-13.240295,-43.06681,6.3116417,-11.040392,10.127459,22.304508,-2.9716496,18.138102,7.5645876,25.226881,-31.867186,52.96473,12.729269,-4.2717757,15.631879,-39.801495,-16.712303,21.403858,81.05545,-2.3357205,5.2335362,-4.1606445
689,0.8225045204162598,4.515428066253662,78.00682067871094,1.9188295589213191,1.0033525690285459,-68.90253114100497,-4.7114406,2.3164005,-6.3694763,6.6589384,-4.8690677,-7.799529,11.389484,-13.254081,-43.082695,6.352039,-11.065658,10.128001,22.300676,-2.993247,18.133959,7.5583706,25.198938,-31.87342,52.972443,12.698531,-4.2960715,15.62682,-39.854504,-16.725851,21.488188,81.06193,-2.3395946,5.280584,-4.0840907
690,0.8201785087585449,4.502225399017334,78.0122299194336,1.926446804379314,1.0276196797677128,-68.87605009739656,-4.7390795,2.306434,-6.3933935,6.6602135,-4.8641043,-7.7695055,11.357622,-13.273745,-43.093567,6.4009423,-11.09391,10.117306,22.304005,-3.0327427,18.124561,7.546371,25.189337,-31.889177,52.98001,12.656737,-4.322713,15.624469,-39.895454,-16.733692,21.546064,81.06026,-2.3923442,5.3227043,-4.0071106
691,0.8208112120628357,4.487942695617676,78.0154037475586,1.9329021195071474,1.0516888246596945,-68.84958354501639,-4.7657385,2.2972825,-6.417381,6.6604967,-4.8601933,-7.74022,11.32559,-13.2923355,-43.103615,6.449624,-11.1214285,10.1044655,22.293163,-3.0492525,18.106674,7.5347023,25.15313,-31.913576,52.999813,12.610085,-4.3497725,15.625718,-39.939373,-16.768608,21.680048,81.05866,-2.39646,5.362699,-3.9165258
692,0.8185294270515442,4.474954128265381,78.01691436767578,1.9365555221829946,1.0649115218299825,-68.82738069548999,-4.779016,2.2923243,-6.437766,6.6606755,-4.8613153,-7.7285023,11.310731,-13.304245,-43.117157,6.4875145,-11.143592,10.098581,22.294384,-3.0731091,18.10045,7.5249505,25.132494,-31.932936,53.01354,12.581577,-4.3700204,15.626342,-39.98149,-16.794119,21.771666,81.05245,-2.4045832,5.3981323,-3.8118823
693,0.8172606825828552,4.464839935302734,78.01471710205078,1.9343877577850979,1.0615419595107636,-68.81153820723003,-4.7710505,2.2955189,-6.4529376,6.660896,-4.871987,-7.74571,11.321675,-13.304364,-43.136944,6.511429,-11.159665,10.10206,22.299469,-3.096109,18.107048,7.520422,25.122547,-31.946999,53.02278,12.567756,-4.3840704,15.627615,-40.030388,-16.810421,21.847406,81.04749,-2.3760262,5.42852,-3.685197
694,0.8147047162055969,4.455529689788818,78.01006317138672,1.9281152031271007,1.0481235131994884,-68.79964859509272,-4.7499266,2.3037748,-6.465012,6.6607947,-4.8887353,-7.7804294,11.34783,-13.2973,-43.160065,6.5279894,-11.172426,10.110033,22.290358,-3.0929465,18.117512,7.529934,25.09242,-31.952303,53.02519,12.565486,-4.395403,15.629468,-40.085556,-16.862371,22.018959,81.033104,-2.246756,5.45656,-3.5331843
695,0.8117913007736206,4.446883678436279,78.00530242919922,1.9220543384609337,1.0323302065249942,-68.78843198907681,-4.7260194,2.3119233,-6.4762907,6.6605463,-4.9052753,-7.8158336,11.375868,-13.291206,-43.182327,6.5460057,-11.185421,10.120717,22.29129,-3.0908952,18.132248,7.525278,25.060165,-31.963535,53.04112,12.573334,-4.4022217,15.631555,-40.129364,-16.919933,22.161564,81.0057,-2.1473296,5.483146,-3.3751404
696,0.8092658519744873,4.439937114715576,78.00101470947266,1.9203022010475619,1.0218852957983138,-68.7746505904185,-4.709608,2.3138645,-6.488841,6.6602325,-4.9148226,-7.834902,11.392798,-13.294039,-43.19959,6.5729184,-11.200841,10.132235,22.296732,-3.0899477,18.14368,7.5131454,25.024015,-31.979841,53.065254,12.586807,-4.4038525,15.631133,-40.162533,-16.987974,22.306297,80.967865,-2.090645,5.5108685,-3.224062
697,0.8089208006858826,4.432296276092529,77.99927520751953,1.9256058151428468,1.0197216337558794,-68.75608819207935,-4.705124,2.3064713,-6.5046444,6.660659,-4.9131303,-7.829846,11.394626,-13.309436,-43.210102,6.611539,-11.220472,10.146491,22.301514,-3.109851,18.146338,7.50488,25.006367,-31.998396,53.08733,12.600626,-4.3949385,15.625659,-40.208145,-17.03191,22.465021,80.95256,-2.0849054,5.536592,-3.0960536
698,0.8106682300567627,4.427431106567383,77.9998550415039,1.9351506239881333,1.021169376231049,-68.73492549164692,-4.7057543,2.2932851,-6.5220346,6.660652,-4.904122,-7.810715,11.389228,-13.331957,-43.21628,6.6553793,-11.241192,10.163551,22.29954,-3.1249812,18.149052,7.5023365,24.980942,-32.007137,53.10438,12.6282625,-4.37918,15.615222,-40.24627,-17.098392,22.667007,80.9187,-2.0887086,5.5629067,-2.9697871
699,0.8126196265220642,4.418522357940674,78.00320434570312,1.945350784582451,1.023446246617742,-68.7147508709569,-4.707494,2.27899,-6.5378923,6.6608577,-4.8955092,-7.7876334,11.381044,-13.356712,-43.220722,6.701093,-11.261654,10.179054,22.303257,-3.1352873,18.152447,7.491555,24.949934,-32.020893,53.130074,12.656427,-4.3638964,15.605486,-40.273357,-17.178385,22.861273,80.871284,-2.1142128,5.591151,-2.8388116
700,0.815761387348175,4.410975933074951,78.0084457397461,1.9519557691907774,1.0237037885179372,-68.69917955082293,-4.7061243,2.2690234,-6.5494494,6.661406,-4.894382,-7.770862,11.374151,-13.378853,-43.22633,6.747459,-11.282049,10.188649,22.311968,-3.140568,18.155727,7.4823685,24.916945,-32.032677,53.158245,12.679324,-4.356337,15.600981,-40.302822,-17.264404,23.08148,80.8257,-2.1008801,5.6225934,-2.6975074
701,0.8182706236839294,4.400736331939697,78.012451171875,1.9538039856037437,1.0223684527118582,-68.6904186330398,-4.701244,2.265167,-6.553284,6.662599,-4.9066706,-7.7614064,11.36902,-13.395702,-43.23318,6.7911854,-11.300956,10.1873255,22.31898,-3.1480567,18.155266,7.4885473,24.892231,-32.03288,53.181015,12.691254,-4.3602853,15.604263,-40.343544,-17.326918,23.27227,80.797356,-2.0966809,5.6532784,-2.5478287
702,0.820555567741394,4.392061710357666,78.0126953125,1.9526822882783712,1.0203160195055432,-68.68609563721671,-4.694332,2.265147,-6.551951,6.663516,-4.926734,-7.7544465,11.362809,-13.410925,-43.239925,6.8367214,-11.319939,10.178765,22.32337,-3.1432586,18.15602,7.4979534,24.854725,-32.02211,53.20659,12.70415,-4.3723683,15.611982,-40.380527,-17.411013,23.504065,80.754234,-2.0511413,5.685522,-2.3846807
703,0.8213839530944824,4.386128902435303,78.01024627685547,1.951314033709603,1.0163020827829645,-68.6830376087854,-4.685293,2.2650735,-6.550671,6.6643867,-4.946007,-7.751161,11.359658,-13.425418,-43.247402,6.8790727,-11.336733,10.1711035,22.330431,-3.13751,18.15703,7.507429,24.817299,-32.0132,53.23382,12.713018,-4.3857436,15.620758,-40.42326,-17.489794,23.735033,80.72184,-2.0143266,5.7252893,-2.2182138
704,0.8225297331809998,4.382472991943359,78.00379180908203,1.9519818531077546,1.0088493868124364,-68.67754171519704,-4.673385,2.261565,-6.554837,6.664887,-4.955925,-7.7527885,11.363342,-13.439705,-43.256622,6.9155293,-11.350615,10.172083,22.334793,-3.1349554,18.160843,7.5164776,24.78982,-32.013348,53.255505,12.708545,-4.394625,15.625551,-40.481174,-17.549576,23.945305,80.71426,-2.0255945,5.779956,-2.0537996
705,0.8232954144477844,4.3815412521362305,77.99717712402344,1.955268356227687,0.9930980949787545,-68.66951537793258,-4.6526704,2.2537732,-6.5664477,6.6643887,-4.9512277,-7.7651424,11.381018,-13.453319,-43.26783,6.942946,-11.359422,10.188873,22.333344,-3.115892,18.177681,7.516055,24.748446,-32.021416,53.277363,12.693415,-4.398714,15.624327,-40.54443,-17.63742,24.19841,80.702545,-2.0429347,5.8603916,-1.8767632
706,0.8260027766227722,4.380809307098389,77.9941177368164,1.9599130629941344,0.9717523125075855,-68.66049958709448,-4.626423,2.2436466,-6.5824847,6.6634874,-4.9371767,-7.786007,11.407649,-13.466377,-43.280624,6.9656053,-11.365576,10.215594,22.340456,-3.1111784,18.196587,7.5144916,24.730402,-32.0444,53.295128,12.660568,-4.398111,15.621559,-40.63125,-17.68607,24.422962,80.73516,-2.105288,5.9550433,-1.7036468
707,0.8305897116661072,4.381280422210693,77.99591064453125,1.9650067805936091,0.9526722849057655,-68.64971325015776,-4.6035933,2.2320158,-6.60085,6.662467,-4.9219303,-7.8035703,11.432056,-13.480119,-43.29434,6.9860153,-11.370459,10.240618,22.331108,-3.0840697,18.218363,7.5209975,24.691813,-32.05439,53.301743,12.636145,-4.39877,15.613921,-40.707466,-17.777798,24.70448,80.73632,-2.13631,6.057173,-1.5222223
708,0.8357228636741638,4.379946708679199,78.00100708007812,1.9697254512688969,0.9450758639688976,-68.63681782416104,-4.5952477,2.2201264,-6.6190724,6.661595,-4.912696,-7.806502,11.434799,-13.501372,-43.30676,7.0277514,-11.386283,10.251834,22.33481,-3.062556,18.22743,7.5083017,24.654505,-32.081974,53.32786,12.620329,-4.400908,15.607555,-40.770435,-17.868914,24.959131,80.73604,-2.165876,6.14702,-1.3543785
709,0.8424152731895447,4.375857830047607,78.00750732421875,1.9752436302655585,0.9576377911276461,-68.62171949391477,-4.612202,2.206734,-6.6369452,6.661887,-4.913027,-7.7825,11.396624,-13.539795,-43.31449,7.1131535,-11.428021,10.239463,22.339027,-3.0572042,18.213541,7.499725,24.630371,-32.111343,53.35552,12.623278,-4.402977,15.600474,-40.83796,-17.93887,25.219675,80.753716,-2.1526248,6.2229805,-1.203286
710,0.8472745418548584,4.372039794921875,78.01202392578125,1.981217567655706,0.9834857957179808,-68.6047772071329,-4.646541,2.1919305,-6.655645,6.6639023,-4.918897,-7.7406793,11.334764,-13.586518,-43.320087,7.2177644,-11.48058,10.2119465,22.339169,-3.052713,18.187763,7.4941034,24.605047,-32.13721,53.38194,12.642664,-4.4054265,15.590971,-40.9013,-18.014723,25.487518,80.76675,-2.1188676,6.2942834,-1.0577204
711,0.8512094616889954,4.369314670562744,78.01234436035156,1.98689798207161,1.008109000860777,-68.58559154123559,-4.679739,2.176854,-6.674336,6.6648936,-4.9255247,-7.701859,11.278418,-13.629865,-43.32893,7.3131256,-11.5290985,10.185637,22.3402,-3.03724,18.165361,7.48081,24.571066,-32.164993,53.41108,12.661324,-4.411668,15.579997,-40.94981,-18.113102,25.763134,80.760254,-2.0872276,6.3587584,-0.919928
712,0.853829562664032,4.367743968963623,78.00785827636719,1.9914935296175789,1.017294467817305,-68.56394571903645,-4.6948733,2.1626701,-6.6924024,6.6653333,-4.929705,-7.6868668,11.255102,-13.6595545,-43.34596,7.3735123,-11.559317,10.17709,22.3435,-3.0123942,18.157537,7.4672575,24.53579,-32.187603,53.433506,12.666105,-4.4237194,15.568276,-40.992027,-18.216997,26.020535,80.75059,-2.1084619,6.411947,-0.7997576
713,0.856738269329071,4.3695149421691895,78.0015640258789,1.9937843919719065,0.9992783463657853,-68.5401469725965,-4.6771154,2.1515086,-6.7077336,6.663795,-4.9316483,-7.7139173,11.284677,-13.6690855,-43.375122,7.387085,-11.565499,10.197024,22.341072,-2.9746416,18.174482,7.465566,24.504417,-32.19476,53.43515,12.645279,-4.443868,15.554009,-41.037937,-18.312502,26.244244,80.74859,-2.2256327,6.444748,-0.7083372
714,0.8582091927528381,4.372814178466797,77.99441528320312,1.994376402218057,0.964390941532754,-68.5139934145891,-4.640018,2.1419988,-6.721454,6.6625476,-4.933687,-7.76772,11.348832,-13.664552,-43.41305,7.3666363,-11.5541115,10.234686,22.33235,-2.9286604,18.206564,7.4767923,24.477081,-32.186356,53.417904,12.610989,-4.46998,15.536959,-41.085266,-18.396315,26.42388,80.75319,-2.4300225,6.46146,-0.64011705
715,0.8605215549468994,4.37330436706543,77.98958587646484,1.9955351274164368,0.9312283321163328,-68.48498095382563,-4.605402,2.1309602,-6.7374864,6.660421,-4.9324603,-7.8188357,11.413462,-13.658664,-43.45291,7.340748,-11.540542,10.273479,22.320965,-2.8827999,18.237625,7.488177,24.45025,-32.173733,53.398663,12.574391,-4.498769,15.519881,-41.133972,-18.488905,26.6475,80.75748,-2.5971236,6.478329,-0.57657725
716,0.8640973567962646,4.375247478485107,77.98847961425781,1.999942702609022,0.9185574378474729,-68.45207540233827,-4.5969143,2.1147542,-6.759922,6.6597114,-4.9266744,-7.8380175,11.447192,-13.661905,-43.48881,7.329544,-11.535596,10.297069,22.306622,-2.8568075,18.246407,7.50154,24.435247,-32.162766,53.38325,12.543747,-4.525638,15.504979,-41.18834,-18.549006,26.804758,80.78441,-2.8048394,6.5109515,-0.507464
717,0.869500994682312,4.3759541511535645,77.99069213867188,2.009132472010954,0.9383030716092216,-68.4136622768284,-4.6292567,2.090338,-6.7916045,6.6594768,-4.9113755,-7.803686,11.4288845,-13.68228,-43.516712,7.348468,-11.546882,10.297043,22.291014,-2.8355308,18.23285,7.504336,24.411123,-32.153694,53.37526,12.531813,-4.55424,15.48921,-41.22045,-18.656954,27.03541,80.769356,-2.919202,6.57424,-0.407657
718,0.8749486207962036,4.374757289886475,77.99893188476562,2.022024543595562,0.9783872361557003,-68.37046028532367,-4.6880946,2.060062,-6.8297954,6.6607904,-4.889862,-7.7361956,11.38032,-13.711776,-43.5407,7.380953,-11.56615,10.28344,22.281906,-2.828502,18.199375,7.496153,24.392408,-32.15653,53.378395,12.523259,-4.5838103,15.475273,-41.24394,-18.757881,27.230507,80.756165,-3.0533686,6.654393,-0.2995583
719,0.8798622488975525,4.373885631561279,78.00706481933594,2.034691653967264,1.020255764131039,-68.32614330337,-4.749067,2.0294764,-6.8699512,6.6611576,-4.868065,-7.668471,11.331843,-13.739424,-43.566563,7.4076285,-11.582793,10.267892,22.273586,-2.8198204,18.1653,7.4865074,24.375034,-32.15983,53.38185,12.518498,-4.6105886,15.463131,-41.256943,-18.863964,27.395048,80.73517,-3.1870058,6.734694,-0.19216757
720,0.883592963218689,4.374122619628906,78.00950622558594,2.043115877922086,1.0454497138268286,-68.28434971464297,-4.7896748,2.0043626,-6.907764,6.661893,-4.853981,-7.633624,11.312562,-13.754741,-43.59997,7.4130874,-11.588565,10.261876,22.264387,-2.8017216,18.144669,7.48316,24.359756,-32.157036,53.381622,12.516916,-4.6298556,15.454936,-41.26772,-18.963394,27.522528,80.72084,-3.3058815,6.7968698,-0.1012087
721,0.8887516260147095,4.374138355255127,78.00740051269531,2.045196523983508,1.0443185663949706,-68.24641355508935,-4.7971706,1.9876552,-6.94182,6.6605067,-4.85142,-7.6508718,11.339464,-13.7512665,-43.64627,7.384841,-11.57713,10.270437,22.254122,-2.767795,18.145636,7.487656,24.34562,-32.14569,53.3761,12.519235,-4.6390333,15.4501295,-41.284794,-19.066435,27.686253,80.7178,-3.3120098,6.8331356,-0.030054688
722,0.8892198801040649,4.377389907836914,78.00253295898438,2.0429486398931216,1.0282719925715336,-68.21043544817526,-4.786492,1.9761331,-6.9746895,6.6586905,-4.8560762,-7.699085,11.392829,-13.736443,-43.700893,7.337209,-11.556126,10.286668,22.240799,-2.7221973,18.159239,7.4979696,24.329977,-32.125664,53.367,12.527665,-4.6412725,15.447835,-41.291645,-19.163614,27.76445,80.71249,-3.3485088,6.8557034,0.029926326
723,0.8906380534172058,4.381162166595459,77.99551391601562,2.040499267719668,1.010556589465365,-68.1746191526876,-4.7735868,1.9650701,-7.007387,6.6567907,-4.8608274,-7.7509236,11.450714,-13.718747,-43.755352,7.2824616,-11.531084,10.304698,22.220478,-2.6825824,18.169369,7.5168347,24.319902,-32.100212,53.358177,12.534601,-4.639582,15.451142,-41.31487,-19.22718,27.81194,80.7414,-3.402922,6.870343,0.073611885
724,0.8946711421012878,4.3862762451171875,77.98806762695312,2.0414835373154583,1.0042434458599745,-68.1375244809291,-4.774616,1.9499862,-7.0409455,6.655233,-4.8579626,-7.7789,11.489068,-13.706952,-43.800434,7.237068,-11.509491,10.318629,22.202114,-2.6491435,18.172691,7.5311317,24.310177,-32.07824,53.353077,12.5411005,-4.638589,15.460462,-41.336082,-19.30663,27.920822,80.76397,-3.4156735,6.8862143,0.11220063
725,0.898358941078186,4.391265392303467,77.9835433959961,2.0473995999815857,1.0146300254231793,-68.09661518431493,-4.796859,1.9288818,-7.0780377,6.654417,-4.842328,-7.7718406,11.502852,-13.703314,-43.832233,7.197833,-11.488376,10.328686,22.184078,-2.6263657,18.1625,7.5389686,24.302414,-32.063507,53.35537,12.544716,-4.636484,15.481121,-41.35112,-19.377619,27.983316,80.790405,-3.5193915,6.9056683,0.14231016
726,0.9026468992233276,4.392197132110596,77.9854965209961,2.0564562842447405,1.034177616521622,-68.05344020010568,-4.8306875,1.9037988,-7.117066,6.6542506,-4.8191733,-7.745483,11.501895,-13.704332,-43.855648,7.1638374,-11.468145,10.337464,22.172417,-2.6067188,18.148157,7.539015,24.295027,-32.056293,53.361965,12.550122,-4.632063,15.510204,-41.35235,-19.465322,28.053066,80.803696,-3.6283615,6.924684,0.16655451
727,0.9092044830322266,4.392423629760742,77.99197387695312,2.0658818347238057,1.0565720143049953,-68.01242622347675,-4.867333,1.8789055,-7.153738,6.6538053,-4.79572,-7.713599,11.493236,-13.708095,-43.876427,7.1384387,-11.4526005,10.342697,22.157362,-2.5962644,18.125763,7.5423856,24.292309,-32.050186,53.37494,12.54797,-4.6293287,15.541026,-41.371002,-19.52263,28.115551,80.84765,-3.7358072,6.9401145,0.17806628
728,0.9135589003562927,4.391724109649658,78.00010681152344,2.073170387941982,1.0749804303657715,-67.97812626115368,-4.897537,1.8581115,-7.1837187,6.65315,-4.7802615,-7.6897287,11.483739,-13.716257,-43.89956,7.129776,-11.447874,10.3423815,22.148483,-2.5750575,18.112883,7.5470276,24.288265,-32.044205,53.379967,12.543186,-4.6336713,15.560921,-41.359398,-19.617931,28.169815,80.83774,-3.8030546,6.9556837,0.19491999
729,0.9164424538612366,4.391136169433594,78.00491333007812,2.0773630243348915,1.0899509195227486,-67.95235279657784,-4.9225707,1.8428669,-7.204781,6.6538916,-4.7774577,-7.674582,11.468764,-13.732169,-43.928356,7.151279,-11.463029,10.33048,22.148203,-2.553415,18.099771,7.5513783,24.286747,-32.044216,53.39068,12.5252905,-4.6502967,15.571115,-41.34525,-19.719435,28.273495,80.81863,-3.7469215,6.9684925,0.20683953
730,0.9161202907562256,4.391332149505615,78.00609588623047,2.0798471762190935,1.1043646631735755,-67.93256542119799,-4.9447455,1.830972,-7.219552,6.6536875,-4.7817,-7.6618257,11.448048,-13.753603,-43.959484,7.191772,-11.490559,10.310037,22.13844,-2.5381045,18.079788,7.567632,24.286577,-32.035534,53.404686,12.497049,-4.6753364,15.57661,-41.347775,-19.7789,28.325323,80.82721,-3.707822,6.9786654,0.20668776
731,0.9204811453819275,4.396510601043701,78.00186157226562,2.081739510783301,1.1152790389431855,-67.91630080917173,-4.962551,1.82059,-7.231107,6.6542993,-4.7876544,-7.6547675,11.428034,-13.776508,-43.98773,7.2383037,-11.520502,10.292236,22.129597,-2.5174088,18.066916,7.586573,24.287025,-32.026234,53.411716,12.471758,-4.6987314,15.575511,-41.339363,-19.85584,28.366053,80.81213,-3.6702669,6.986543,0.20806128
732,0.9245091080665588,4.396742820739746,77.99465942382812,2.084490884382189,1.1200569188589515,-67.9014120929415,-4.972109,1.8098235,-7.242495,6.653605,-4.7888737,-7.6566486,11.417596,-13.796086,-44.008537,7.2736244,-11.54153,10.288775,22.128435,-2.4944026,18.063004,7.5995355,24.289286,-32.026207,53.417904,12.459063,-4.7091184,15.570556,-41.327305,-19.947685,28.428322,80.787766,-3.6280525,6.988938,0.20990531
733,0.9265092015266418,4.401857852935791,77.98748779296875,2.0887678457387646,1.113686690212237,-67.88737610273748,-4.968017,1.798086,-7.254118,6.6524277,-4.7835736,-7.67725,11.426633,-13.806307,-44.020096,7.2824907,-11.543733,10.310444,22.125608,-2.4682984,18.07071,7.6108685,24.292322,-32.0323,53.421154,12.4591875,-4.701005,15.558802,-41.322647,-20.033295,28.459284,80.7717,-3.660061,6.9835787,0.20672844
734,0.928596019744873,4.405238628387451,77.98204040527344,2.0937607499028545,1.0991872851755038,-67.87542027002932,-4.953528,1.7862862,-7.2644897,6.6508193,-4.775015,-7.7118187,11.445706,-13.813213,-44.024437,7.283332,-11.538401,10.348457,22.11793,-2.4432774,18.084024,7.626633,24.296284,-32.03772,53.42285,12.468131,-4.680892,15.5414,-41.3365,-20.102331,28.495337,80.77739,-3.712377,6.971203,0.19580814
735,0.9331133365631104,4.410586357116699,77.9828109741211,2.0990157885647514,1.0855525740458754,-67.86548428854267,-4.9395084,1.7749549,-7.2737465,6.6487412,-4.7654166,-7.74206,11.462513,-13.821812,-44.024967,7.285425,-11.533189,10.384878,22.107176,-2.4246244,18.093863,7.644175,24.30109,-32.042282,53.429836,12.482394,-4.6565485,15.525513,-41.36828,-20.156155,28.561045,80.80439,-3.7379122,6.955486,0.18323071
736,0.9364000558853149,4.41534423828125,77.9873046875,2.104015071021927,1.0817466940677207,-67.85767406364182,-4.937123,1.7642058,-7.281959,6.6484337,-4.758993,-7.7493873,11.460603,-13.836807,-44.024334,7.306143,-11.54031,10.401274,22.097784,-2.4066966,18.098907,7.6632795,24.307098,-32.045017,53.434315,12.499403,-4.636503,15.514866,-41.383472,-20.22631,28.591072,80.804184,-3.7799673,6.9437695,0.18520033
737,0.9410591721534729,4.413095951080322,77.99471282958984,2.1098536513601567,1.0961276118956804,-67.85121610186124,-4.9567747,1.7528559,-7.2909617,6.6489444,-4.7542725,-7.7168846,11.426904,-13.863358,-44.02172,7.3535366,-11.565046,10.384833,22.100264,-2.3988223,18.089058,7.6717997,24.315088,-32.058647,53.45317,12.5208025,-4.6210885,15.5184145,-41.38139,-20.310806,28.610079,80.784904,-3.79256,6.936909,0.20358206
738,0.9434711337089539,4.411763668060303,78.00132751464844,2.1165764649090946,1.1219292244281958,-67.84637931778913,-4.990099,1.7410989,-7.3000946,6.6505466,-4.7508073,-7.6583705,11.372353,-13.897712,-44.016506,7.4196963,-11.6019945,10.347905,22.099365,-2.4018276,18.064915,7.6801057,24.322052,-32.07226,53.485153,12.545694,-4.6065755,15.531911,-41.391956,-20.375658,28.621351,80.78571,-3.8009095,6.9313145,0.2275249
739,0.9453364610671997,4.40831184387207,78.00395202636719,2.1222773878374905,1.1456477644315406,-67.84477899940549,-5.0200453,1.7314296,-7.3055153,6.6521883,-4.7490797,-7.601804,11.319876,-13.930948,-44.010265,7.4858665,-11.638999,10.310187,22.09631,-2.4043722,18.042046,7.6913943,24.32863,-32.08265,53.51623,12.569445,-4.593895,15.543042,-41.406364,-20.433725,28.611162,80.78851,-3.8298602,6.9242783,0.25295597
740,0.9458289742469788,4.406513690948486,78.00141906738281,2.124754644135764,1.1536325095178015,-67.84809119340962,-5.029715,1.7269466,-7.303692,6.653583,-4.750213,-7.575317,11.295032,-13.951083,-44.006084,7.527066,-11.660761,10.291374,22.098352,-2.3989148,18.034105,7.704926,24.337496,-32.09136,53.537434,12.588559,-4.5831776,15.541053,-41.424,-20.503801,28.646967,80.784615,-3.8172982,6.9115434,0.2733126
741,0.9467185735702515,4.40938663482666,77.99584197998047,2.122465427856552,1.1350426339510788,-67.85940761885615,-5.0050726,1.7305814,-7.2904224,6.6536627,-4.755574,-7.598415,11.31385,-13.951592,-44.006123,7.533735,-11.660993,10.302886,22.097107,-2.382436,18.046738,7.7272053,24.345285,-32.090023,53.548748,12.603516,-4.5722613,15.5209055,-41.465714,-20.5605,28.727562,80.80126,-3.7750561,6.885005,0.27852938
742,0.9445564150810242,4.412955284118652,77.98885345458984,2.116144275745627,1.0992760406835895,-67.87675937517244,-4.9571466,1.7407768,-7.268885,6.6515403,-4.763812,-7.6520934,11.361477,-13.941281,-44.00856,7.520212,-11.648557,10.332489,22.099894,-2.3449116,18.08521,7.761295,24.356579,-32.07745,53.52803,12.622392,-4.5624475,15.483233,-41.479935,-20.664392,28.79039,80.76017,-3.7515504,6.8527565,0.28992686
743,0.9466654658317566,4.416865348815918,77.98269653320312,2.1102632206540717,1.0639097423749184,-67.89488391097474,-4.9096484,1.7508149,-7.2458205,6.650038,-4.7722554,-7.706626,11.409147,-13.928121,-44.00959,7.502062,-11.634025,10.363171,22.099035,-2.316636,18.115103,7.7899585,24.363785,-32.068523,53.524105,12.629302,-4.5575614,15.445642,-41.518864,-20.73028,28.842726,80.75904,-3.7488143,6.82364,0.29480824
744,0.9498142004013062,4.420480728149414,77.98090362548828,2.1078676227537994,1.045771487317076,-67.90819918027137,-4.884506,1.7560271,-7.2284794,6.650176,-4.7776155,-7.73235,11.43061,-13.925666,-44.005634,7.4992075,-11.629791,10.378467,22.100521,-2.2957668,18.13428,7.811664,24.372416,-32.064434,53.51985,12.62391,-4.563478,15.41144,-41.535965,-20.813808,28.849112,80.725624,-3.7946663,6.814264,0.31561407
745,0.9530600905418396,4.421733856201172,77.98300170898438,2.111875397400008,1.0560427473640634,-67.91339498935108,-4.8948207,1.7525828,-7.2198563,6.6505084,-4.776459,-7.711537,11.407638,-13.939379,-43.995148,7.522962,-11.6437235,10.368296,22.104332,-2.2980568,18.125086,7.8184123,24.383656,-32.075794,53.534817,12.591378,-4.585942,15.383139,-41.55501,-20.896872,28.900572,80.695335,-3.8072112,6.8306413,0.34725192
746,0.9560426473617554,4.417633056640625,77.98945617675781,2.119644875439216,1.0833202015788301,-67.91383997869325,-4.9264436,1.7441982,-7.2160263,6.6516724,-4.7719493,-7.663357,11.359737,-13.963088,-43.980396,7.5603805,-11.667682,10.343654,22.102266,-2.316386,18.096558,7.8209195,24.394104,-32.08965,53.56117,12.539939,-4.620795,15.356908,-41.585487,-20.960253,28.96071,80.68062,-3.827669,6.864104,0.38352925
747,0.9585123658180237,4.413647651672363,77.99645233154297,2.1273237032227783,1.1115563208558978,-67.91486326452528,-4.9591627,1.7359401,-7.212429,6.652804,-4.7676535,-7.613183,11.309347,-13.985153,-43.96263,7.5966682,-11.690403,10.318343,22.108406,-2.3318229,18.074097,7.8195252,24.41022,-32.108196,53.577038,12.486895,-4.6567845,15.333371,-41.598835,-21.055868,29.024153,80.63339,-3.8308108,6.90407,0.43206334
748,0.9590829610824585,4.41081428527832,78.00125122070312,2.1305360569817067,1.1247337467616896,-67.9213239142258,-4.973446,1.7333688,-7.205061,6.6537075,-4.7670527,-7.586768,11.281217,-13.997501,-43.943813,7.6167293,-11.700081,10.306856,22.110662,-2.3400517,18.06356,7.822816,24.422253,-32.117523,53.5893,12.448798,-4.6821704,15.320093,-41.634434,-21.130741,29.064426,80.61536,-3.839747,6.9360547,0.47984436
749,0.9590239524841309,4.407408237457275,78.00184631347656,2.127471246732192,1.1145354679942714,-67.93570810373569,-4.9578943,1.738892,-7.1918087,6.653473,-4.773096,-7.5968785,11.286644,-13.994195,-43.923046,7.613286,-11.690605,10.318139,22.109941,-2.335098,18.074448,7.8359494,24.431345,-32.112644,53.589066,12.435783,-4.692806,15.322972,-41.692837,-21.196115,29.105938,80.62245,-3.8132265,6.9544225,0.5278586
750,0.958130419254303,4.411049842834473,77.9991226196289,2.1204224174967736,1.0908030204987924,-67.95494604980544,-4.92525,1.7491547,-7.175249,6.653018,-4.783392,-7.627802,11.312023,-13.981325,-43.8999,7.59395,-11.668445,10.34276,22.112541,-2.31762,18.103626,7.85096,24.43988,-32.102406,53.575176,12.43733,-4.6955647,15.335997,-41.744,-21.278221,29.110851,80.61331,-3.7942057,6.9685836,0.58436775
751,0.958084225654602,4.4155402183532715,77.99404907226562,2.1125331842917823,1.064862188717422,-67.97610887664044,-4.890091,1.7611035,-7.1578107,6.652096,-4.792999,-7.6624594,11.339377,-13.965721,-43.876167,7.572358,-11.644338,10.367572,22.116741,-2.3014019,18.133682,7.860977,24.447786,-32.094704,53.56572,12.438995,-4.6944733,15.350315,-41.81684,-21.359455,29.195396,80.62348,-3.6956897,6.9832835,0.6421797
752,0.9583186507225037,4.422093391418457,77.98799896240234,2.106388157004209,1.0477531982408375,-67.99605028937539,-4.8668337,1.7710835,-7.142147,6.6522007,-4.798578,-7.6834364,11.351833,-13.95792,-43.853683,7.566217,-11.631374,10.379728,22.119173,-2.2854755,18.159159,7.866759,24.452183,-32.08531,53.555653,12.43489,-4.694826,15.351784,-41.88268,-21.440382,29.199968,80.61985,-3.708592,7.008382,0.70794153
753,0.9579650163650513,4.425649166107178,77.98519134521484,2.103432395901139,1.0428062305575312,-68.01321306857756,-4.8596563,1.7773248,-7.130497,6.65226,-4.796101,-7.684944,11.344623,-13.960103,-43.833794,7.5784564,-11.632501,10.374115,22.12568,-2.277408,18.175045,7.858381,24.457413,-32.08618,53.555584,12.40963,-4.698162,15.334018,-41.959583,-21.530252,29.278652,80.61815,-3.679544,7.0441155,0.77806866
754,0.9592916965484619,4.429217338562012,77.98744201660156,2.10238814935961,1.043959703994321,-68.0294756577252,-4.860901,1.7815766,-7.120849,6.6525135,-4.788763,-7.6764646,11.325543,-13.967849,-43.815056,7.603844,-11.642943,10.358292,22.133846,-2.272722,18.188053,7.8430066,24.462715,-32.089237,53.55735,12.3742895,-4.7019343,15.303949,-42.04692,-21.63108,29.420082,80.6165,-3.6077178,7.086602,0.85339314
755,0.9603307843208313,4.432702541351318,77.99359893798828,2.100498023077144,1.0484099616567557,-68.04703474898356,-4.865976,1.7875524,-7.1097274,6.65258,-4.781574,-7.6643066,11.30142,-13.976863,-43.79563,7.632881,-11.656119,10.337504,22.143444,-2.2647061,18.200264,7.8231444,24.46552,-32.094486,53.558887,12.345012,-4.7036514,15.273887,-42.128567,-21.735535,29.51498,80.60231,-3.5967326,7.13543,0.936029
756,0.9636704921722412,4.437373161315918,77.9999771118164,2.095966389165559,1.0535564677619895,-68.06800067434996,-4.8709426,1.797481,-7.093134,6.652798,-4.77962,-7.6544952,11.274384,-13.982565,-43.773186,7.6612825,-11.667937,10.317109,22.15265,-2.2530887,18.210688,7.8027596,24.466389,-32.10167,53.560913,12.336265,-4.700377,15.257708,-42.21184,-21.833403,29.56906,80.58718,-3.6363626,7.1876545,1.0237231
757,0.9643476605415344,4.441068172454834,78.00569152832031,2.08741890891903,1.0612691132593515,-68.09409196991082,-4.8781705,1.8136437,-7.0681367,6.654344,-4.786721,-7.644851,11.24038,-13.983993,-43.746418,7.6925564,-11.681183,10.294418,22.15718,-2.242016,18.214453,7.7872066,24.46713,-32.107254,53.564255,12.361012,-4.6880198,15.262798,-42.31539,-21.913477,29.646072,80.59198,-3.6574743,7.2429028,1.1123073
758,0.9646775126457214,4.44334602355957,78.00625610351562,2.0762977366875934,1.0719231255350357,-68.12385175889256,-4.887287,1.834129,-7.0374146,6.6547537,-4.7983837,-7.63327,11.200217,-13.984923,-43.71701,7.7284517,-11.697189,10.268092,22.165924,-2.2223327,18.220207,7.769858,24.464302,-32.1132,53.562218,12.4143305,-4.6695614,15.278753,-42.39873,-22.009922,29.6454,80.56379,-3.7582788,7.3048444,1.2118703
759,0.9607034921646118,4.4488725662231445,78.0038070678711,2.063873961424928,1.0811850025267218,-68.15431964740004,-4.895298,1.856444,-7.0060644,6.6557865,-4.8105993,-7.626676,11.162825,-13.982661,-43.6864,7.758431,-11.708416,10.244872,22.175613,-2.2040746,18.224045,7.748214,24.464191,-32.12609,53.56359,12.462737,-4.651271,15.298607,-42.507305,-22.11318,29.788519,80.553345,-3.7346222,7.3665156,1.3136013
760,0.9589498043060303,4.456002235412598,77.99999237060547,2.0520806829483242,1.0843874616986833,-68.18259330245618,-4.8972144,1.8774343,-6.978816,6.656046,-4.817336,-7.6316595,11.137066,-13.974136,-43.656185,7.773887,-11.709298,10.231221,22.181564,-2.1769054,18.235563,7.730898,24.45981,-32.131542,53.55323,12.49432,-4.640901,15.30932,-42.600227,-22.212135,29.792345,80.52559,-3.8907607,7.42935,1.4255658
761,0.9543879628181458,4.465143203735352,77.9962387084961,2.0395447500989157,1.0761436719540316,-68.2083054447159,-4.8868523,1.8985199,-6.9576144,6.6552753,-4.8169928,-7.659636,11.1328125,-13.95792,-43.62575,7.7677593,-11.693578,10.2349415,22.179712,-2.153707,18.248924,7.720242,24.459925,-32.13185,53.539536,12.488167,-4.639117,15.313068,-42.740467,-22.284874,29.925447,80.55026,-3.9788096,7.486272,1.5357878
762,0.9519646763801575,4.477688312530518,77.9947280883789,2.026308129432159,1.0599419165483492,-68.23291750213365,-4.8679595,1.9201492,-6.9395285,6.6536474,-4.81237,-7.7036734,11.1437645,-13.933072,-43.594967,7.742608,-11.664161,10.250347,22.175802,-2.1145449,18.277214,7.714454,24.457106,-32.12336,53.50468,12.467666,-4.6440067,15.308872,-42.863728,-22.393917,30.046577,80.5327,-4.120619,7.5447254,1.6629453
763,0.9533011317253113,4.487154483795166,77.99656677246094,2.0142283873932043,1.0458279625081586,-68.25627552943662,-4.852381,1.9401507,-6.9229684,6.6521883,-4.8056283,-7.7437434,11.150812,-13.910946,-43.5644,7.721401,-11.636671,10.264761,22.167686,-2.0815904,18.297552,7.7080736,24.455183,-32.11791,53.476032,12.439938,-4.65249,15.302623,-43.001385,-22.47176,30.12294,80.54334,-4.323757,7.6029716,1.7883128
764,0.9527913331985474,4.4942779541015625,78.00128936767578,2.005002052162831,1.0433010875025661,-68.27818877601992,-4.850941,1.9563575,-6.906298,6.651591,-4.799136,-7.7595615,11.138749,-13.898176,-43.535496,7.716286,-11.621188,10.265531,22.16671,-2.044321,18.315155,7.689654,24.45201,-32.125786,53.44777,12.422909,-4.664156,15.290643,-43.1036,-22.593948,30.189346,80.501114,-4.5082707,7.6665883,1.9244398
765,0.9518718123435974,4.499610424041748,78.00768280029297,2.0007648007991374,1.061140280083616,-68.29870423115803,-4.87442,1.9660246,-6.8892794,6.652105,-4.7920556,-7.733372,11.090247,-13.904434,-43.507107,7.746449,-11.629143,10.243365,22.168505,-2.0213068,18.312351,7.659699,24.452639,-32.152153,53.434826,12.412431,-4.6816735,15.274249,-43.207275,-22.714579,30.296976,80.46468,-4.61881,7.7334695,2.0568106
766,0.9485176801681519,4.50391149520874,78.0147933959961,2.0003168445950164,1.0920686366219547,-68.31770976995554,-4.9144754,1.970804,-6.87278,6.6540775,-4.7843194,-7.6799994,11.020145,-13.921294,-43.479553,7.793949,-11.649385,10.206848,22.167765,-2.0052116,18.297995,7.627818,24.455412,-32.184193,53.424248,12.405676,-4.704886,15.252411,-43.307056,-22.83154,30.37941,80.42483,-4.744045,7.8040576,2.1902242
767,0.9457560181617737,4.508446216583252,78.0185546875,1.9998577715792494,1.122436235922893,-68.33563795384259,-4.953668,1.9755791,-6.85652,6.655234,-4.7765255,-7.6286635,10.951925,-13.937543,-43.454468,7.8393373,-11.669261,10.170677,22.155018,-1.9980413,18.275291,7.6024714,24.462059,-32.212097,53.418003,12.400257,-4.7254033,15.231676,-43.44683,-22.91445,30.55223,80.43659,-4.7882323,7.8722563,2.318636
768,0.9410825371742249,4.515661239624023,78.01753997802734,1.995687556928671,1.137984336403234,-68.35258329570266,-4.975907,1.9843132,-6.8405843,6.6559906,-4.770003,-7.6083727,10.911934,-13.939907,-43.434002,7.857893,-11.674089,10.149494,22.14087,-1.9676777,18.27297,7.5816255,24.470999,-32.236584,53.387394,12.399955,-4.736958,15.209504,-43.558872,-23.04711,30.71696,80.39597,-4.8480635,7.9411726,2.4674137
769,0.9378297328948975,4.525697231292725,78.01287078857422,1.9853639411543877,1.1297192961437637,-68.36965452586574,-4.9692383,2.000612,-6.8234344,6.654369,-4.7657824,-7.6401134,10.915574,-13.920871,-43.42005,7.835544,-11.654472,10.153052,22.121653,-1.9216971,18.286625,7.560508,24.47995,-32.263947,53.351734,12.402304,-4.733357,15.189469,-43.6752,-23.165043,30.81566,80.36628,-4.9888625,8.00967,2.6271203
770,0.9343531727790833,4.537830352783203,78.00634765625,1.971259669732512,1.106912398562124,-68.3860773040652,-4.945897,2.0213861,-6.8057065,6.652278,-4.76315,-7.7040663,10.946875,-13.88783,-43.41113,7.7869787,-11.620149,10.171552,22.099773,-1.8667982,18.311016,7.542471,24.494684,-32.29213,53.305496,12.409109,-4.7195454,15.1691065,-43.81076,-23.303656,31.07298,80.34301,-4.976185,8.076367,2.7958772
771,0.9302350878715515,4.551431179046631,78.00274658203125,1.957751035125829,1.0832098204426681,-68.40069085023755,-4.921948,2.0410306,-6.789981,6.650412,-4.7602654,-7.7679214,10.981192,-13.854367,-43.404182,7.7349243,-11.584743,10.190352,22.072538,-1.8085685,18.335478,7.52569,24.50757,-32.315533,53.25954,12.416403,-4.704033,15.153316,-43.93292,-23.431904,31.215233,80.314926,-5.089138,8.14084,2.9684184
772,0.9278218150138855,4.563695907592773,78.00354766845703,1.949225181599095,1.072272555857958,-68.41201337123077,-4.9138107,2.054451,-6.779101,6.6490827,-4.7544804,-7.7995205,10.994309,-13.83289,-43.396046,7.700972,-11.561597,10.194741,22.048704,-1.758237,18.348463,7.503117,24.520063,-32.338177,53.226395,12.418621,-4.6942744,15.148106,-44.032864,-23.560135,31.276709,80.2784,-5.285774,8.198582,3.1370528
773,0.926714301109314,4.572573661804199,78.0086898803711,1.948495262542432,1.0832615562667525,-68.41770231057207,-4.933472,2.05777,-6.776229,6.649978,-4.7437005,-7.778696,10.970953,-13.831306,-43.386112,7.699787,-11.560292,10.17458,22.027567,-1.7255374,18.34033,7.473051,24.533834,-32.36253,53.21338,12.406147,-4.694055,15.157915,-44.125515,-23.688477,31.354753,80.248924,-5.473672,8.243733,3.2989728
774,0.9244774580001831,4.5757365226745605,78.01721954345703,1.9530493712335992,1.1070102436115616,-68.41925805921588,-4.9689555,2.0545576,-6.779042,6.6507955,-4.7288747,-7.7264967,10.927472,-13.841134,-43.376347,7.7147794,-11.570229,10.1399,22.004047,-1.7023189,18.318995,7.441607,24.546667,-32.38265,53.211266,12.3868,-4.698777,15.178522,-44.210846,-23.810234,31.389385,80.22519,-5.717438,8.280067,3.4586053
775,0.9196212291717529,4.576729774475098,78.0237045288086,1.9580267291977238,1.130104164461811,-68.4206106001258,-5.0039916,2.0506032,-6.78212,6.652678,-4.7158265,-7.6725903,10.885444,-13.851007,-43.366577,7.728682,-11.580654,10.105555,21.980402,-1.684053,18.29404,7.411871,24.562798,-32.396736,53.21535,12.373033,-4.702478,15.20517,-44.315567,-23.940292,31.59014,80.22294,-5.7933235,8.311938,3.6095643
776,0.9155287146568298,4.580504417419434,78.02718353271484,1.958839487342941,1.1388564353406978,-68.42541834200499,-5.0202913,2.0518675,-6.780083,6.6531677,-4.708449,-7.646649,10.866657,-13.849745,-43.356762,7.7239423,-11.580063,10.086526,21.958344,-1.6538335,18.282864,7.391561,24.578272,-32.391888,53.208076,12.389341,-4.7001486,15.229538,-44.410732,-24.08823,31.820126,80.20644,-5.8254356,8.3494,3.7558966
777,0.9107738733291626,4.587460994720459,78.02489471435547,1.9525101395423465,1.125322596178011,-68.4370861231478,-5.008032,2.0621479,-6.76888,6.652682,-4.7114887,-7.6643376,10.883465,-13.830235,-43.345646,7.6890426,-11.561334,10.091706,21.935816,-1.5999016,18.292795,7.3793745,24.582397,-32.360195,53.19406,12.455294,-4.6895347,15.25439,-44.46441,-24.205729,31.732128,80.16851,-6.1700583,8.401028,3.8954406
778,0.9058076739311218,4.59713077545166,78.01882934570312,1.9425199148793395,1.098392687093267,-68.45257346071718,-4.978314,2.0773962,-6.752163,6.6514864,-4.72134,-7.7073293,10.922727,-13.799462,-43.333607,7.6329093,-11.530428,10.111378,21.919756,-1.5418713,18.311289,7.3708467,24.588148,-32.314514,53.18174,12.55386,-4.6725917,15.283657,-44.536297,-24.34309,31.847254,80.145355,-6.3005238,8.454988,4.023108
779,0.9025580883026123,4.6071624755859375,78.010498046875,1.9329263909192782,1.069028602011722,-68.467109943786,-4.9459934,2.0920322,-6.73632,6.6506023,-4.7309027,-7.7540016,10.966215,-13.7683115,-43.32352,7.5761213,-11.499553,10.132787,21.897604,-1.482656,18.327871,7.367128,24.591032,-32.262665,53.169327,12.649592,-4.654103,15.309943,-44.60616,-24.473997,31.946487,80.12955,-6.43584,8.507963,4.147314
780,0.899861752986908,4.614869594573975,78.00596618652344,1.9279873313744789,1.0484864198307158,-68.47535677657565,-4.9247837,2.1006765,-6.7276664,6.649831,-4.7331963,-7.782816,10.994898,-13.749274,-43.318203,7.5409365,-11.481485,10.143076,21.873026,-1.4350837,18.329798,7.3612804,24.597519,-32.225887,53.16061,12.706106,-4.63733,15.327992,-44.680576,-24.618832,32.16284,80.12275,-6.4250474,8.552432,4.2721963
781,0.8964457511901855,4.617244243621826,78.00662231445312,1.9303230504554219,1.0413175817852205,-68.47448948762161,-4.9213924,2.0999165,-6.7299747,6.649333,-4.7226815,-7.7856083,11.003048,-13.746149,-43.319992,7.530815,-11.478089,10.1372385,21.844366,-1.4000294,18.31198,7.3485675,24.608168,-32.215355,53.155884,12.703099,-4.620089,15.330803,-44.74199,-24.76591,32.361084,80.11707,-6.394182,8.588373,4.4054317
782,0.8931922912597656,4.621075630187988,78.01004028320312,1.937255109907882,1.0410357176285348,-68.46778162639795,-4.927175,2.0935702,-6.7391787,6.649169,-4.7049,-7.7747245,11.00105,-13.752135,-43.327026,7.5347595,-11.483042,10.122688,21.815367,-1.3736377,18.281609,7.334709,24.624332,-32.219284,53.1505,12.665238,-4.6012053,15.322841,-44.79283,-24.917162,32.566227,80.11208,-6.323417,8.618614,4.542061
783,0.8888588547706604,4.620739459991455,78.01634979248047,1.944921552479656,1.0419380686776056,-68.45930777043797,-4.9341135,2.0861006,-6.7499456,6.649096,-4.6869464,-7.759189,10.996242,-13.761425,-43.33556,7.5467515,-11.493569,10.105142,21.785816,-1.3473784,18.249744,7.321907,24.64196,-32.22722,53.143433,12.612986,-4.5875278,15.31468,-44.815834,-25.061964,32.63397,80.09354,-6.3757925,8.647097,4.674622
784,0.8848230242729187,4.621807098388672,78.02344512939453,1.9498158662967047,1.0381786262567336,-68.45304272924784,-4.9352436,2.0820897,-6.757162,6.6501665,-4.6766195,-7.7481046,10.997868,-13.766229,-43.34282,7.554135,-11.502335,10.0905285,21.757116,-1.3166218,18.224579,7.3128705,24.659113,-32.229404,53.135902,12.5679245,-4.585438,15.317562,-44.813114,-25.19534,32.559467,80.0634,-6.5725965,8.6751795,4.7921815
785,0.8784910440444946,4.620462894439697,78.02567291259766,1.9503352641894678,1.0297596722580937,-68.44977015801948,-4.929095,2.0834682,-6.75883,6.649825,-4.6759086,-7.7416434,11.004148,-13.766205,-43.348125,7.5610027,-11.512514,10.07784,21.72578,-1.2883806,18.20429,7.3142476,24.679455,-32.21579,53.12885,12.533548,-4.599729,15.342347,-44.83234,-25.32992,32.635563,80.05847,-6.6324906,8.697718,4.882443
786,0.8742137551307678,4.61907958984375,78.0246353149414,1.9486001774483726,1.0191965672978691,-68.44749151415758,-4.9204993,2.0875266,-6.7580485,6.6510034,-4.6820545,-7.7356114,11.012012,-13.764201,-43.353146,7.570781,-11.52597,10.064488,21.691383,-1.2579848,18.18897,7.3231134,24.699684,-32.19073,53.117935,12.501843,-4.62642,15.37941,-44.842747,-25.468884,32.697304,80.048584,-6.7100015,8.717407,4.9581776
787,0.8715967535972595,4.6187520027160645,78.01973724365234,1.9464976298901944,1.0047489997303536,-68.44610179577711,-4.906456,2.0918834,-6.7565727,6.652207,-4.6898932,-7.732822,11.027047,-13.759977,-43.35784,7.574151,-11.535965,10.055081,21.653454,-1.2166848,18.178123,7.3343635,24.709013,-32.163197,53.1074,12.474824,-4.6576777,15.412598,-44.789444,-25.569317,32.319847,80.004555,-7.2202635,8.741128,5.03296
788,0.8645084500312805,4.6217474937438965,78.0134048461914,1.9468216173294548,0.9856057912484094,-68.44570088666713,-4.884752,2.0942993,-6.7560916,6.6522975,-4.694974,-7.736326,11.049265,-13.757199,-43.360348,7.5753827,-11.54369,10.053674,21.620829,-1.1915243,18.158438,7.3439665,24.731987,-32.157043,53.10971,12.4381,-4.682792,15.429937,-44.78976,-25.697262,32.418404,80.003494,-7.229212,8.757577,5.097977
789,0.8610132336616516,4.623114585876465,78.0070571899414,1.9496597736827628,0.9564213020187803,-68.4454302997104,-4.85019,2.0935357,-6.75915,6.6522045,-4.695428,-7.753669,11.091909,-13.750614,-43.36307,7.5577097,-11.539251,10.067293,21.581182,-1.1584445,18.14322,7.3629017,24.75122,-32.15402,53.106106,12.397967,-4.706106,15.416188,-44.75611,-25.813692,32.339783,79.976036,-7.3988304,8.777166,5.172971
790,0.8575353026390076,4.621513366699219,78.00518035888672,1.9541204094104887,0.9197854395215598,-68.44536030080276,-4.8052125,2.0909712,-6.764129,6.651435,-4.6937704,-7.781132,11.148083,-13.74215,-43.365444,7.530394,-11.528566,10.091915,21.54096,-1.1325353,18.124542,7.3844833,24.776937,-32.16305,53.10986,12.34843,-4.7291484,15.385499,-44.750813,-25.940905,32.517117,79.97443,-7.2960334,8.792776,5.2413697
791,0.8573143482208252,4.619933128356934,78.00596618652344,1.9597842565390597,0.8846760873824191,-68.44784436461,-4.760811,2.088071,-6.7666087,6.6511436,-4.6931396,-7.804108,11.199334,-13.737574,-43.36409,7.5102983,-11.521847,10.114703,21.501007,-1.1074708,18.10491,7.4101553,24.802523,-32.172234,53.11114,12.310768,-4.7457,15.350242,-44.727177,-26.074791,32.663673,79.95371,-7.2076855,8.808399,5.3078003
792,0.8550083041191101,4.613961219787598,78.00910949707031,1.9657685360128194,0.859977388468148,-68.45468982869572,-4.7277417,2.086611,-6.762384,6.6517015,-4.695875,-7.8082895,11.228379,-13.740967,-43.35653,7.512716,-11.529547,10.122546,21.464455,-1.0818571,18.079466,7.431879,24.819494,-32.182724,53.118275,12.298848,-4.7488422,15.326431,-44.648598,-26.186264,32.485817,79.897446,-7.426882,8.827774,5.3701396
793,0.8515383005142212,4.606377124786377,78.01327514648438,1.9736284831421071,0.855227655652269,-68.4666222480319,-4.7168784,2.0857575,-6.749443,6.653612,-4.7030253,-7.7792664,11.2168455,-13.759913,-43.34058,7.55561,-11.562649,10.104698,21.434692,-1.0803494,18.03257,7.450546,24.843374,-32.198986,53.140247,12.323065,-4.7296567,15.32263,-44.6102,-26.318056,32.67252,79.87015,-7.2561398,8.843052,5.414269
794,0.8487189412117004,4.596553802490234,78.01800537109375,1.98266048969463,0.8629794191718235,-68.48241848670787,-4.71957,2.0852435,-6.730484,6.6559105,-4.7126913,-7.728237,11.1789,-13.789666,-43.31813,7.625483,-11.612229,10.0705,21.402882,-1.0844786,17.976326,7.4729214,24.862597,-32.209396,53.1646,12.379808,-4.6952662,15.326943,-44.55579,-26.45041,32.812202,79.82608,-7.116669,8.860269,5.453453
795,0.8437633514404297,4.588112831115723,78.01934814453125,1.9915896925415668,0.8682931374032092,-68.50172028032237,-4.718193,2.0861177,-6.7076173,6.658556,-4.724489,-7.6791115,11.143582,-13.818503,-43.29224,7.694094,-11.661407,10.037594,21.37371,-1.0851195,17.922234,7.492282,24.875685,-32.223225,53.193596,12.437059,-4.6578007,15.334001,-44.472458,-26.572266,32.79911,79.76743,-7.121748,8.8755045,5.4860816
796,0.839459240436554,4.577897071838379,78.01632690429688,1.9985438008021237,0.8564436190476841,-68.52390910470416,-4.6941223,2.0896523,-6.6828866,6.659981,-4.738158,-7.6558785,11.138974,-13.835389,-43.26572,7.734902,-11.693672,10.023515,21.347574,-1.0834061,17.878365,7.514515,24.890232,-32.23838,53.221878,12.467165,-4.6285768,15.338279,-44.41003,-26.700283,32.931427,79.73544,-6.986266,8.878864,5.50408
797,0.8343641757965088,4.568955898284912,78.00934600830078,2.0016499120838778,0.8155947044601611,-68.55090047116333,-4.6335297,2.098489,-6.654882,6.6608787,-4.755337,-7.6750064,11.186657,-13.830144,-43.23811,7.7248745,-11.695052,10.041243,21.320833,-1.0618572,17.859688,7.543976,24.897823,-32.246216,53.238663,12.455748,-4.612858,15.3374,-44.32197,-26.809837,32.849167,79.700935,-7.08021,8.868839,5.5054603
798,0.8307028412818909,4.5653157234191895,77.99951171875,2.0020553741195433,0.7564637111086574,-68.58230397670609,-4.5486655,2.1111457,-6.62309,6.660912,-4.775589,-7.7203536,11.265723,-13.811946,-43.207943,7.686445,-11.679008,10.078483,21.29516,-1.034408,17.852627,7.5782976,24.904001,-32.252434,53.253506,12.417565,-4.6031017,15.335939,-44.23915,-26.905947,32.762016,79.68868,-7.185542,8.846405,5.487709
799,0.8295747637748718,4.5597615242004395,77.99322509765625,2.003164461987788,0.69677526058337,-68.61401487521125,-4.462993,2.1231468,-6.5915747,6.6613684,-4.7958384,-7.766979,11.346272,-13.7948885,-43.17827,7.648921,-11.664294,10.115424,21.244411,-1.0034018,17.841633,7.6354785,24.90069,-32.236744,53.25777,12.382827,-4.596057,15.330308,-44.153454,-26.948591,32.46,79.69358,-7.5292273,8.827017,5.47296
800,0.8268949389457703,4.550987720489502,77.99131774902344,2.008100507304682,0.6550256346028899,-68.64192973231211,-4.398792,2.1300726,-6.5642223,6.661462,-4.8126545,-7.7900524,11.39725,-13.791371,-43.152172,7.639352,-11.668008,10.131789,21.225914,-1.0012774,17.812286,7.6542535,24.907608,-32.261417,53.30008,12.372481,-4.584137,15.326723,-44.060406,-27.040497,32.446396,79.682915,-7.5315638,8.816016,5.4723687
801,0.8269778490066528,4.5385332107543945,77.99456787109375,2.019208836490143,0.6435053365994404,-68.6621100295474,-4.372815,2.1282775,-6.5457783,6.6627436,-4.8227983,-7.7733474,11.397206,-13.8144245,-43.132748,7.68411,-11.706289,10.114514,21.189804,-1.0174024,17.754509,7.682722,24.913767,-32.279972,53.34457,12.414517,-4.5664234,15.318676,-43.976784,-27.141115,32.544632,79.66504,-7.4148297,8.823518,5.5053883
802,0.8257133960723877,4.522021770477295,78.001953125,2.034433989846895,0.650133671513896,-68.6777546532941,-4.369592,2.120799,-6.5328403,6.6649585,-4.8288484,-7.733285,11.367851,-13.852385,-43.117767,7.758137,-11.763903,10.076815,21.144697,-1.0467738,17.677612,7.7108803,24.915054,-32.298946,53.40092,12.48872,-4.546009,15.308345,-43.88164,-27.225224,32.579784,79.64243,-7.3528476,8.843218,5.5581474
803,0.8246358633041382,4.503243446350098,78.00825500488281,2.049055085726499,0.6551289629388396,-68.69493829461665,-4.363207,2.1143384,-6.517862,6.6665516,-4.8368773,-7.6939325,11.340577,-13.889563,-43.101147,7.830604,-11.820879,10.038559,21.106117,-1.0744817,17.602499,7.7326703,24.91435,-32.325153,53.458763,12.558126,-4.527682,15.2944145,-43.774155,-27.332844,32.66285,79.600685,-7.2350082,8.865466,5.6173487
804,0.8222190737724304,4.488494396209717,78.00968933105469,2.058816798509746,0.6385090969643807,-68.71974466014576,-4.328876,2.1151617,-6.4936123,6.66864,-4.854285,-7.679208,11.346953,-13.910562,-43.07738,7.8718343,-11.858561,10.019516,21.065235,-1.0846183,17.546093,7.763131,24.906162,-32.33983,53.500843,12.590525,-4.517172,15.274796,-43.647705,-27.420218,32.576855,79.55185,-7.302744,8.883341,5.6669364
805,0.8198952078819275,4.477949619293213,78.00553131103516,2.0604873358829514,0.5875361208626341,-68.75496816217864,-4.250459,2.128121,-6.4561043,6.6697907,-4.885338,-7.7043796,11.408529,-13.904032,-43.043926,7.860265,-11.864445,10.029965,21.025524,-1.0729477,17.517815,7.803705,24.893715,-32.34222,53.52371,12.560913,-4.5198364,15.245874,-43.523937,-27.49715,32.4512,79.51275,-7.428976,8.892145,5.6952767
806,0.8176023364067078,4.468618869781494,77.99614715576172,2.056817747854231,0.5154949674708557,-68.79692285138313,-4.1444035,2.14858,-6.4098415,6.670846,-4.9262247,-7.753642,11.502354,-13.881818,-43.003765,7.8205166,-11.853405,10.057611,20.987223,-1.0544027,17.503824,7.848935,24.882387,-32.34068,53.53903,12.488758,-4.5309157,15.210755,-43.430412,-27.577642,32.494602,79.50087,-7.3969793,8.894272,5.7080727
807,0.8177081942558289,4.455272674560547,77.98467254638672,2.053391135791764,0.44101975380580444,-68.84198001513103,-4.034415,2.1694462,-6.3602858,6.672071,-4.9679704,-7.804699,11.600612,-13.857969,-42.960865,7.774788,-11.838485,10.0885725,20.948267,-1.0289773,17.494102,7.8952627,24.86249,-32.334927,53.547985,12.416601,-4.541596,15.175928,-43.315308,-27.667116,32.465137,79.46499,-7.4453115,8.895609,5.727399
808,0.8190565705299377,4.442846775054932,77.97692108154297,2.055036939333177,0.3830887311678799,-68.88607995508072,-3.943594,2.1840978,-6.3132935,6.6728787,-5.001563,-7.835339,11.672308,-13.848936,-42.918636,7.7535977,-11.8372965,10.108775,20.901266,-1.0165979,17.466406,7.9481864,24.841534,-32.327698,53.555576,12.375423,-4.541216,15.15046,-43.19099,-27.723518,32.322987,79.43636,-7.6191096,8.896819,5.758229
809,0.8212637305259705,4.428429126739502,77.97550201416016,2.065318902126089,0.3498896753816367,-68.92707323641976,-3.8822691,2.187487,-6.2717752,6.6741905,-5.022565,-7.8359118,11.7039795,-13.861966,-42.878822,7.769974,-11.857578,10.113697,20.865526,-1.0400496,17.409407,7.9850173,24.829426,-32.34326,53.586704,12.373593,-4.5192513,15.142812,-43.103405,-27.782806,32.46764,79.45102,-7.501949,8.890338,5.7964177
810,0.8232603073120117,4.413404941558838,77.97872161865234,2.080164630558614,0.3294107277931859,-68.96727583527759,-3.8357704,2.1849458,-6.2325225,6.675639,-5.0362024,-7.8193502,11.718097,-13.88575,-42.839733,7.7985797,-11.88495,10.111426,20.819574,-1.0472273,17.348476,8.026857,24.79455,-32.350582,53.605015,12.405466,-4.486958,15.139422,-42.949223,-27.863985,32.334167,79.391655,-7.677453,8.887348,5.864298
811,0.8259276747703552,4.396628379821777,77.98395538330078,2.0959077692706805,0.31349488218928667,-69.0101975205135,-3.7938633,2.1822786,-6.1908236,6.6775746,-5.050022,-7.7976356,11.7215805,-13.913621,-42.798115,7.8390036,-11.918173,10.105522,20.790075,-1.0706488,17.278082,8.0477705,24.764336,-32.382484,53.64676,12.438477,-4.455484,15.1441765,-42.82801,-27.96194,32.484566,79.36267,-7.5597625,8.880969,5.926632
812,0.828997015953064,4.3773040771484375,77.98751831054688,2.107336097478756,0.2924568048172114,-69.05917794458216,-3.7448585,2.1862442,-6.14254,6.679727,-5.0709443,-7.782543,11.728569,-13.93698,-42.75159,7.8795156,-11.950027,10.100074,20.750566,-1.0817016,17.215078,8.07983,24.726896,-32.400677,53.676216,12.468287,-4.441814,15.145261,-42.666496,-28.029297,32.32633,79.30142,-7.761741,8.883893,5.9907084
813,0.8270894289016724,4.361371994018555,77.98860931396484,2.1129724046948954,0.26646619996451765,-69.11599006413908,-3.687882,2.1999264,-6.0850277,6.6815414,-5.102865,-7.774949,11.735735,-13.955492,-42.698837,7.926691,-11.983441,10.093299,20.72232,-1.097315,17.152143,8.10006,24.692535,-32.432903,53.722347,12.482029,-4.453222,15.148961,-42.546333,-28.114176,32.45458,79.26703,-7.6701245,8.889587,6.04146
814,0.8265059590339661,4.345593452453613,77.9868392944336,2.1153861712777373,0.23946710130443458,-69.17852557925174,-3.62872,2.2191715,-6.021081,6.6840644,-5.141674,-7.76927,11.739087,-13.972863,-42.641315,7.9815326,-12.019277,10.084107,20.678806,-1.1125997,17.090574,8.143939,24.664274,-32.445396,53.746807,12.493899,-4.4814806,15.150764,-42.420723,-28.160212,32.42126,79.23155,-7.7566,8.901737,6.0910916
815,0.8272212147712708,4.329214096069336,77.98126983642578,2.1167087049728077,0.20867882146695982,-69.24410584755715,-3.56431,2.240302,-5.954524,6.6863985,-5.181431,-7.7678328,11.747629,-13.987584,-42.58097,8.030936,-12.051802,10.077087,20.64522,-1.1235578,17.031666,8.167472,24.624784,-32.47388,53.789852,12.503423,-4.51272,15.154094,-42.291656,-28.225246,32.45948,79.18898,-7.769308,8.915105,6.138849
816,0.8255799412727356,4.312490463256836,77.97435760498047,2.119782002864788,0.17183116049955782,-69.3099261519256,-3.4921563,2.2588837,-5.8889046,6.6884584,-5.2169666,-7.7729053,11.767752,-13.999671,-42.518715,8.0677,-12.07866,10.077101,20.602808,-1.1346486,16.978361,8.19942,24.590754,-32.497147,53.817097,12.508833,-4.5332527,15.151951,-42.169548,-28.27366,32.46843,79.15795,-7.8321614,8.928148,6.1837726
817,0.8253335952758789,4.2976884841918945,77.96744537353516,2.125022708896059,0.1237698506445504,-69.37516315991202,-3.4062097,2.2739868,-5.8250356,6.6895375,-5.2454505,-7.79216,11.810242,-14.006165,-42.455456,8.080662,-12.094137,10.090776,20.55546,-1.140813,16.935137,8.233104,24.55829,-32.520428,53.83175,12.511952,-4.537437,15.139358,-42.04878,-28.31366,32.451313,79.13373,-7.9355073,8.9421425,6.2251887
818,0.8282146453857422,4.283717632293701,77.96327209472656,2.1309865163990187,0.06728424685693918,-69.4415225691039,-3.3096006,2.2878463,-5.761094,6.6904173,-5.270454,-7.822015,11.869711,-14.007851,-42.390667,8.073884,-12.099394,10.113873,20.50948,-1.1365982,16.900091,8.255095,24.514498,-32.552444,53.85056,12.513551,-4.5335336,15.121223,-41.90804,-28.356157,32.348423,79.09471,-8.131895,8.959128,6.2669244
819,0.8304125666618347,4.270947456359863,77.96115112304688,2.1376224212004873,0.011585793860565248,-69.5090648556008,-3.2134666,2.3012903,-5.696888,6.690869,-5.294662,-7.8479996,11.926906,-14.008708,-42.323204,8.067029,-12.105468,10.1340885,20.45816,-1.147081,16.86418,8.292034,24.491873,-32.578083,53.849667,12.507806,-4.5267544,15.105448,-41.798866,-28.380827,32.357494,79.08707,-8.233942,8.970864,6.302039
820,0.8326035737991333,4.25774621963501,77.96268463134766,2.1440256600408314,-0.03454375016294018,-69.5782661199513,-3.1295662,2.315778,-5.632442,6.6927476,-5.3215175,-7.8556085,11.963811,-14.016389,-42.25203,8.079761,-12.1217575,10.139773,20.411142,-1.1703341,16.820646,8.3163185,24.469183,-32.60959,53.866486,12.496254,-4.5265512,15.105204,-41.692677,-28.410217,32.437607,79.07954,-8.278689,8.975582,6.3369246
821,0.8331391215324402,4.242781162261963,77.96800231933594,2.1496615499910523,-0.06294306677211177,-69.64879820365596,-3.0681643,2.3316936,-5.5698023,6.6960654,-5.351044,-7.8305073,11.9684515,-14.031164,-42.17657,8.116042,-12.151034,10.119235,20.358986,-1.1859094,16.759966,8.326913,24.422884,-32.649937,53.907627,12.470416,-4.538844,15.131129,-41.579304,-28.466633,32.563026,79.05447,-8.314986,8.969965,6.3852777
822,0.8337977528572083,4.226078987121582,77.97444152832031,2.155362456877119,-0.07994557520522903,-69.72034044154132,-3.0206463,2.3479774,-5.5082226,6.6998043,-5.381686,-7.783871,11.950542,-14.0511875,-42.097134,8.170587,-12.190509,10.081594,20.311604,-1.2087003,16.691605,8.319482,24.365318,-32.696903,53.97105,12.438758,-4.557029,15.176243,-41.46084,-28.539104,32.742077,79.01969,-8.314886,8.955412,6.437242
823,0.8331616520881653,4.205779552459717,77.97611999511719,2.1607827171245235,-0.0999480017836468,-69.7943254634724,-2.9692287,2.3654191,-5.4438543,6.7039576,-5.414355,-7.7396345,11.936082,-14.07157,-42.015633,8.223898,-12.22879,10.046257,20.26467,-1.2466975,16.626947,8.323424,24.332506,-32.7411,54.017212,12.407769,-4.5725265,15.218769,-41.359127,-28.588585,32.9582,79.00379,-8.281026,8.940665,6.480925
824,0.8309539556503296,4.1899027824401855,77.9710693359375,2.1653635099739637,-0.138262010269555,-69.87211791953992,-2.8947504,2.3850846,-5.372679,6.7068696,-5.4485846,-7.721518,11.951589,-14.081573,-41.934093,8.252562,-12.252973,10.032182,20.205576,-1.2551951,16.580908,8.329585,24.27188,-32.7777,54.060246,12.403784,-4.5808797,15.241611,-41.244503,-28.6576,33.06923,78.95638,-8.363656,8.940155,6.5293236
825,0.8318147659301758,4.175588607788086,77.96241760253906,2.1682499523832988,-0.20792712539772815,-69.95490645836601,-2.7802331,2.4082081,-5.2913456,6.7080626,-5.4867296,-7.7474227,12.021576,-14.075383,-41.854923,8.237022,-12.251809,10.054752,20.143944,-1.257453,16.565277,8.353429,24.228397,-32.80512,54.071766,12.426654,-4.576193,15.237292,-41.12441,-28.694256,33.02801,78.904976,-8.591644,8.95991,6.566473
826,0.8297152519226074,4.166837215423584,77.95101165771484,2.170539141305727,-0.29778951729886544,-70.04172214498621,-2.6400993,2.4334352,-5.2025933,6.708718,-5.5283327,-7.8007874,12.125024,-14.058482,-41.776253,8.194474,-12.234938,10.100201,20.088587,-1.2635809,16.565811,8.377513,24.196434,-32.83744,54.077633,12.465971,-4.5621514,15.2195215,-41.038857,-28.730629,33.13566,78.87952,-8.667846,8.989169,6.590124
827,0.828340470790863,4.157106876373291,77.9429702758789,2.172734739853335,-0.3860327500575628,-70.13039354611578,-2.5024767,2.4589977,-5.11202,6.710016,-5.569045,-7.854021,12.224006,-14.043085,-41.694885,8.155116,-12.219605,10.144543,20.02094,-1.2606722,16.567295,8.410273,24.156544,-32.862408,54.07628,12.514779,-4.545791,15.190777,-40.950016,-28.768673,33.183266,78.841415,-8.81165,9.019247,6.6179395
828,0.8284446001052856,4.146152496337891,77.94277954101562,2.1761605756520317,-0.45035396328193156,-70.21862130499066,-2.3946078,2.4828866,-5.0251813,6.71141,-5.6044965,-7.8795013,12.28025,-14.040084,-41.608315,8.148916,-12.223791,10.163725,19.95634,-1.2666392,16.548443,8.426305,24.111534,-32.904945,54.09874,12.55604,-4.5303707,15.160591,-40.850872,-28.808815,33.21133,78.798744,-8.958553,9.036044,6.648879
829,0.827709972858429,4.135806560516357,77.94486236572266,2.1827700364223475,-0.47626309322582616,-70.30470644505144,-2.334865,2.5020392,-4.945105,6.713693,-5.631572,-7.859702,12.265867,-14.0599375,-41.513607,8.202604,-12.263606,10.142838,19.893353,-1.2961848,16.496216,8.43476,24.075802,-32.962708,54.135853,12.590445,-4.513754,15.121816,-40.757355,-28.84513,33.2875,78.76858,-9.041181,9.032537,6.6833696
830,0.825481653213501,4.122493743896484,77.95201873779297,2.1914122447935744,-0.47857013800505915,-70.39025615683293,-2.3050098,2.5183938,-4.868373,6.717375,-5.65359,-7.812699,12.209083,-14.095718,-41.413036,8.292178,-12.324698,10.0979,19.825102,-1.3343965,16.424799,8.440769,24.040817,-33.027313,54.179367,12.623611,-4.495399,15.072744,-40.659584,-28.879171,33.32977,78.73478,-9.152396,9.0179205,6.7231307
831,0.8241873383522034,4.107251167297363,77.95846557617188,2.1983518657897148,-0.47823815344955045,-70.47817316468857,-2.2780519,2.5370271,-4.7906404,6.7200985,-5.674954,-7.764397,12.146495,-14.12938,-41.310516,8.382966,-12.385283,10.049814,19.766298,-1.3715085,16.349268,8.4287195,23.99884,-33.112785,54.246643,12.647705,-4.4790945,15.030648,-40.568096,-28.928326,33.45969,78.70622,-9.158631,8.99792,6.7582765
832,0.8259927034378052,4.098575592041016,77.95980834960938,2.1999125503260957,-0.4965026819534464,-70.57161606036719,-2.2272286,2.5624187,-4.70749,6.7231364,-5.7027664,-7.7404838,12.117489,-14.145196,-41.210457,8.43979,-12.42398,10.019884,19.703276,-1.3954488,16.291996,8.42658,23.956888,-33.191902,54.304726,12.659922,-4.469103,15.005459,-40.485924,-28.980116,33.60067,78.678185,-9.148917,8.980727,6.7854924
833,0.8244619965553284,4.0912699699401855,77.9552001953125,2.1923272079161293,-0.5454444458472969,-70.67340074179458,-2.1371553,2.5993273,-4.6171494,6.7251496,-5.7396584,-7.7545385,12.141463,-14.137211,-41.114063,8.451787,-12.433082,10.018346,19.630571,-1.3924367,16.264692,8.440364,23.910536,-33.262848,54.34705,12.652962,-4.467554,15.007416,-40.388275,-29.02152,33.585285,78.62992,-9.29217,8.970547,6.8062406
834,0.8217018246650696,4.087094783782959,77.94657897949219,2.1789312517754644,-0.6114184501893062,-70.78106173129665,-2.0248928,2.6435494,-4.5219812,6.7267547,-5.782275,-7.7904716,12.194445,-14.1133995,-41.019318,8.436439,-12.423702,10.032237,19.563723,-1.3853085,16.250856,8.4516325,23.869188,-33.344597,54.39549,12.627898,-4.4706125,15.030558,-40.310673,-29.062576,33.655197,78.59925,-9.335288,8.959433,6.813654
835,0.8174488544464111,4.082283973693848,77.93616485595703,2.1646066118694285,-0.6779954889079897,-70.89010675302663,-1.9121085,2.6895442,-4.424766,6.728529,-5.8249965,-7.830412,12.25081,-14.085452,-40.924355,8.412051,-12.408745,10.0484495,19.493357,-1.3740531,16.23873,8.467046,23.827059,-33.4211,54.440876,12.600073,-4.477734,15.053735,-40.23497,-29.1023,33.715034,78.57017,-9.383914,8.948364,6.8179955
836,0.8167614936828613,4.076401710510254,77.9308853149414,2.154274067653672,-0.7286671120029677,-70.99553296596548,-1.8195435,2.73123,-4.328547,6.730644,-5.862596,-7.8561172,12.286111,-14.064361,-40.828243,8.393401,-12.398875,10.053862,19.41942,-1.3655435,16.215534,8.486318,23.781372,-33.481167,54.48199,12.588331,-4.4875984,15.057831,-40.134598,-29.133781,33.638176,78.52895,-9.565359,8.937815,6.8262353
837,0.8164894580841064,4.069167137145996,77.93254852294922,2.1513347933741187,-0.7554603372141152,-71.09429738315144,-1.7571365,2.7647579,-4.2350826,6.732159,-5.8908443,-7.8589363,12.289112,-14.054509,-40.731308,8.3868685,-12.39937,10.04392,19.353556,-1.3793925,16.172565,8.49809,23.746828,-33.538467,54.528717,12.591594,-4.4997683,15.032445,-40.03901,-29.162144,33.625656,78.5053,-9.666485,8.924604,6.83412
838,0.8154276013374329,4.062052249908447,77.93704223632812,2.1521099971649904,-0.7685343667991558,-71.18968899488598,-1.711945,2.7940876,-4.1424527,6.733554,-5.91396,-7.8496456,12.274748,-14.049061,-40.63404,8.382502,-12.402677,10.025983,19.300447,-1.3949873,16.116405,8.482911,23.696205,-33.608227,54.608337,12.604003,-4.5170374,14.992278,-39.933594,-29.214855,33.67369,78.4776,-9.689304,8.910535,6.843635
839,0.8131877779960632,4.052940845489502,77.94171905517578,2.152062084837821,-0.7774992422551518,-71.2863649019641,-1.6727921,2.82498,-4.0481734,6.7363954,-5.9374437,-7.8399973,12.255081,-14.043431,-40.534763,8.377756,-12.406231,10.00469,19.241955,-1.4152175,16.060331,8.484902,23.659306,-33.657215,54.665268,12.619571,-4.534151,14.950705,-39.840763,-29.260546,33.739143,78.460304,-9.693002,8.894301,6.8455596
840,0.8116235733032227,4.045140266418457,77.94607543945312,2.1466554073609956,-0.7920444362458394,-71.38935784042482,-1.6251312,2.8630104,-3.9491417,6.7375937,-5.965361,-7.8413463,12.241975,-14.0281925,-40.432293,8.365208,-12.404888,9.9842825,19.184437,-1.4214761,16.011372,8.490122,23.615295,-33.69615,54.716198,12.631776,-4.548878,14.92913,-39.743572,-29.315464,33.772896,78.43601,-9.725385,8.876414,6.8358135
841,0.8103294372558594,4.039123058319092,77.94795989990234,2.1330836684068073,-0.8139344806361071,-71.50127463499601,-1.567644,2.9118035,-3.842814,6.73938,-6.00245,-7.8597827,12.2356615,-14.001883,-40.325275,8.349472,-12.401812,9.963035,19.130194,-1.4259709,15.969952,8.511093,23.584694,-33.717606,54.74675,12.636447,-4.558794,14.940634,-39.66789,-29.359581,33.856194,78.435165,-9.700366,8.852416,6.79961
842,0.804344654083252,4.036203384399414,77.94611358642578,2.113894426993129,-0.8386430820813907,-71.6191667807929,-1.5061808,2.9678926,-3.7314205,6.7412,-6.044821,-7.88809,12.233302,-13.967354,-40.215416,8.326637,-12.395024,9.939623,19.064976,-1.4124576,15.934164,8.549501,23.546066,-33.71404,54.75785,12.641279,-4.5678287,14.970396,-39.576252,-29.399998,33.798355,78.41766,-9.822417,8.8274355,6.754707
843,0.7998864054679871,4.032928943634033,77.94052124023438,2.09386607857653,-0.8651938588754691,-71.73910021706112,-1.4425726,3.025187,-3.6190238,6.743033,-6.0863886,-7.918289,12.233319,-13.929507,-40.1033,8.298379,-12.3842745,9.919041,19.018581,-1.3964093,15.900505,8.556066,23.492596,-33.727463,54.801964,12.645658,-4.5758367,15.004977,-39.490566,-29.46998,33.86509,78.403046,-9.801529,8.801754,6.7027187
844,0.7956669926643372,4.031492710113525,77.93414306640625,2.0775258353729047,-0.8927513912153457,-71.85719555598328,-1.3778402,3.077843,-3.5099728,6.7443604,-6.1212525,-7.9422846,12.236938,-13.894044,-39.990173,8.264052,-12.368744,9.906446,18.960642,-1.3828286,15.870688,8.585419,23.455368,-33.72481,54.814945,12.651367,-4.583647,15.014186,-39.40076,-29.511343,33.802822,78.39109,-9.921596,8.782603,6.6583457
845,0.791951060295105,4.032509803771973,77.92881774902344,2.066686839713513,-0.9238145343800408,-71.97315737085982,-1.3097482,3.1232152,-3.4057586,6.7458835,-6.1462946,-7.959516,12.24856,-13.860515,-39.87499,8.2173815,-12.343733,9.909552,18.917908,-1.3768386,15.846253,8.594643,23.420082,-33.73621,54.84171,12.659117,-4.5925546,14.99277,-39.333843,-29.570381,33.89975,78.39694,-9.872084,8.770981,6.6184015
846,0.7847046256065369,4.0310821533203125,77.92684173583984,2.0586864468298556,-0.9581455303981379,-72.08889333819216,-1.237515,3.1648588,-3.3039303,6.7465324,-6.164962,-7.9736505,12.267086,-13.826789,-39.757618,8.16052,-12.311181,9.923557,18.871092,-1.3632582,15.830295,8.6089115,23.382368,-33.737545,54.855633,12.670951,-4.602777,14.949451,-39.2592,-29.636152,33.937717,78.38864,-9.885948,8.766957,6.5868855
847,0.7817241549491882,4.0304365158081055,77.92718505859375,2.051069335629295,-0.990110089570073,-72.2037123310553,-1.1690562,3.2061532,-3.2030663,6.7481885,-6.182364,-7.9833097,12.282522,-13.792837,-39.64082,8.10312,-12.278304,9.934488,18.831495,-1.3505386,15.812528,8.61294,23.345919,-33.74764,54.877052,12.682741,-4.6105914,14.904222,-39.184498,-29.71752,34.03208,78.37743,-9.836261,8.760591,6.5565524
848,0.7776930332183838,4.03004789352417,77.93267059326172,2.041410883598811,-1.0143660544590092,-72.31706932601496,-1.1106296,3.2500434,-3.1016295,6.7499704,-6.202452,-7.987067,12.290435,-13.7565775,-39.52813,8.043051,-12.247729,9.928457,18.786509,-1.3399739,15.784689,8.621732,23.31769,-33.760136,54.896027,12.690795,-4.612886,14.872114,-39.09847,-29.786552,34.06367,78.36291,-9.852954,8.745368,6.525589
849,0.7761914730072021,4.030047416687012,77.94084930419922,2.028804437398752,-1.0240834983930456,-72.42861796223804,-1.070253,3.2979534,-2.9994016,6.7523384,-6.2269435,-7.976963,12.270289,-13.72644,-39.417995,8.012152,-12.233589,9.893773,18.745373,-1.3397989,15.735509,8.624093,23.299353,-33.79036,54.92887,12.690798,-4.606834,14.861832,-39.03022,-29.860943,34.241386,78.36889,-9.721834,8.715647,6.491676
850,0.7721250653266907,4.024993419647217,77.94847869873047,2.0143333973746897,-1.0242013680613786,-72.53875292054532,-1.0418475,3.3477767,-2.8971717,6.7550817,-6.253285,-7.9561744,12.235877,-13.697614,-39.310425,7.9895487,-12.225642,9.840583,18.696629,-1.3345742,15.676478,8.629234,23.280392,-33.8224,54.96021,12.6877775,-4.5959463,14.860848,-38.94076,-29.940033,34.345436,78.35279,-9.670016,8.679715,6.465343
851,0.7661128044128418,4.017673969268799,77.95101928710938,1.9986695895880666,-1.025948809322718,-72.64806372841052,-1.0122116,3.3994718,-2.7947965,6.758063,-6.280438,-7.9403386,12.204745,-13.666131,-39.205025,7.963703,-12.216039,9.787368,18.655897,-1.3255508,15.620659,8.623982,23.261713,-33.86123,54.997547,12.688532,-4.582963,14.864407,-38.843456,-30.040127,34.481747,78.32376,-9.576385,8.637935,6.4357862
852,0.7569879293441772,4.015923500061035,77.9468002319336,1.9824065391350618,-1.0406513111597488,-72.7573594695389,-0.9675399,3.4521797,-2.6920848,6.76029,-6.3069777,-7.9450088,12.195005,-13.62792,-39.101635,7.9233966,-12.19757,9.752577,18.607819,-1.3181864,15.577152,8.629986,23.252409,-33.88012,55.022705,12.69977,-4.570794,14.864557,-38.764988,-30.106045,34.57592,78.32359,-9.53371,8.591796,6.389502
853,0.7473496794700623,4.019177436828613,77.93854522705078,1.9646695262871468,-1.0788741303692542,-72.86809424745513,-0.8951,3.5079703,-2.586593,6.7612066,-6.3336825,-7.9854546,12.224399,-13.577698,-39.00176,7.8554063,-12.162704,9.749084,18.563509,-1.2884562,15.566799,8.637106,23.239016,-33.88053,55.028538,12.735246,-4.560959,14.8547125,-38.6786,-30.218412,34.704742,78.289444,-9.446589,8.539666,6.325694
854,0.7398008704185486,4.023670673370361,77.93121337890625,1.9456016403065048,-1.1319180730310643,-72.97942043614897,-0.8050043,3.5660274,-2.4791,6.760878,-6.360604,-8.049716,12.279386,-13.52013,-38.905025,7.7692895,-12.117351,9.764381,18.513985,-1.2545958,15.5708,8.650818,23.229702,-33.864162,55.02524,12.783585,-4.5509768,14.841512,-38.591496,-30.303062,34.730125,78.26661,-9.4661,8.48186,6.241828
855,0.7319949865341187,4.029661178588867,77.92774963378906,1.927195878077095,-1.1827373751347188,-73.08859516208618,-0.71847266,3.6231377,-2.3744211,6.760976,-6.386226,-8.112298,12.331038,-13.461739,-38.808437,7.6846232,-12.072825,9.779009,18.463936,-1.2311404,15.569747,8.664104,23.22806,-33.846603,55.028168,12.829942,-4.5407805,14.834135,-38.53613,-30.368458,34.84298,78.28151,-9.405015,8.421252,6.1582236
856,0.7233503460884094,4.034028053283691,77.92941284179688,1.911165927440817,-1.2147424220020875,-73.1927805506646,-0.6558992,3.6760976,-2.2774072,6.7617755,-6.4077277,-8.147642,12.350229,-13.415322,-38.708736,7.6261005,-12.041763,9.7743025,18.402897,-1.216595,15.551503,8.682745,23.228617,-33.824528,55.03387,12.8647175,-4.5319886,14.837474,-38.48445,-30.428608,34.940174,78.294426,-9.37703,8.3668375,6.109452
857,0.7153077721595764,4.032668590545654,77.93665313720703,1.8988003679700343,-1.21490936185739,-73.28928861563239,-0.6332878,3.7223725,-2.1926472,6.763588,-6.422389,-8.137834,12.317565,-13.383281,-38.604095,7.6008434,-12.027787,9.737223,18.343231,-1.2102531,15.512667,8.693493,23.234095,-33.81384,55.042915,12.886204,-4.5221195,14.860102,-38.417942,-30.544062,35.11974,78.26043,-9.264345,8.320357,6.120932
858,0.7059881687164307,4.028104782104492,77.9443359375,1.889089229651997,-1.1948295798022692,-73.3802319595185,-0.6368494,3.764226,-2.1165202,6.7670574,-6.432735,-8.100235,12.251165,-13.360868,-38.496407,7.598702,-12.025502,9.680547,18.293322,-1.2211504,15.453426,8.687641,23.24649,-33.822826,55.073822,12.895706,-4.510278,14.900437,-38.365273,-30.664043,35.404446,78.240814,-9.042066,8.276401,6.1614766
859,0.6950595378875732,4.024284362792969,77.95101928710938,1.8791157968033887,-1.1752782421340586,-73.47021789970513,-0.6398079,3.806115,-2.0416024,6.7695355,-6.442813,-8.061978,12.18373,-13.338578,-38.389294,7.60054,-12.025475,9.623476,18.236475,-1.2265959,15.398118,8.687633,23.258549,-33.82342,55.098793,12.896674,-4.50383,14.936446,-38.282227,-30.78265,35.52604,78.188484,-8.992659,8.237733,6.2144213
860,0.6827766299247742,4.022881507873535,77.95153045654297,1.8665833327891952,-1.1767786167762024,-73.56374499860644,-0.61719275,3.8527298,-1.9606506,6.7715583,-6.457805,-8.050417,12.149319,-13.307229,-38.286808,7.585215,-12.017964,9.585157,18.192162,-1.2277906,15.363205,8.684323,23.278458,-33.82623,55.122704,12.885274,-4.507177,14.953193,-38.226337,-30.92022,35.79308,78.14959,-8.799615,8.196732,6.243044
861,0.6696414947509766,4.025481700897217,77.9478759765625,1.8495205506661334,-1.2121795126598476,-73.66441332115572,-0.55245733,3.906977,-1.8678201,6.773347,-6.482497,-8.0808325,12.166889,-13.261262,-38.18932,7.5418806,-11.996843,9.577226,18.145525,-1.2123207,15.3605995,8.695079,23.29649,-33.804962,55.133915,12.861119,-4.5283456,14.937422,-38.16158,-31.044134,35.93609,78.10364,-8.741374,8.152472,6.236273
862,0.6545379161834717,4.030585765838623,77.94196319580078,1.8296765259202168,-1.2680240503541302,-73.76915612730109,-0.46214557,3.9660468,-1.7682571,6.7737904,-6.512138,-8.136126,12.215275,-13.20711,-38.094753,7.482979,-11.968066,9.5873165,18.102072,-1.1900773,15.376837,8.709306,23.31738,-33.77461,55.142586,12.822453,-4.5620236,14.901824,-38.10908,-31.167158,36.09785,78.06626,-8.671413,8.105206,6.2086177
863,0.6406822800636292,4.0365424156188965,77.93512725830078,1.810426083022751,-1.325693451670709,-73.87182408785958,-0.37058502,4.024112,-1.6707097,6.7741623,-6.540765,-8.194327,12.266172,-13.151955,-38.003613,7.4244223,-11.940712,9.5985155,18.056078,-1.1683711,15.396038,8.724526,23.341652,-33.746185,55.150005,12.780109,-4.5959554,14.863377,-38.061123,-31.293018,36.26525,78.02504,-8.611626,8.065207,6.1841736
864,0.6281477212905884,4.04075813293457,77.93016052246094,1.795019669308079,-1.3667355078602792,-73.96659411323311,-0.3014793,4.0765314,-1.5841795,6.7749696,-6.56212,-8.233691,12.2892065,-13.109788,-37.91522,7.391422,-11.927721,9.594487,17.990557,-1.1532533,15.394421,8.739342,23.359314,-33.72694,55.169212,12.742324,-4.618423,14.840918,-37.994106,-31.378075,36.242214,77.98021,-8.779552,8.044389,6.1849356
865,0.615807831287384,4.043634414672852,77.93099212646484,1.786487002215707,-1.3811387825460393,-74.049475501933,-0.26880202,4.1189437,-1.5155835,6.7761207,-6.57051,-8.242528,12.267649,-13.088162,-37.82988,7.3987737,-11.938677,9.567428,17.929142,-1.1553776,15.373031,8.734234,23.392033,-33.748886,55.196564,12.701136,-4.62543,14.83997,-37.932415,-31.497835,36.340942,77.91445,-8.850795,8.04679,6.2215114
866,0.6027244329452515,4.044885635375977,77.93529510498047,1.7821639930354358,-1.3803787380386776,-74.12436836332759,-0.25686395,4.1551595,-1.4586725,6.777371,-6.5709476,-8.234417,12.2189455,-13.0804615,-37.747467,7.434359,-11.966007,9.527368,17.864447,-1.1706847,15.336711,8.719833,23.433249,-33.793713,55.232826,12.655018,-4.6235075,14.851314,-37.90968,-31.627264,36.608646,77.8689,-8.787295,8.064117,6.276618
867,0.5891500115394592,4.044277191162109,77.94155883789062,1.7773288803481966,-1.378117335275297,-74.19737496649964,-0.24781075,4.191721,-1.4027797,6.779452,-6.5715127,-8.225532,12.168656,-13.072351,-37.667446,7.4710636,-11.993743,9.484106,17.795202,-1.1857132,15.298387,8.707612,23.475292,-33.83958,55.268948,12.616652,-4.6150446,14.867085,-37.88764,-31.751785,36.85638,77.823784,-8.749311,8.086714,6.3413806
868,0.5733538269996643,4.046239852905273,77.94673156738281,1.7668548886314517,-1.387872887582826,-74.27473530047229,-0.22206368,4.2357745,-1.3371851,6.7806973,-6.5796075,-8.232208,12.140643,-13.0505295,-37.589176,7.4859886,-12.007794,9.447449,17.725092,-1.191342,15.267471,8.70309,23.511847,-33.87308,55.305443,12.595066,-4.6018825,14.880912,-37.85332,-31.856974,37.002724,77.78565,-8.790557,8.102929,6.402524
869,0.558497965335846,4.0489373207092285,77.94961547851562,1.747775160122391,-1.4158585034811666,-74.35874523671778,-0.17129754,4.2913227,-1.2559869,6.781718,-6.6011405,-8.262856,12.146509,-13.008672,-37.51476,7.4689336,-12.002357,9.419175,17.66149,-1.1801906,15.25314,8.7097225,23.549915,-33.894634,55.331047,12.601591,-4.579511,14.893626,-37.782978,-31.967424,37.02131,77.724846,-8.906018,8.1097555,6.4625773
870,0.5434457659721375,4.051194190979004,77.94779968261719,1.7234147282462957,-1.4538231868047786,-74.44599051033349,-0.10720213,4.353447,-1.1657898,6.7826324,-6.630252,-8.307407,12.170595,-12.9548645,-37.44361,7.434343,-11.985503,9.394325,17.60306,-1.1629063,15.244501,8.716049,23.586712,-33.916862,55.36318,12.626336,-4.548345,14.910131,-37.707558,-32.07097,37.01042,77.67256,-9.022543,8.112331,6.5222435
871,0.5267038941383362,4.050633907318115,77.94175720214844,1.6985983802558453,-1.494134391606222,-74.5335199474053,-0.040169615,4.4166074,-1.0748101,6.7836037,-6.6591854,-8.354581,12.199644,-12.898134,-37.371475,7.3937955,-11.964705,9.372681,17.554314,-1.1510761,15.237502,8.7174635,23.628769,-33.942547,55.39863,12.648777,-4.5172048,14.92258,-37.686237,-32.185863,37.237366,77.66568,-8.903998,8.109085,6.5763006
872,0.5090798139572144,4.051669597625732,77.9345932006836,1.6782175330429008,-1.5294413142068797,-74.61844870040866,0.019942375,4.4749312,-0.9912174,6.7842155,-6.679428,-8.392915,12.219738,-12.847555,-37.293877,7.3585296,-11.946308,9.354133,17.492361,-1.1410413,15.227636,8.728691,23.660557,-33.946228,55.426,12.658313,-4.4967194,14.921582,-37.65093,-32.276077,37.327564,77.65398,-8.963127,8.110159,6.6317644
873,0.49307388067245483,4.054513931274414,77.92903900146484,1.6643145045018946,-1.5597825249264112,-74.69921618601302,0.07268427,4.5255527,-0.9188663,6.7846327,-6.686798,-8.421122,12.231138,-12.802806,-37.207928,7.3257976,-11.928409,9.343577,17.429138,-1.1387142,15.217423,8.741088,23.68941,-33.936703,55.44564,12.641191,-4.488156,14.894378,-37.615074,-32.358376,37.390305,77.64474,-9.094844,8.114026,6.6809673
874,0.473112553358078,4.0591206550598145,77.92845153808594,1.6540686765366863,-1.5885503458478747,-74.77761297094432,0.122493766,4.572131,-0.8529933,6.7853975,-6.6866565,-8.444669,12.240184,-12.761034,-37.116474,7.2918463,-11.908802,9.339585,17.36574,-1.1396341,15.209587,8.755309,23.717152,-33.916893,55.45765,12.607841,-4.4868402,14.848316,-37.577267,-32.437767,37.431202,77.634964,-9.274982,8.118887,6.7268753
875,0.45625126361846924,4.062595844268799,77.93156433105469,1.6446091335341753,-1.612653051089831,-74.85588902473302,0.16609198,4.6182814,-0.7883745,6.786445,-6.6849427,-8.462407,12.241064,-12.722867,-37.024063,7.2655005,-11.894151,9.332023,17.311056,-1.1410283,15.206522,8.773048,23.755587,-33.895573,55.44942,12.574256,-4.4916053,14.804856,-37.51641,-32.549904,37.45406,77.58706,-9.464007,8.125689,6.785059
876,0.4390960931777954,4.06588077545166,77.93901824951172,1.6329632436046486,-1.6288761261623972,-74.93636173896637,0.20086692,4.667289,-0.7196924,6.7872863,-6.6879025,-8.473002,12.229616,-12.683608,-36.935837,7.245752,-11.885618,9.310396,17.262274,-1.144643,15.194674,8.785116,23.793991,-33.887024,55.448906,12.550006,-4.501799,14.791533,-37.458275,-32.664276,37.485912,77.54392,-9.629223,8.13312,6.859878
877,0.42150044441223145,4.068249702453613,77.94688415527344,1.618456038931347,-1.6299484916870481,-75.02019599095188,0.21716985,4.7198477,-0.6449728,6.7892675,-6.6978383,-8.467816,12.191301,-12.649093,-36.852005,7.2489433,-11.893623,9.265044,17.214895,-1.151803,15.165726,8.796399,23.830109,-33.887943,55.45688,12.551176,-4.522161,14.826108,-37.412518,-32.77388,37.544716,77.51343,-9.757005,8.144027,6.958934
878,0.4013965427875519,4.070123672485352,77.95182800292969,1.602586702103507,-1.619625172445089,-75.10605096100915,0.21999678,4.7743063,-0.56728107,6.7918563,-6.7116075,-8.450325,12.133864,-12.617785,-36.770603,7.266965,-11.912744,9.203607,17.161825,-1.1657822,15.117301,8.804465,23.85433,-33.891926,55.48692,12.56687,-4.5515275,14.89467,-37.399426,-32.846275,37.62944,77.53179,-9.872115,8.156741,7.0696616
879,0.380990594625473,4.069441318511963,77.95214080810547,1.5854264528294837,-1.6116905957358476,-75.19221096160291,0.22582126,4.8307405,-0.48897785,6.794237,-6.726495,-8.437456,12.08189,-12.583612,-36.691628,7.279956,-11.929615,9.142706,17.114384,-1.1718997,15.08249,8.82484,23.893032,-33.890453,55.482254,12.578372,-4.580544,14.960753,-37.36113,-32.970936,37.708908,77.49736,-9.96985,8.167457,7.195562
880,0.35994940996170044,4.071137428283691,77.94829559326172,1.5667391048249162,-1.619462410059181,-75.27721443140636,0.2505664,4.8896427,-0.412534,6.796148,-6.740247,-8.446394,12.062913,-12.536721,-36.61629,7.2591963,-11.926704,9.098765,17.074245,-1.1736983,15.061644,8.8385315,23.927607,-33.888847,55.4807,12.564776,-4.5996037,15.002936,-37.315254,-33.092495,37.758934,77.46713,-10.077308,8.168582,7.312366
881,0.33760538697242737,4.0763726234436035,77.94122314453125,1.5459000056254681,-1.6540377358895118,-75.36061304409336,0.3080478,4.9523587,-0.3378793,6.796783,-6.7526407,-8.492911,12.09665,-12.471871,-36.547382,7.1914616,-11.895909,9.082788,17.035875,-1.1660492,15.063898,8.85905,23.955877,-33.866913,55.468018,12.523048,-4.6014767,15.009406,-37.26948,-33.208256,37.777866,77.44932,-10.203492,8.1532135,7.4145722
882,0.316118448972702,4.083956718444824,77.933349609375,1.5230431340564972,-1.7055319435192902,-75.44335305374683,0.3867344,5.018084,-0.2638729,6.795831,-6.7644377,-8.564105,12.166611,-12.393487,-36.483955,7.0870533,-11.8440895,9.0838175,16.991072,-1.1558115,15.071822,8.882026,23.970676,-33.83254,55.465263,12.459125,-4.592878,14.998879,-37.25323,-33.278446,37.791897,77.48865,-10.341314,8.125188,7.5034356
883,0.2958941161632538,4.087607383728027,77.92959594726562,1.5011932833386126,-1.757014982724953,-75.52526856403284,0.46453837,5.083347,-0.19122013,6.7955256,-6.7755923,-8.633962,12.242189,-12.310592,-36.420395,6.967701,-11.784574,9.08507,16.946335,-1.142514,15.088138,8.911957,23.990217,-33.79279,55.446056,12.390743,-4.5853324,14.977726,-37.224373,-33.381737,37.81048,77.49447,-10.459103,8.098479,7.600927
884,0.27511048316955566,4.09215784072876,77.93343353271484,1.4820427879598774,-1.7909753762775606,-75.60615074792955,0.5203533,5.1442204,-0.12065177,6.796165,-6.7854805,-8.676347,12.291914,-12.233208,-36.351017,6.852962,-11.7280855,9.070189,16.909765,-1.1337476,15.0958185,8.928933,24.014418,-33.781254,55.435623,12.322152,-4.589888,14.960683,-37.175198,-33.51931,37.843792,77.46267,-10.538592,8.085003,7.7137337
885,0.25533005595207214,4.09459114074707,77.93926239013672,1.4666927582609175,-1.795961166418884,-75.68510661495957,0.5398552,5.198123,-0.05421545,6.7983603,-6.792321,-8.672135,12.281003,-12.178256,-36.269108,6.7971854,-11.70506,9.029173,16.866009,-1.1407548,15.07288,8.936095,24.035238,-33.796787,55.45457,12.249357,-4.610784,14.953465,-37.15245,-33.637814,37.941826,77.4599,-10.557711,8.089133,7.842065
886,0.234546959400177,4.093212127685547,77.94622039794922,1.4533641078016877,-1.7834276485038454,-75.76266492635594,0.5366451,5.248481,0.009148029,6.801584,-6.7964034,-8.639455,12.215222,-12.149738,-36.174988,6.8202467,-11.723327,8.973218,16.817183,-1.1551799,15.034516,8.942054,24.055374,-33.82415,55.48303,12.172942,-4.6416616,14.947313,-37.142384,-33.756195,38.08316,77.462975,-10.530978,8.104507,7.9832973
887,0.21270468831062317,4.092864036560059,77.95127868652344,1.4402887901141759,-1.7702246161953201,-75.84092158376154,0.51473594,5.299576,0.071545035,6.8425317,-6.8216786,-8.607915,12.152167,-12.116564,-36.080482,6.832739,-11.736672,8.915983,16.770386,-1.1655191,14.999878,8.947171,24.076183,-33.86047,55.50931,12.100721,-4.6778936,14.93958,-37.124928,-33.893944,38.221558,77.44538,-10.498599,8.123518,8.126231
888,0.1907852739095688,4.096052646636963,77.95217895507812,1.4224368768943916,-1.7721162129576136,-75.92253904566228,0.51698434,5.357749,0.13906808,6.8724985,-6.8453355,-8.607905,12.109698,-12.07624,-35.98826,6.840931,-11.746818,8.872059,16.72822,-1.1669846,14.979678,8.9524975,24.093397,-33.899162,55.535545,12.042729,-4.714232,14.93051,-37.102726,-34.029324,38.31652,77.42397,-10.507333,8.137088,8.251881
889,0.16582165658473969,4.102552890777588,77.94744110107422,1.3972373847996107,-1.8002433677752694,-76.00899956332673,0.5685089,5.4257746,0.21545139,6.8680415,-6.8584347,-8.659281,12.104775,-12.023522,-35.90002,6.8380632,-11.750237,8.8498955,16.69045,-1.1536824,14.983933,8.963051,24.105652,-33.933514,55.558327,12.001468,-4.7565737,14.921975,-37.078247,-34.15553,38.35121,77.40425,-10.580916,8.143639,8.351276
890,0.1414516270160675,4.108685493469238,77.94093322753906,1.3690174860413526,-1.8441450084274553,-76.09868367015366,0.6481778,5.49993,0.29727164,6.845206,-6.8669386,-8.741979,12.129424,-11.957522,-35.815147,6.8078637,-11.7384615,8.840199,16.647259,-1.1353146,14.998093,8.981028,24.112656,-33.963367,55.585224,11.970529,-4.805148,14.914413,-37.075977,-34.24773,38.363132,77.418045,-10.693536,8.146276,8.430055
891,0.11731533706188202,4.116897106170654,77.93465423583984,1.3401290657781841,-1.8865973920416346,-76.18901460115325,0.72711855,5.575313,0.38022807,6.820529,-6.8736196,-8.826343,12.149164,-11.892828,-35.72985,6.786164,-11.731334,8.830789,16.607235,-1.1143559,15.013998,8.998349,24.118622,-33.999363,55.60861,11.953328,-4.8468986,14.902057,-37.06445,-34.355907,38.36254,77.413376,-10.806974,8.1465,8.507689
892,0.09449990838766098,4.126491546630859,77.93035125732422,1.3148790270903676,-1.9108121148225534,-76.27732606980521,0.77468,5.646779,0.45956,6.8148093,-6.883673,-8.882553,12.14081,-11.836413,-35.642895,6.77942,-11.732929,8.809401,16.579723,-1.0969812,15.020744,9.0035715,24.12423,-34.052406,55.630566,11.955072,-4.8688173,14.87965,-37.020565,-34.50754,38.35634,77.35979,-10.888038,8.144586,8.599512
893,0.07214896380901337,4.132171630859375,77.93143463134766,1.2953454479532003,-1.9072253735889606,-76.36099767846008,0.7763483,5.709882,0.5321896,6.83403,-6.8960743,-8.893725,12.1031685,-11.785671,-35.55691,6.7636027,-11.732017,8.769996,16.547997,-1.0968684,15.001596,9.005936,24.128723,-34.117393,55.65686,11.993662,-4.856214,14.842671,-36.985065,-34.657368,38.384556,77.30956,-10.920809,8.141407,8.705099
894,0.048982758074998856,4.134819030761719,77.93700408935547,1.2795937087532054,-1.886570127110152,-76.44225523071816,0.74733454,5.7691727,0.600955,6.872501,-6.9114184,-8.878879,12.035321,-11.745893,-35.469013,6.7726736,-11.745496,8.720198,16.512949,-1.1057444,14.967095,9.007904,24.131878,-34.190247,55.684155,12.0609,-4.819933,14.794708,-36.95457,-34.80586,38.430473,77.25918,-10.925097,8.1364,8.817578
895,0.026868272572755814,4.139612674713135,77.94520568847656,1.2621599039314877,-1.8615283245507817,-76.52511177336582,0.71483433,5.829637,0.67075104,6.908826,-6.9253383,-8.861653,11.959699,-11.706789,-35.379944,6.786598,-11.760281,8.667715,16.46586,-1.1232871,14.921999,9.025977,24.133375,-34.24505,55.708023,12.123644,-4.784353,14.746241,-36.963093,-34.903976,38.492863,77.263885,-10.928015,8.1244545,8.921606
896,0.002743994351476431,4.144537925720215,77.95243835449219,1.2408084959058974,-1.8459503426164905,-76.61405564148123,0.69953245,5.895941,0.7459429,6.933851,-6.938901,-8.865608,11.900421,-11.657019,-35.29039,6.7832274,-11.762718,8.620225,16.432997,-1.1205469,14.894743,9.043006,24.129923,-34.29318,55.716324,12.143696,-4.774797,14.7048435,-36.936718,-35.05604,38.51986,77.216194,-10.94131,8.104904,9.025788
897,-0.01962595246732235,4.1503400802612305,77.95675659179688,1.2115072876895288,-1.8441591073821366,-76.7137306292846,0.7132978,5.9721894,0.8312896,6.9358406,-6.9500504,-8.90127,11.853403,-11.599082,-35.197018,6.7825646,-11.76117,8.5788355,16.412731,-1.1037014,14.882768,9.064797,24.12098,-34.321743,55.714943,12.096813,-4.8064485,14.677102,-36.900047,-35.21132,38.500656,77.16414,-10.983078,8.077767,9.124083
898,-0.042965274304151535,4.158341407775879,77.95645141601562,1.1769225005097381,-1.8488391569348417,-76.82047098196703,0.7409577,6.0547905,0.92288965,6.927749,-6.9617047,-8.954585,11.817089,-11.53193,-35.102215,6.769189,-11.74955,8.539619,16.39567,-1.0791157,14.87679,9.094913,24.107904,-34.334366,55.704906,12.005494,-4.8632965,14.656624,-36.86853,-35.35919,38.462166,77.12225,-11.037465,8.044001,9.218064
899,-0.0693628340959549,4.169229984283447,77.95079040527344,1.1422325786708583,-1.8547562128496669,-76.92652776612844,0.77092284,6.1375675,1.0140047,6.917165,-6.971548,-9.012749,11.781869,-11.464316,-35.00746,6.756782,-11.737255,8.5033245,16.379711,-1.0519824,14.874159,9.124733,24.090347,-34.34092,55.69337,11.91248,-4.921803,14.638045,-36.83209,-35.51333,38.412594,77.07647,-11.099367,7.9994802,9.300544
900,-0.09448058903217316,4.180130481719971,77.94517517089844,1.1118465958113213,-1.856645338080459,-77.02397128210805,0.7930764,6.2143407,1.0977225,6.909154,-6.9760156,-9.062939,11.746833,-11.399638,-34.91627,6.7369905,-11.721773,8.470671,16.3583,-1.0306908,14.869565,9.150925,24.069899,-34.34762,55.68666,11.859996,-4.9583316,14.616226,-36.79357,-35.66728,38.366024,77.0326,-11.165041,7.940035,9.36144
901,-0.12043222039937973,4.190147399902344,77.93951416015625,1.0884038532491516,-1.8543584103946218,-77.10766028108473,0.80432415,6.2817817,1.1692668,6.9062333,-6.9720187,-9.1049185,11.702825,-11.347511,-34.82857,6.7381053,-11.718898,8.446421,16.326786,-1.0175282,14.863374,9.173611,24.046282,-34.35084,55.684032,11.867674,-4.960018,14.582692,-36.75355,-35.82184,38.323154,76.99248,-11.249337,7.861147,9.3892
902,-0.1459541767835617,4.203742980957031,77.93917083740234,1.0696906406787017,-1.8506154077630141,-77.18271211526721,0.8110779,6.343886,1.2332424,6.9046736,-6.962281,-9.144388,11.659416,-11.299319,-34.74401,6.7387695,-11.715827,8.428616,16.289148,-1.0080738,14.857728,9.194546,24.019135,-34.34938,55.682854,11.909429,-4.941745,14.542744,-36.711426,-35.976887,38.277542,76.95434,-11.348976,7.7663646,9.391683
903,-0.17141884565353394,4.215331554412842,77.94324493408203,1.0513301745768644,-1.8433221571751306,-77.25717780985335,0.81279355,6.4056554,1.296799,6.9042683,-6.952301,-9.177904,11.609853,-11.252336,-34.658722,6.7435107,-11.715593,8.408182,16.251814,-1.0004983,14.849553,9.212404,23.990042,-34.351757,55.686234,11.959498,-4.9213634,14.511234,-36.66941,-36.13313,38.23706,76.91725,-11.432401,7.6628547,9.389184
904,-0.19459931552410126,4.219176769256592,77.95101165771484,1.0303351774626626,-1.830799996345208,-77.33833832941984,0.80668956,6.4722896,1.3664936,6.9112463,-6.9509377,-9.201981,11.553842,-11.200165,-34.57018,6.7418046,-11.713336,8.3759165,16.221272,-0.9928488,14.836464,9.224754,23.961662,-34.368576,55.697197,11.989391,-4.916907,14.503076,-36.62848,-36.29099,38.208313,76.87798,-11.467895,7.5582595,9.402224
905,-0.22120745480060577,4.225273609161377,77.9608154296875,1.0044448937655754,-1.807381256120949,-77.43043668631542,0.78247344,6.5463514,1.4453443,6.93435,-6.9652824,-9.206184,11.476332,-11.145147,-34.474365,6.7489643,-11.717953,8.322247,16.200916,-0.98681384,14.81229,9.231453,23.936405,-34.406204,55.717335,11.987637,-4.936682,14.530433,-36.58902,-36.451927,38.19599,76.83675,-11.429743,7.4496555,9.441478
906,-0.24742230772972107,4.23167610168457,77.96719360351562,0.9751970855881534,-1.775612236667307,-77.52840089421264,0.7452967,6.6247635,1.529277,6.9672704,-6.9887905,-9.195583,11.385579,-11.087449,-34.37421,6.7568336,-11.72464,8.254333,16.184368,-0.9851815,14.779337,9.238333,23.91642,-34.455124,55.740616,11.969691,-4.9697504,14.582252,-36.557137,-36.60433,38.19871,76.8044,-11.340998,7.3344064,9.493046
907,-0.274810791015625,4.239786148071289,77.96749114990234,0.9458053743590665,-1.7466333317924618,-77.62752243883489,0.71339905,6.7046623,1.614672,6.995596,-7.0105033,-9.189978,11.299741,-11.0271845,-34.274933,6.7600923,-11.728668,8.188451,16.17048,-0.9819941,14.750431,9.242825,23.898756,-34.509083,55.763138,11.948997,-5.00538,14.638669,-36.52389,-36.761253,38.205063,76.76605,-11.24176,7.221012,9.544532
908,-0.30347752571105957,4.249155521392822,77.9629135131836,0.9162964025111324,-1.7308823943069724,-77.72278329830465,0.70368385,6.783683,1.6977643,7.0090055,-7.0225058,-9.209202,11.233297,-10.966428,-34.1803,6.762203,-11.730221,8.140832,16.158539,-0.97185,14.738092,9.244408,23.880596,-34.559807,55.77955,11.941717,-5.032576,14.680145,-36.481163,-36.93262,38.202812,76.709755,-11.173149,7.1174307,9.58278
909,-0.33423441648483276,4.261902809143066,77.95635223388672,0.8885955871170229,-1.7384552828279538,-77.81352869395278,0.7321433,6.861403,1.7789675,6.9973187,-7.0191593,-9.271458,11.200461,-10.904684,-34.09312,6.760172,-11.726249,8.1247225,16.142405,-0.9543039,14.749115,9.249127,23.862728,-34.598934,55.78639,11.949017,-5.051697,14.702703,-36.4431,-37.10083,38.19664,76.653786,-11.1588745,7.024259,9.596042
910,-0.3628988265991211,4.274217128753662,77.94981384277344,0.8611686696127467,-1.7611913025696215,-77.9019073119483,0.78933775,6.9387736,1.8602908,6.9611506,-7.0016165,-9.361855,11.190325,-10.841092,-34.01048,6.753819,-11.718439,8.128476,16.12361,-0.93223035,14.775244,9.257651,23.84476,-34.628887,55.78629,11.96691,-5.0673084,14.716467,-36.41102,-37.265343,38.191994,76.60005,-11.172997,6.937714,9.593639
911,-0.39099055528640747,4.287456035614014,77.94815063476562,0.8358012375708559,-1.7830501466103044,-77.98836921165345,0.84308153,7.0154457,1.939326,6.9295144,-6.985319,-9.450672,11.178696,-10.778195,-33.9285,6.749495,-11.711599,8.131105,16.102861,-0.91082585,14.801472,9.261618,23.827995,-34.66353,55.78856,11.987089,-5.0753374,14.723179,-36.38356,-37.425953,38.194492,76.548935,-11.182657,6.858157,9.589225
912,-0.42077329754829407,4.299422740936279,77.95027160644531,0.8083616636884527,-1.7879026342708226,-78.07293514802632,0.8662609,7.091163,2.0139265,6.9188523,-6.977788,-9.508336,11.144173,-10.716857,-33.84388,6.7486567,-11.708565,8.111546,16.081411,-0.89620507,14.813227,9.256639,23.814127,-34.711346,55.798782,12.006718,-5.071307,14.724369,-36.36012,-37.5837,38.20998,76.50131,-11.155191,6.786267,9.596597
913,-0.4499606788158417,4.307171821594238,77.95692443847656,0.7846818316854958,-1.7643630595049136,-78.154244955086,0.8381518,7.164009,2.0807083,6.943842,-6.9852033,-9.513431,11.070195,-10.659463,-33.754406,6.7540865,-11.711679,8.05643,16.058575,-0.8940108,14.800872,9.238773,23.805172,-34.780773,55.82031,12.02294,-5.046278,14.715312,-36.338577,-37.73938,38.24669,76.45286,-11.0625725,6.720346,9.626206
914,-0.47975149750709534,4.3111419677734375,77.96588897705078,0.7611601332607668,-1.7231321999931766,-78.23260709082338,0.7777037,7.235152,2.141394,6.9908013,-7.000798,-9.486394,10.973851,-10.603499,-33.662968,6.7589154,-11.7157755,7.979538,16.034182,-0.9000287,14.774432,9.212067,23.801361,-34.865295,55.84772,12.03768,-5.005141,14.696613,-36.320133,-37.89321,38.298943,76.40438,-10.929038,6.660703,9.668734
915,-0.5069316625595093,4.316264629364014,77.9737319946289,0.7362432884268802,-1.6822873506567462,-78.31115432793476,0.7187599,7.307396,2.2026827,7.036944,-7.016981,-9.459733,10.876997,-10.54707,-33.571613,6.767767,-11.722764,7.900706,16.007725,-0.9078125,14.746683,9.188494,23.801622,-34.946125,55.87326,12.056848,-4.964108,14.677989,-36.315586,-38.028194,38.355545,76.375824,-10.799755,6.610671,9.705411
916,-0.5370137095451355,4.32261323928833,77.97605895996094,0.7105402909915731,-1.6604818575411326,-78.39293076258198,0.69139934,7.383372,2.2706978,7.064628,-7.0274916,-9.465995,10.805622,-10.486464,-33.483257,6.7713,-11.724859,7.8399496,15.991698,-0.9017512,14.738296,9.164024,23.8026,-35.02075,55.890675,12.082854,-4.940018,14.668619,-36.295704,-38.178936,38.380356,76.331635,-10.7172365,6.575005,9.725626
917,-0.5674944519996643,4.335452556610107,77.97360229492188,0.6792023551574993,-1.6693599274487607,-78.48123111105424,0.7198785,7.4665575,2.3518305,7.054487,-7.025824,-9.526241,10.773874,-10.418813,-33.39851,6.7721,-11.723729,7.8066797,15.985234,-0.8783784,14.756289,9.145299,23.802711,-35.082348,55.901577,12.118885,-4.944154,14.679374,-36.274837,-38.323635,38.36693,76.29664,-10.709676,6.556247,9.71159
918,-0.6012329459190369,4.347562789916992,77.96896362304688,0.6461763459802718,-1.6967417756955427,-78.57330113988166,0.78024477,7.554352,2.4410362,7.025851,-7.0195217,-9.61892,10.76693,-10.346322,-33.316174,6.767311,-11.717905,7.789006,15.9693,-0.8517868,14.782024,9.142227,23.802868,-35.12323,55.910404,12.161979,-4.9653306,14.703202,-36.29643,-38.409496,38.35695,76.32581,-10.750267,6.550268,9.668013
919,-0.6323406100273132,4.357629776000977,77.96292877197266,0.612920804753246,-1.725263171956171,-78.66399290031394,0.8429664,7.641066,2.5288186,6.995057,-7.011314,-9.713061,10.762587,-10.274079,-33.23541,6.7629795,-11.712645,7.7742934,15.972106,-0.8149879,14.817828,9.122979,23.802382,-35.17189,55.9145,12.211911,-4.986214,14.721514,-36.269913,-38.55527,38.314697,76.29161,-10.796153,6.554784,9.634108
920,-0.6647318601608276,4.368964672088623,77.9584732055664,0.584300006320075,-1.7371976359116597,-78.74780556150962,0.8763601,7.7211227,2.6051123,6.982439,-7.0062027,-9.777794,10.738156,-10.208104,-33.155354,6.7621007,-11.709546,7.7500153,15.968416,-0.7937487,14.836927,9.101791,23.804688,-35.2075,55.917217,12.267749,-4.9889483,14.718105,-36.25259,-38.68651,38.29436,76.27026,-10.81703,6.561993,9.620772
921,-0.6950103044509888,4.37641716003418,77.95838928222656,0.5648636923284637,-1.7240224787174934,-78.82112867678788,0.864,7.789925,2.6635482,6.998924,-7.0057287,-9.796754,10.685078,-10.1510935,-33.076195,6.761437,-11.707044,7.7121396,15.963237,-0.790755,14.8380165,9.072796,23.81212,-35.23315,55.911694,12.339274,-4.9625363,14.671637,-36.234104,-38.82716,38.301582,76.238976,-10.794614,6.5773277,9.643751
922,-0.725242018699646,4.378884315490723,77.96318817138672,0.5495288265000097,-1.6961958161095065,-78.88740856527272,0.8258849,7.8519473,2.7104475,7.0303545,-7.006299,-9.789295,10.614374,-10.100294,-32.997917,6.765216,-11.707197,7.6674805,15.93816,-0.80131996,14.817,9.060498,23.822529,-35.233124,55.89437,12.423008,-4.9186177,14.5952015,-36.183712,-38.97284,38.31126,76.17429,-10.772051,6.600313,9.683462
923,-0.7566364407539368,4.382355213165283,77.97163391113281,0.5326377266127226,-1.6653607092494036,-78.95234753789606,0.78298694,7.9137836,2.7552688,7.0648713,-7.008497,-9.777383,10.541613,-10.049183,-32.921074,6.768202,-11.7080765,7.620211,15.932816,-0.81207484,14.805712,9.028576,23.838757,-35.23929,55.875546,12.502533,-4.873274,14.526905,-36.16967,-39.112026,38.338535,76.14561,-10.718026,6.622221,9.733445
924,-0.789956271648407,4.382391452789307,77.9802017211914,0.5122171773636068,-1.6436054659031378,-79.0212456696459,0.757465,7.982376,2.8072565,7.0887055,-7.0120964,-9.783322,10.481153,-9.991446,-32.845913,6.76929,-11.71094,7.5743046,15.925354,-0.8179151,14.796791,9.006734,23.85637,-35.232437,55.85489,12.56236,-4.8425474,14.501193,-36.166927,-39.230247,38.358437,76.141426,-10.67189,6.6303616,9.771103
925,-0.823874294757843,4.383527755737305,77.98397827148438,0.48392656269543727,-1.6343536270684402,-79.09754067214585,0.75560397,8.061083,2.8717225,7.0987153,-7.0199585,-9.815033,10.434458,-9.925993,-32.771477,6.7724137,-11.718978,7.5285482,15.924264,-0.8109256,14.798897,8.993914,23.878393,-35.216427,55.824272,12.595279,-4.8336663,14.542399,-36.14709,-39.360073,38.349705,76.12509,-10.62342,6.618922,9.794279
926,-0.8581396341323853,4.3891167640686035,77.9821548461914,0.4527394809557892,-1.6312909039720858,-79.17754160303662,0.7676781,8.145723,2.9428673,7.099003,-7.0300145,-9.860019,10.396992,-9.854134,-32.698536,6.7708206,-11.7276,7.481426,15.915679,-0.80036825,14.796577,8.995865,23.9014,-35.185234,55.79057,12.607842,-4.836965,14.626788,-36.10136,-39.491764,38.327175,76.09292,-10.574054,6.593933,9.806066
927,-0.8926790952682495,4.393793106079102,77.97649383544922,0.4192353522640727,-1.6311895293497098,-79.25650782882953,0.7832585,8.231318,3.0132878,7.099598,-7.04016,-9.909774,10.364201,-9.781583,-32.627598,6.770342,-11.736738,7.437033,15.921827,-0.78640854,14.805409,8.983856,23.927456,-35.157543,55.75838,12.612483,-4.8437815,14.716431,-36.080093,-39.61667,38.300327,76.08686,-10.5310545,6.566568,9.822856
928,-0.9264806509017944,4.399706840515137,77.96956634521484,0.39025878846960416,-1.6315529609375685,-79.32924515121515,0.79819673,8.312178,3.0761533,7.100195,-7.0440836,-9.95568,10.335369,-9.711268,-32.56019,6.767344,-11.741689,7.3992853,15.916893,-0.7765497,14.809114,8.9773245,23.955921,-35.119957,55.727016,12.613413,-4.8456883,14.770213,-36.044376,-39.74091,38.277863,76.06433,-10.51784,6.5444617,9.846239
929,-0.9607763886451721,4.40579891204834,77.96580505371094,0.3650431522535226,-1.6335310956062454,-79.39259661029278,0.8111868,8.385993,3.1270072,7.10578,-7.0404644,-9.99877,10.311316,-9.646843,-32.49751,6.7673607,-11.742819,7.3738275,15.903142,-0.7700019,14.812303,8.971249,23.987232,-35.075176,55.696003,12.604016,-4.8424997,14.770635,-35.99796,-39.86732,38.259186,76.025734,-10.553916,6.531242,9.877691
930,-0.9938816428184509,4.404472351074219,77.9648666381836,0.34302921267964886,-1.6383279819716279,-79.44983429113245,0.82549506,8.456067,3.170472,7.1132145,-7.0320134,-10.04247,10.294974,-9.58372,-32.438934,6.7646112,-11.740134,7.356955,15.892573,-0.7633676,14.821247,8.957578,24.022057,-35.02937,55.665375,12.584152,-4.8380547,14.741823,-35.956997,-39.991764,38.238144,75.99041,-10.6230955,6.5223775,9.916119
931,-1.0278992652893066,4.402961730957031,77.96797943115234,0.3221733961721276,-1.6413485978174642,-79.50590622303184,0.83708614,8.52558,3.2124567,7.1221538,-7.0236673,-10.081962,10.276114,-9.521501,-32.38116,6.7634797,-11.737695,7.3390684,15.883103,-0.7588787,14.829721,8.941346,24.060081,-34.980923,55.637802,12.570138,-4.8297873,14.705712,-35.920185,-40.11375,38.220684,75.95826,-10.689732,6.514043,9.963471
932,-1.0606300830841064,4.400698661804199,77.97428894042969,0.300039615769669,-1.6383333221071499,-79.565847148809,0.8395799,8.597013,3.258779,7.136648,-7.0224853,-10.112285,10.248597,-9.458153,-32.321255,6.7610183,-11.737063,7.310608,15.865468,-0.75967294,14.826274,8.933218,24.099707,-34.92532,55.61696,12.574278,-4.8155365,14.683519,-35.867165,-40.239864,38.214005,75.909294,-10.717076,6.501687,10.019875
933,-1.095321536064148,4.398651123046875,77.98082733154297,0.2760112813646131,-1.6233192661073363,-79.6332434044929,0.82359546,8.671689,3.3127408,7.162311,-7.03377,-10.123347,10.20051,-9.394703,-32.256344,6.7635145,-11.742404,7.264173,15.857593,-0.7655386,14.816052,8.916696,24.140507,-34.868557,55.607216,12.617497,-4.78666,14.680405,-35.82771,-40.36625,38.220295,75.87152,-10.678179,6.48664,10.099373
934,-1.1304261684417725,4.39792537689209,77.98428344726562,0.25179160098448217,-1.6001835590364917,-79.70446279387002,0.79522,8.747991,3.370718,7.1955442,-7.0526094,-10.120654,10.140464,-9.330586,-32.18905,6.7656317,-11.749258,7.2064185,15.851386,-0.77733165,14.794949,8.888424,24.173677,-34.812393,55.62274,12.683803,-4.747313,14.687655,-35.820965,-40.462627,38.246918,75.876785,-10.604307,6.469982,10.192898
935,-1.1642661094665527,4.396539211273193,77.98221588134766,0.22596945597660956,-1.5795701541738723,-79.77461010799156,0.7709064,8.825009,3.4277093,7.2259154,-7.0704737,-10.122942,10.084868,-9.265585,-32.123386,6.7667665,-11.756883,7.1491055,15.84315,-0.7858123,14.781912,8.868912,24.21767,-34.752995,55.622963,12.749123,-4.7133713,14.698756,-35.795513,-40.584187,38.26626,75.84834,-10.525784,6.4515967,10.289964
936,-1.2010022401809692,4.396254539489746,77.97806549072266,0.1999401337896685,-1.5721064954795032,-79.83841801945702,0.76826215,8.901717,3.4790978,7.2424703,-7.0792265,-10.148882,10.049077,-9.199353,-32.06338,6.7682676,-11.765957,7.103711,15.823596,-0.7913848,14.770561,8.851153,24.256342,-34.70464,55.63852,12.782299,-4.7007756,14.718268,-35.766388,-40.686436,38.287975,75.83034,-10.480672,6.429453,10.362433
937,-1.240280270576477,4.39556360244751,77.97140502929688,0.17476098459128586,-1.5878813928683182,-79.89251739090246,0.80194515,8.97843,3.5215812,7.2365465,-7.072692,-10.2160635,10.0499935,-9.129588,-32.013622,6.764276,-11.773634,7.079253,15.794622,-0.78451896,14.7828,8.843891,24.30591,-34.667236,55.63994,12.767635,-4.725456,14.743959,-35.70972,-40.809204,38.289272,75.7762,-10.485862,6.40162,10.404663
938,-1.2790371179580688,4.395079135894775,77.96438598632812,0.14613016468847245,-1.6184423651790862,-79.94010563437361,0.8595159,9.055875,3.5584664,7.2159247,-7.056884,-10.310347,10.073643,-9.057592,-31.970516,6.759335,-11.782245,7.0675206,15.765732,-0.7705544,14.809987,8.833335,24.359947,-34.645668,55.644455,12.722788,-4.7748337,14.778095,-35.64387,-40.930737,38.266838,75.71754,-10.530305,6.369292,10.427015
939,-1.3158701658248901,4.396949291229248,77.96184539794922,0.12053160547273505,-1.6479349386549516,-79.98701656311275,0.9162944,9.131852,3.594757,7.1948004,-7.040576,-10.402592,10.096305,-8.98667,-31.927025,6.754953,-11.792147,7.054653,15.739161,-0.75913584,14.835409,8.818845,24.416489,-34.63384,55.652634,12.670505,-4.8227105,14.816195,-35.579826,-41.046177,38.240772,75.66537,-10.580972,6.3384132,10.450877
940,-1.3476232290267944,4.390739917755127,77.96309661865234,0.09695888532069122,-1.6599800050604874,-80.03859304440323,0.9456758,9.205462,3.634879,7.1913385,-7.0347614,-10.463781,10.093888,-8.919587,-31.87589,6.752599,-11.803127,7.0266547,15.716364,-0.75883603,14.840361,8.796761,24.466787,-34.62546,55.67318,12.636386,-4.842895,14.8551035,-35.534332,-41.14093,38.23472,75.64065,-10.605951,6.3144517,10.496253
941,-1.3805012702941895,4.38429069519043,77.96707153320312,0.07758786160562425,-1.642261854070617,-80.09749762680067,0.929713,9.274965,3.6806223,7.214503,-7.0440383,-10.474948,10.048674,-8.859199,-31.811737,6.754299,-11.816006,6.972348,15.704371,-0.7764689,14.817856,8.77233,24.526995,-34.622944,55.68714,12.626819,-4.8172135,14.892883,-35.474144,-41.252674,38.25041,75.596695,-10.572447,6.3021874,10.583288
942,-1.414489984512329,4.3779616355896,77.97314453125,0.06265411245950349,-1.6063390788506362,-80.16048476295113,0.8847101,9.342289,3.7288964,7.2568274,-7.0641704,-10.4554,9.976855,-8.802666,-31.739607,6.760272,-11.831908,6.9015512,15.700888,-0.80453223,14.777404,8.737637,24.586094,-34.630722,55.710102,12.630085,-4.7635856,14.93351,-35.41969,-41.360302,38.28066,75.562355,-10.509895,6.297491,10.695475
943,-1.4515721797943115,4.371533393859863,77.97830963134766,0.046301751367325006,-1.5708687210748375,-80.22408264528346,0.8408401,9.408491,3.7784162,7.2991195,-7.0853705,-10.433077,9.907138,-8.746681,-31.668098,6.763109,-11.846011,6.8323784,15.700203,-0.8319675,14.739906,8.705784,24.649517,-34.638004,55.72337,12.636678,-4.7088895,14.970539,-35.355793,-41.475002,38.29425,75.51651,-10.457349,6.2941804,10.808564
944,-1.4894325733184814,4.364714622497559,77.97895812988281,0.028501926795695486,-1.5550755128642224,-80.28452707289911,0.825335,9.476634,3.8269582,7.329748,-7.1026306,-10.436143,9.864876,-8.688088,-31.605762,6.7656283,-11.859976,6.7825303,15.692411,-0.8478415,14.720242,8.68241,24.709951,-34.636116,55.729412,12.636011,-4.6803956,15.000309,-35.287807,-41.584015,38.27186,75.469406,-10.458264,6.2849164,10.894859
945,-1.52603280544281,4.358800411224365,77.97315216064453,0.006469764478581663,-1.5707320523359487,-80.34153228900428,0.85797197,9.547163,3.875552,7.3371034,-7.111796,-10.478205,9.868226,-8.6246195,-31.557411,6.762687,-11.871381,6.7643094,15.671648,-0.8455825,14.728155,8.674698,24.766207,-34.6179,55.723324,12.624587,-4.694097,15.018863,-35.216164,-41.685493,38.19156,75.421036,-10.556106,6.2669115,10.938283
946,-1.5647566318511963,4.359166145324707,77.96321868896484,-0.019125346565813453,-1.605275811529476,-80.39666913083632,0.9189569,9.618945,3.924693,7.3321686,-7.117405,-10.542352,9.898253,-8.558993,-31.517374,6.7583714,-11.882314,6.7656465,15.638378,-0.83302736,14.748422,8.67925,24.816975,-34.588005,55.71314,12.606654,-4.7326975,15.02989,-35.136467,-41.77962,38.082726,75.368774,-10.709146,6.2434764,10.953439
947,-1.5990720987319946,4.355789661407471,77.95274353027344,-0.04335811585432447,-1.6417382699584477,-80.44995336112521,0.9832161,9.6901045,3.9729855,7.3244953,-7.121164,-10.610356,9.93093,-8.494148,-31.479103,6.7541413,-11.892548,6.7681465,15.610591,-0.81898564,14.774853,8.67941,24.865984,-34.558754,55.70112,12.591161,-4.773216,15.039399,-35.063633,-41.8676,37.961433,75.32606,-10.862745,6.218759,10.968009
948,-1.6287341117858887,4.350768566131592,77.94802856445312,-0.06638986622802254,-1.6626140859663894,-80.50143813526512,1.0251238,9.7591915,4.0188947,7.324101,-7.124446,-10.664247,9.943695,-8.431919,-31.436068,6.751302,-11.903983,6.7531476,15.573843,-0.81772286,14.774202,8.676346,24.89726,-34.526146,55.715244,12.583778,-4.793196,15.055833,-35.015644,-41.9263,37.92304,75.32071,-10.922503,6.193031,10.996114
949,-1.6611860990524292,4.345388889312744,77.94905090332031,-0.08294231939753459,-1.6591910896288635,-80.54888011863919,1.0311848,9.824677,4.0597415,7.335167,-7.126027,-10.696617,9.923843,-8.374807,-31.3863,6.7519627,-11.916437,6.710697,15.54599,-0.83359516,14.759118,8.672919,24.942265,-34.491158,55.714703,12.5901375,-4.7798624,15.073174,-34.945217,-42.016644,37.945736,75.278145,-10.842894,6.1705413,11.060795
950,-1.693312406539917,4.337708473205566,77.9547348022461,-0.09869322958006772,-1.6418249169251482,-80.5930187138191,1.0172175,9.887711,4.097129,7.3522553,-7.126035,-10.71786,9.886246,-8.320807,-31.333403,6.7545834,-11.929578,6.652349,15.5267315,-0.8559875,14.738725,8.669072,24.995562,-34.45605,55.70032,12.605474,-4.747528,15.089373,-34.860054,-42.134323,38.001858,75.20887,-10.675884,6.1496873,11.1493845
951,-1.7262911796569824,4.325089454650879,77.96299743652344,-0.11330819814241275,-1.622962740046141,-80.63820193728634,1.0014647,9.950779,4.1355042,7.3693995,-7.1265664,-10.7368765,9.845879,-8.26748,-31.278934,6.757753,-11.942938,6.592093,15.5035925,-0.8849592,14.702459,8.6504755,25.024973,-34.42965,55.726833,12.617925,-4.7134047,15.114614,-34.79714,-42.204872,38.080917,75.190605,-10.501452,6.125333,11.228755
952,-1.761767864227295,4.313985824584961,77.9680404663086,-0.13070115359008264,-1.6148373173197224,-80.6887220414996,1.0015895,10.016217,4.179468,7.384321,-7.1325746,-10.76225,9.819711,-8.210889,-31.224758,6.7588873,-11.9569,6.5439234,15.477829,-0.8961489,14.69119,8.662008,25.073584,-34.39227,55.695274,12.620807,-4.6942945,15.136419,-34.71225,-42.331425,38.125164,75.1153,-10.372412,6.096086,11.305639
953,-1.7974274158477783,4.3072357177734375,77.9664306640625,-0.1510193149442682,-1.6228952374643324,-80.74863006080446,1.0263383,10.085789,4.233542,7.3950686,-7.1477046,-10.796082,9.812807,-8.150048,-31.170021,6.7578416,-11.970496,6.5140553,15.457738,-0.9004513,14.686064,8.66082,25.105217,-34.374107,55.689842,12.600847,-4.696646,15.174185,-34.64242,-42.416092,38.112995,75.08741,-10.343535,6.056433,11.351464
954,-1.8340853452682495,4.303006649017334,77.95813751220703,-0.1738028439964661,-1.6397070192842362,-80.81447383660326,1.0659546,10.1576805,4.2945027,7.401529,-7.1677494,-10.833823,9.816318,-8.087093,-31.114105,6.756359,-11.984891,6.4942617,15.444474,-0.89713055,14.694217,8.667041,25.146406,-34.363136,55.663498,12.564661,-4.710732,15.217141,-34.53997,-42.531147,38.05994,75.021324,-10.351462,6.0100393,11.387246
955,-1.8671000003814697,4.298074722290039,77.94828796386719,-0.1957350369996659,-1.6585868560539057,-80.88001301595854,1.108085,10.22925,4.354564,7.4076204,-7.1873264,-10.874305,9.822901,-8.02403,-31.059204,6.754521,-11.999687,6.476582,15.433907,-0.89282733,14.70463,8.668472,25.18321,-34.35889,55.641903,12.530935,-4.7287145,15.257526,-34.438614,-42.637363,37.987087,74.96405,-10.388005,5.962926,11.417564
956,-1.8998291492462158,4.291942119598389,77.93913269042969,-0.2161187144667178,-1.6723480535501543,-80.93885977700435,1.1431978,10.29771,4.40641,7.411883,-7.198733,-10.916285,9.824641,-7.963418,-31.007397,6.7539086,-12.015327,6.4530435,15.413025,-0.89433867,14.706719,8.671642,25.213003,-34.350277,55.629635,12.515371,-4.7426796,15.283542,-34.344784,-42.727974,37.935303,74.91775,-10.419256,5.9203987,11.448622
957,-1.9338505268096924,4.283926010131836,77.93323516845703,-0.23442318664564837,-1.6806764018372309,-80.98687587154879,1.1692775,10.362116,4.4443393,7.413934,-7.197512,-10.964842,9.823219,-7.905618,-30.961296,6.752493,-12.031084,6.421763,15.378803,-0.9021692,14.7009535,8.680281,25.23688,-34.32987,55.622604,12.533137,-4.7532864,15.286262,-34.25305,-42.806885,37.901363,74.873886,-10.451231,5.883503,11.483134
958,-1.967602014541626,4.275726318359375,77.93292999267578,-0.2503748652069454,-1.6867773380825182,-81.02822883281713,1.1922909,10.423562,4.4737835,7.41249,-7.1875973,-11.018674,9.820907,-7.8498564,-30.918896,6.7527075,-12.048716,6.3869095,15.341861,-0.91084325,14.698039,8.687762,25.260279,-34.308327,55.6128,12.5695305,-4.7639766,15.272625,-34.159775,-42.888123,37.857037,74.82413,-10.501478,5.8503795,11.521243
959,-2.000741958618164,4.265653133392334,77.93586730957031,-0.2661295916047043,-1.6891107840371367,-81.06916731721313,1.2090905,10.484365,4.5025783,7.414469,-7.1779904,-11.0676,9.814333,-7.7947235,-30.876213,6.7522163,-12.06553,6.3496737,15.302104,-0.9230465,14.688888,8.696166,25.278257,-34.28803,55.608818,12.608728,-4.7705345,15.2568245,-34.072536,-42.95582,37.827583,74.7866,-10.54113,5.819815,11.556933
960,-2.034343719482422,4.255781173706055,77.94181823730469,-0.2808124336988397,-1.6861356936494034,-81.11597849451806,1.2184666,10.5464945,4.539126,7.4234495,-7.1765656,-11.101349,9.798625,-7.739936,-30.828829,6.752344,-12.080713,6.3113422,15.275497,-0.9345619,14.684608,8.699859,25.303509,-34.28115,55.59267,12.63087,-4.7688785,15.248799,-33.963394,-43.05627,37.79157,74.71668,-10.550393,5.7934203,11.5966015
961,-2.067777633666992,4.246270179748535,77.94634246826172,-0.2956259327160542,-1.6720496219704784,-81.17117922032584,1.2088954,10.60927,4.586398,7.4503036,-7.1906247,-11.106604,9.765325,-7.687006,-30.775116,6.7543354,-12.094495,6.268764,15.256258,-0.95235574,14.669239,8.695313,25.324778,-34.293625,55.58708,12.627192,-4.7507267,15.26401,-33.86285,-43.150917,37.79121,74.661835,-10.499715,5.771755,11.637911
962,-2.100155830383301,4.233138561248779,77.94881439208984,-0.31044504300715875,-1.6495861122261553,-81.23107379119598,1.1860888,10.672461,4.639759,7.487457,-7.2130804,-11.092464,9.719846,-7.6346536,-30.717648,6.7564793,-12.106878,6.22228,15.242353,-0.9733336,14.648124,8.686423,25.34357,-34.317158,55.584126,12.611303,-4.720681,15.291755,-33.76581,-43.248314,37.812096,74.61066,-10.40937,5.754493,11.682394
963,-2.1351752281188965,4.226319313049316,77.94617462158203,-0.32585648967274666,-1.629416940610111,-81.2928712833301,1.1685712,10.736719,4.6956234,7.52142,-7.2347646,-11.081844,9.677015,-7.5814166,-30.65833,6.7582126,-12.118572,6.178792,15.224494,-0.9955837,14.624911,8.678038,25.354773,-34.339462,55.589,12.590086,-4.6940794,15.312997,-33.69534,-43.313156,37.839436,74.59648,-10.3345175,5.737751,11.715837
964,-2.1722381114959717,4.220071315765381,77.93852996826172,-0.34309376450746226,-1.622416484620849,-81.35372522812877,1.1739581,10.803446,4.7501564,7.541156,-7.248089,-11.097892,9.651615,-7.5248446,-30.598768,6.759453,-12.130512,6.144931,15.203292,-1.0060216,14.613204,8.6802025,25.36482,-34.35172,55.579338,12.570812,-4.6863337,15.304052,-33.60932,-43.38833,37.836964,74.56208,-10.308935,5.718128,11.73442
965,-2.2075438499450684,4.213931560516357,77.92865753173828,-0.36384147573600834,-1.6388348873270682,-81.41147810270212,1.219442,10.874174,4.8019223,7.534849,-7.246363,-11.160741,9.657963,-7.4620113,-30.540462,6.75796,-12.141533,6.1288443,15.165527,-1.0042685,14.608792,8.703486,25.36618,-34.340767,55.56289,12.552736,-4.710793,15.246125,-33.561604,-43.410038,37.812622,74.58515,-10.380004,5.6904087,11.719399
966,-2.2426645755767822,4.210043907165527,77.92060852050781,-0.3883393920333808,-1.6707634590535407,-81.46840053119188,1.2919168,10.948464,4.853382,7.5116305,-7.2356286,-11.253495,9.684984,-7.3943563,-30.481903,6.7546496,-12.151834,6.1247525,15.139608,-0.99199134,14.634089,8.722509,25.369793,-34.31716,55.52757,12.544269,-4.756241,15.152398,-33.442413,-43.481304,37.692474,74.52063,-10.521334,5.6622353,11.689778
967,-2.273475408554077,4.199599742889404,77.91619873046875,-0.41175455259336957,-1.7007207656550107,-81.52726981884548,1.3616272,11.021855,4.9059,7.4907055,-7.225125,-11.34332,9.70921,-7.3278594,-30.421337,6.7508373,-12.161695,6.118828,15.116761,-0.9792779,14.652992,8.738825,25.371635,-34.308197,55.49895,12.5295105,-4.800474,15.061395,-33.332317,-43.542927,37.584442,74.47308,-10.658291,5.6354446,11.6576805
968,-2.305837631225586,4.188150882720947,77.91641998291016,-0.43152886374970784,-1.711623696232924,-81.59158647717938,1.4007711,11.090311,4.9614925,7.4896426,-7.2238593,-11.3974495,9.707038,-7.2684665,-30.356531,6.7510023,-12.174296,6.0972404,15.096343,-0.98121715,14.652509,8.749981,25.372847,-34.317165,55.4858,12.516329,-4.821337,15.00837,-33.239616,-43.595043,37.533566,74.44219,-10.7279005,5.6160393,11.640265
969,-2.3364861011505127,4.1764068603515625,77.9220199584961,-0.442793127030284,-1.690648147434245,-81.66370635306006,1.3878549,11.150652,5.0201564,7.5220904,-7.23708,-11.39097,9.66122,-7.220004,-30.284801,6.754647,-12.18892,6.048201,15.088159,-1.0037136,14.626371,8.741649,25.375237,-34.362255,55.495102,12.500363,-4.8018384,15.009883,-33.159485,-43.65051,37.55751,74.41701,-10.689078,5.609675,11.652846
970,-2.367720127105713,4.165684223175049,77.93095397949219,-0.4475558025447434,-1.6498094409762933,-81.74155586576933,1.3421746,11.205796,5.080996,7.576964,-7.259934,-11.346699,9.587215,-7.1791005,-30.207972,6.7614946,-12.205187,5.9818993,15.085068,-1.0374537,14.58164,8.727191,25.377151,-34.42877,55.514767,12.482799,-4.757432,15.043507,-33.083122,-43.716724,37.639725,74.38725,-10.575498,5.6117873,11.683585
971,-2.3999500274658203,4.152457237243652,77.93702697753906,-0.4545093002040856,-1.609061762663684,-81.82096502293416,1.2982424,11.261193,5.144252,7.6296983,-7.28291,-11.303592,9.513944,-7.137948,-30.130985,6.767654,-12.221101,5.9170184,15.0789175,-1.0726945,14.537135,8.714755,25.377363,-34.494865,55.53875,12.470591,-4.7151523,15.089682,-33.018818,-43.769722,37.723953,74.37071,-10.465989,5.6145363,11.710861
972,-2.4322547912597656,4.140718460083008,77.93678283691406,-0.46566476346086855,-1.5892310334447566,-81.89772040812119,1.2916967,11.321202,5.2106833,7.656435,-7.298068,-11.300249,9.46967,-7.09066,-30.058346,6.769903,-12.234372,5.8725624,15.05482,-1.1063696,14.5174675,8.720455,25.377163,-34.517296,55.552418,12.481753,-4.7022963,15.127047,-32.97146,-43.781597,37.747288,74.37494,-10.4434185,5.609682,11.711224
973,-2.4630236625671387,4.129623889923096,77.92794036865234,-0.4855457526783991,-1.6037641886044374,-81.97185448576892,1.344154,11.389859,5.283655,7.645867,-7.303447,-11.361485,9.4718685,-7.0330367,-29.991932,6.768615,-12.24542,5.8620014,15.036234,-1.0864944,14.514314,8.737867,25.368597,-34.57641,55.55369,12.476403,-4.7394915,15.157688,-32.91071,-43.830402,37.715736,74.37612,-10.501663,5.594155,11.68911
974,-2.496642827987671,4.123509883880615,77.91542053222656,-0.5086823909320058,-1.6393111230631139,-82.04509748686907,1.4355496,11.46307,5.362362,7.60749,-7.300801,-11.4619055,9.502257,-6.969743,-29.929106,6.765171,-12.255056,5.8723497,15.012579,-1.0622404,14.540598,8.756927,25.355618,-34.60902,55.55765,12.495989,-4.8086042,15.191467,-32.83291,-43.86751,37.593685,74.36187,-10.649109,5.5736036,11.641341
975,-2.5278873443603516,4.1208648681640625,77.90184020996094,-0.5339851659987075,-1.6747575054631427,-82.11650459966326,1.5269718,11.5362215,5.439333,7.568278,-7.297243,-11.564612,9.533692,-6.9055643,-29.867435,6.760549,-12.263735,5.8830743,15.013389,-1.0367403,14.571098,8.740316,25.331707,-34.66346,55.58853,12.518086,-4.8748074,15.220089,-32.6977,-43.931282,37.409855,74.306335,-10.813133,5.5524044,11.592408
976,-2.5561163425445557,4.114503383636475,77.89434051513672,-0.5553104184797218,-1.6895227318703665,-82.18496653140677,1.5816038,11.604962,5.507104,7.551384,-7.2973695,-11.633037,9.537647,-6.8465977,-29.8044,6.7595544,-12.273737,5.8735785,14.995531,-1.0263672,14.578532,8.744389,25.316906,-34.690453,55.59395,12.533928,-4.9040036,15.225121,-32.616272,-43.9702,37.330505,74.293495,-10.901684,5.531106,11.564784
977,-2.586134433746338,4.102232933044434,77.8964614868164,-0.569970063474074,-1.6708385737148308,-82.2484000279078,1.5773071,11.666484,5.5595317,7.569077,-7.3024545,-11.647112,9.498676,-6.794766,-29.738468,6.7617373,-12.284868,5.831955,14.98308,-1.0376235,14.555231,8.730836,25.302427,-34.71504,55.600388,12.540301,-4.871439,15.19322,-32.53417,-44.01804,37.335896,74.27911,-10.890955,5.5117626,11.570592
978,-2.6156115531921387,4.088685512542725,77.9031982421875,-0.5811403920469377,-1.632338055445537,-82.30799330637636,1.5369165,11.724396,5.601555,7.6090293,-7.3108964,-11.629961,9.433866,-6.747035,-29.671324,6.7665863,-12.296532,5.771345,14.965724,-1.0548953,14.513398,8.715693,25.283506,-34.72686,55.59798,12.544597,-4.801068,15.133448,-32.4526,-44.087257,37.408764,74.25193,-10.811729,5.4924045,11.600369
979,-2.6455562114715576,4.076011657714844,77.91205596923828,-0.5939628114154323,-1.5920821179645124,-82.3675687544814,1.4944589,11.781338,5.643461,7.6494236,-7.319774,-11.609011,9.368217,-6.699728,-29.60561,6.7703724,-12.308146,5.7087092,14.949383,-1.0835027,14.468861,8.703822,25.274683,-34.733852,55.592056,12.5460615,-4.7297964,15.076858,-32.389187,-44.12329,37.481262,74.2556,-10.730249,5.4726996,11.627097
980,-2.676546812057495,4.064744472503662,77.91738891601562,-0.6070198936892581,-1.5694915639067617,-82.43076257958317,1.4811966,11.841375,5.694609,7.6769385,-7.331025,-11.611351,9.325913,-6.649449,-29.543636,6.7730875,-12.320638,5.6610627,14.921675,-1.0874418,14.438106,8.709122,25.256079,-34.738544,55.57867,12.543631,-4.6974893,15.051055,-32.32729,-44.182487,37.5411,74.241684,-10.658965,5.4524345,11.64658
981,-2.7061517238616943,4.055905818939209,77.91551971435547,-0.6250759890741021,-1.5726996385938319,-82.50214006968588,1.5139409,11.906625,5.7632513,7.680407,-7.344088,-11.649066,9.317816,-6.59417,-29.485935,6.773308,-12.334012,5.6353025,14.899387,-1.0812002,14.42961,8.723449,25.240719,-34.75071,55.569897,12.537664,-4.724519,15.077371,-32.267155,-44.218616,37.521515,74.242,-10.646726,5.4308624,11.639776
982,-2.7339982986450195,4.046720027923584,77.9073715209961,-0.6457059140204122,-1.5906637121072151,-82.57854973624559,1.5731441,11.974696,5.8425364,7.670897,-7.359384,-11.706001,9.329323,-6.536261,-29.431078,6.772224,-12.34797,5.621592,14.88006,-1.0669239,14.430925,8.738835,25.22366,-34.77258,55.569813,12.523454,-4.787408,15.136383,-32.194607,-44.25171,37.459133,74.23599,-10.65656,5.4089484,11.618664
983,-2.766061305999756,4.037129878997803,77.89725494384766,-0.6656920996861067,-1.612200814414853,-82.65216650541178,1.6383489,12.041606,5.920061,7.656323,-7.3722916,-11.76763,9.347504,-6.4785194,-29.379387,6.7700157,-12.362514,5.61169,14.869644,-1.0498381,14.435867,8.738815,25.201063,-34.80698,55.58424,12.509678,-4.8545737,15.202117,-32.098152,-44.293606,37.36414,74.21527,-10.674044,5.387862,11.594235
984,-2.7974791526794434,4.026188850402832,77.88662719726562,-0.6827858858166881,-1.625683427033489,-82.71435612747334,1.6873847,12.103315,5.982848,7.6481166,-7.379813,-11.819224,9.356831,-6.4251585,-29.331348,6.769315,-12.376677,5.5974755,14.833612,-1.0405797,14.430809,8.767957,25.193596,-34.813416,55.565594,12.499602,-4.8944435,15.240975,-32.05349,-44.306267,37.338917,74.23978,-10.661597,5.3662643,11.576564
985,-2.8220036029815674,4.009829521179199,77.88109588623047,-0.697234543852382,-1.629150992863537,-82.75972363141283,1.7145135,12.157478,6.0232973,7.6503706,-7.379988,-11.858958,9.357309,-6.377312,-29.289072,6.7688804,-12.390291,5.5787716,14.819906,-1.039277,14.42098,8.742037,25.16912,-34.841595,55.59059,12.503319,-4.8962235,15.254231,-31.924856,-44.357174,37.267967,74.19819,-10.63977,5.350604,11.563757
986,-2.8484177589416504,3.9962635040283203,77.88011169433594,-0.7082771217017497,-1.6282821750237497,-82.79305996575296,1.7305505,12.20691,6.0487595,7.656622,-7.374106,-11.893836,9.355233,-6.3328347,-29.252302,6.7686496,-12.403642,5.559372,14.793058,-1.0335275,14.409612,8.721642,25.143114,-34.858826,55.60129,12.510114,-4.8778386,15.24843,-31.806332,-44.42122,37.22936,74.15571,-10.591315,5.3350124,11.558501
987,-2.8770501613616943,3.983335494995117,77.88185119628906,-0.719096133591649,-1.6238093994770306,-82.82507457097508,1.741057,12.255044,6.072333,7.6649704,-7.368495,-11.923109,9.348507,-6.2898335,-29.21501,6.7687287,-12.417313,5.5365977,14.756974,-1.0336847,14.392193,8.715081,25.126358,-34.86396,55.600483,12.520775,-4.8507853,15.234608,-31.709377,-44.46723,37.217266,74.133644,-10.535076,5.32057,11.557993
988,-2.907905101776123,3.970323085784912,77.88581848144531,-0.7304715695936912,-1.6165056595715455,-82.86593470254988,1.7501109,12.306369,6.106297,7.6752887,-7.370123,-11.946088,9.335162,-6.2452555,-29.171368,6.770174,-12.433345,5.5078807,14.7220125,-1.0353824,14.368728,8.714445,25.114326,-34.86968,55.600716,12.532961,-4.827377,15.22446,-31.623281,-44.503586,37.21436,74.12107,-10.48333,5.307995,11.567165
989,-2.936471939086914,3.956934928894043,77.88880157470703,-0.7439623265124072,-1.6019323357379354,-82.92278305031186,1.7507281,12.363645,6.1577897,7.695403,-7.3865247,-11.955057,9.307371,-6.197752,-29.115797,6.771969,-12.451687,5.466052,14.700911,-1.0351236,14.3397455,8.706313,25.102446,-34.889027,55.611027,12.551297,-4.8047175,15.221605,-31.54914,-44.5433,37.216778,74.11216,-10.436956,5.3010163,11.601628
990,-2.9656612873077393,3.9416067600250244,77.88967895507812,-0.7577735334869635,-1.5812854894850328,-82.98869889106115,1.7443883,12.423774,6.219165,7.7210717,-7.411582,-11.9529505,9.268646,-6.149072,-29.052559,6.775009,-12.47263,5.4146056,14.688879,-1.0327429,14.303795,8.691321,25.087793,-34.91886,55.631477,12.575223,-4.7784557,15.220567,-31.467161,-44.597736,37.22358,74.09018,-10.387261,5.297916,11.654805
991,-2.9949076175689697,3.9273369312286377,77.8859634399414,-0.771033409691266,-1.5640380361063484,-83.05282325184923,1.7433364,12.483271,6.2796135,7.74308,-7.4351344,-11.954832,9.235388,-6.1001925,-28.991724,6.7775946,-12.49373,5.3669367,14.667981,-1.0365123,14.268726,8.689022,25.082893,-34.93493,55.644188,12.597346,-4.7584953,15.218045,-31.407814,-44.61847,37.23187,74.09826,-10.350631,5.2931542,11.698318
992,-3.0256073474884033,3.914238452911377,77.87879943847656,-0.7844795066403989,-1.5597492519746785,-83.1045753969449,1.7594082,12.538038,6.3285437,7.7549887,-7.449617,-11.975481,9.222991,-6.053666,-28.94272,6.778938,-12.511829,5.336663,14.641652,-1.0261756,14.246073,8.686997,25.0734,-34.952374,55.65297,12.602868,-4.75603,15.213192,-31.33789,-44.654053,37.216484,74.099625,-10.324535,5.282822,11.719532
993,-3.0506434440612793,3.8983609676361084,77.8684310913086,-0.7977825860703502,-1.5783695160938678,-83.13648082545512,1.8082469,12.585217,6.360238,7.7436275,-7.4458,-12.031543,9.248447,-6.00951,-28.913715,6.776386,-12.525215,5.3370423,14.608968,-1.0024457,14.249969,8.678164,25.05596,-34.9624,55.663197,12.5863,-4.7852173,15.205172,-31.223562,-44.710194,37.1249,74.06775,-10.33832,5.261367,11.69654
994,-3.079456090927124,3.8895184993743896,77.85782623291016,-0.8094319578173148,-1.6122889592026248,-83.15554316835103,1.878443,12.627852,6.3811183,7.71859,-7.431778,-12.1108675,9.29858,-5.966831,-28.897722,6.7716203,-12.535749,5.357573,14.560825,-0.9742978,14.266045,8.685101,25.04285,-34.95518,55.660637,12.553968,-4.8360105,15.193416,-31.120646,-44.744835,37.012672,74.05827,-10.378933,5.231048,11.641681
995,-3.105572462081909,3.8791451454162598,77.853271484375,-0.8209717771286493,-1.6449469528090985,-83.17350207342761,1.9460062,12.669233,6.4000278,7.694913,-7.417335,-12.185342,9.346904,-5.925323,-28.881905,6.7678957,-12.546635,5.376284,14.509808,-0.94739085,14.279793,8.693526,25.032696,-34.94715,55.65746,12.524487,-4.884223,15.181831,-31.025078,-44.771095,36.910778,74.05748,-10.407101,5.2037277,11.587627
996,-3.1269543170928955,3.8640716075897217,77.85303497314453,-0.831222144719204,-1.6602058323690678,-83.20188196915416,1.9846808,12.713618,6.4253573,7.6935415,-7.416148,-12.227058,9.367509,-5.883894,-28.853317,6.7666965,-12.560277,5.3711348,14.482348,-0.9285205,14.281781,8.674,25.021214,-34.9607,55.67639,12.523644,-4.906029,15.175105,-30.905304,-44.818752,36.813736,74.02799,-10.394456,5.1930428,11.567422
997,-3.1516215801239014,3.8474597930908203,77.85700988769531,-0.8407241198218687,-1.646592734532129,-83.24647977082846,1.97428,12.762218,6.459265,7.7304792,-7.436941,-12.212105,9.343278,-5.842556,-28.80417,6.769003,-12.578454,5.326577,14.457899,-0.9224869,14.2542305,8.655518,25.018454,-34.98219,55.69435,12.565869,-4.8827686,15.170433,-30.832634,-44.853455,36.81813,74.02568,-10.292311,5.2059355,11.603244
998,-3.179887294769287,3.831160545349121,77.8633804321289,-0.8500806079178025,-1.615133004599889,-83.30012510920545,1.9332278,12.813282,6.4972606,7.7916694,-7.4713387,-12.160833,9.291063,-5.8014007,-28.742699,6.7746205,-12.599867,5.2575593,14.442074,-0.9189627,14.212468,8.630317,25.01927,-35.01408,55.71239,12.637476,-4.8316727,15.166683,-30.768553,-44.90469,36.8703,74.014366,-10.130091,5.2359176,11.677449
999,-3.2073047161102295,3.8135931491851807,77.8670425415039,-0.8585679981031138,-1.5832374125858957,-83.35526546047188,1.891213,12.86479,6.5370116,7.854771,-7.50721,-12.111617,9.238982,-5.759824,-28.680973,6.7784777,-12.6207905,5.1878843,14.424246,-0.91501796,14.170009,8.609708,25.023045,-35.04199,55.727303,12.705232,-4.7811313,15.164684,-30.708601,-44.955395,36.928894,74.003624,-9.964142,5.2668223,11.75271
1000,-3.2372548580169678,3.8012683391571045,77.86499786376953,-0.8682028845784371,-1.568010725798887,-83.40437910167653,1.883718,12.914756,6.577674,7.885248,-7.5260944,-12.103257,9.212008,-5.7178974,-28.63081,6.782434,-12.641073,5.1411924,14.398748,-0.9054059,14.140615,8.5982895,25.02632,-35.05676,55.74116,12.736372,-4.759865,15.166136,-30.652695,-44.98737,36.94911,74.010506,-9.853231,5.2824116,11.792716
1001,-3.268472194671631,3.7908806800842285,77.85611724853516,-0.8811911721577744,-1.5809405052130892,-83.44591704514174,1.9309119,12.963717,6.6215997,7.8694396,-7.522128,-12.163028,9.228531,-5.6731105,-28.596977,6.7813096,-12.657815,5.1313825,14.358797,-0.877532,14.1325655,8.609257,25.027082,-35.054745,55.74443,12.70466,-4.786626,15.175573,-30.614897,-44.999603,36.926537,74.04748,-9.8133,5.2773886,11.781278
1002,-3.2962310314178467,3.784294843673706,77.8448257446289,-0.8954038102344273,-1.6106912641455993,-83.4838682133484,2.0118124,13.012401,6.668869,7.824449,-7.504236,-12.264778,9.270432,-5.626813,-28.572487,6.777178,-12.672194,5.143305,14.325921,-0.8425143,14.144713,8.617109,25.027988,-35.04897,55.749672,12.640101,-4.8422203,15.192153,-30.538973,-45.02138,36.827515,74.05712,-9.827106,5.262247,11.738475
1003,-3.319671392440796,3.7723071575164795,77.83551025390625,-0.9085985702039251,-1.6400398517184114,-83.51855001379599,2.0923693,13.058741,6.7135153,7.7777143,-7.4838705,-12.3661785,9.313233,-5.5821147,-28.551836,6.7739096,-12.68728,5.1571875,14.304754,-0.8127802,14.158302,8.607335,25.03084,-35.05276,55.768032,12.57081,-4.898154,15.206174,-30.429335,-45.05005,36.690674,74.04477,-9.862264,5.244134,11.689742
1004,-3.3448405265808105,3.758043050765991,77.83076477050781,-0.9177031113142945,-1.6517816660680524,-83.5499183065129,2.1367457,13.101353,6.748271,7.759389,-7.473514,-12.425281,9.3336115,-5.542157,-28.530346,6.7715826,-12.703635,5.153505,14.276862,-0.79156053,14.152485,8.599873,25.03571,-35.05412,55.781197,12.529562,-4.9255047,15.205115,-30.336445,-45.077152,36.60842,74.04501,-9.871433,5.2242937,11.667341
1005,-3.3706448078155518,3.7415273189544678,77.8329086303711,-0.9212531639478413,-1.6341634420235902,-83.57723493701529,2.1225,13.138912,6.7680006,7.7865868,-7.4791923,-12.416165,9.314485,-5.5099792,-28.505873,6.7731605,-12.721998,5.121387,14.246075,-0.7878184,14.118744,8.585621,25.04438,-35.05361,55.791656,12.5322695,-4.906704,15.177127,-30.245523,-45.110134,36.58916,74.04122,-9.848483,5.2058167,11.685795
1006,-3.397862672805786,3.7217304706573486,77.83905029296875,-0.9208760801029281,-1.5989157404918424,-83.6008022000509,2.0701947,13.173047,6.7767544,7.84579,-7.495871,-12.366247,9.273228,-5.482304,-28.481491,6.7764726,-12.742228,5.0731564,14.211875,-0.7892446,14.0734,8.57503,25.062805,-35.04753,55.781578,12.557988,-4.860658,15.128202,-30.14776,-45.17089,36.607204,74.012695,-9.804649,5.186488,11.733481
1007,-3.426365852355957,3.7024247646331787,77.84468841552734,-0.9208857743146509,-1.5636501561673313,-83.62208456148846,2.0176132,13.205473,6.7838087,7.9044538,-7.5125885,-12.312971,9.232434,-5.4559326,-28.458923,6.779461,-12.762315,5.02391,14.172203,-0.79312795,14.0240345,8.563187,25.07642,-35.03975,55.781574,12.591096,-4.8126407,15.08389,-30.070435,-45.211105,36.63971,74.00961,-9.759032,5.1646514,11.779836
1008,-3.449665069580078,3.6833596229553223,77.84547424316406,-0.9213965489639145,-1.5466007678577771,-83.64275837600724,1.9977782,13.238603,6.797447,7.939359,-7.522351,-12.294129,9.2162895,-5.4269743,-28.43992,6.779621,-12.781583,4.98879,14.126581,-0.78491724,13.993417,8.563354,25.09237,-35.029865,55.77362,12.611584,-4.787926,15.062663,-29.991646,-45.2561,36.646,73.996086,-9.712652,5.1405497,11.808444
1009,-3.4742112159729004,3.669995069503784,77.84142303466797,-0.9278441856223285,-1.5579499918535848,-83.66468575220517,2.029735,13.274031,6.8236666,7.9381814,-7.524023,-12.328416,9.236663,-5.3934336,-28.425098,6.7788095,-12.801102,4.974949,14.0830765,-0.76025003,13.991311,8.567313,25.110249,-35.02914,55.76822,12.606546,-4.8032665,15.082324,-29.89686,-45.306194,36.586445,73.96593,-9.678744,5.116174,11.808964
1010,-3.501464366912842,3.6607890129089355,77.83271026611328,-0.935648844972833,-1.586322450099594,-83.68640193041827,2.0921226,13.310166,6.8566723,7.9163017,-7.521489,-12.39283,9.278578,-5.358218,-28.413578,6.777995,-12.820814,4.973337,14.030839,-0.7254613,13.999571,8.575166,25.118452,-35.030018,55.77672,12.588938,-4.8423967,15.129883,-29.834053,-45.327938,36.52013,73.971954,-9.649851,5.0897317,11.791375
1011,-3.5297842025756836,3.647754430770874,77.82363891601562,-0.9419270730886098,-1.6170966133665674,-83.70498936753071,2.1588511,13.3440275,6.8878646,7.888993,-7.5145397,-12.462002,9.324992,-5.3240266,-28.404167,6.7751055,-12.839673,4.9744825,13.993899,-0.6960083,14.015985,8.567953,25.134296,-35.04464,55.78998,12.575955,-4.878367,15.17787,-29.72379,-45.36741,36.40468,73.938354,-9.625227,5.0603795,11.765514
1012,-3.554299831390381,3.6333720684051514,77.81647491455078,-0.9444179513186717,-1.635682983702307,-83.7166569311202,2.2006404,13.373503,6.9072585,7.8771353,-7.505917,-12.51082,9.356378,-5.294594,-28.396263,6.774163,-12.859736,4.968959,13.950606,-0.67592186,14.018059,8.561736,25.14918,-35.053314,55.80192,12.585136,-4.886843,15.199162,-29.618437,-45.404957,36.329742,73.91086,-9.579932,5.020924,11.7426195
1013,-3.5783934593200684,3.6168715953826904,77.81388092041016,-0.940496591111209,-1.6347885886569855,-83.71888489689508,2.2067974,13.395428,6.909886,7.8838563,-7.490971,-12.5300665,9.364321,-5.272446,-28.388872,6.7742133,-12.879937,4.954383,13.9103775,-0.67106575,14.006652,8.547977,25.169113,-35.058586,55.80664,12.634782,-4.8499584,15.178846,-29.498735,-45.456352,36.284958,73.86724,-9.510548,4.9644003,11.727986
1014,-3.604241132736206,3.600433826446533,77.81656646728516,-0.9327837308931692,-1.6233291279017155,-83.71410817309193,2.1930106,13.411733,6.9016914,7.9001694,-7.4707665,-12.534221,9.359564,-5.2559786,-28.382675,6.7749104,-12.900001,4.9359217,13.860319,-0.67751324,13.980581,8.534717,25.183107,-35.053833,55.817852,12.712779,-4.785195,15.134949,-29.391258,-45.493977,36.283604,73.838554,-9.421488,4.894174,11.711806
1015,-3.6309335231781006,3.583920478820801,77.8215560913086,-0.9242387691978838,-1.6111282708584502,-83.70636867241346,2.1750598,13.427823,6.889882,7.92073,-7.4523745,-12.532473,9.354473,-5.239543,-28.379274,6.775434,-12.920404,4.9148417,13.81067,-0.68184805,13.958977,8.525655,25.203707,-35.047512,55.814568,12.788967,-4.7189827,15.084315,-29.270737,-45.55169,36.279705,73.789,-9.325004,4.82727,11.697996
1016,-3.6573615074157715,3.5700063705444336,77.82518768310547,-0.9200443158535151,-1.607490016533974,-83.69977606757215,2.1676967,13.448287,6.881974,7.942008,-7.444141,-12.534205,9.3614235,-5.218649,-28.380348,6.775368,-12.942461,4.892661,13.755678,-0.68220216,13.938157,8.513235,25.213007,-35.04573,55.831215,12.83407,-4.6778855,15.051921,-29.178177,-45.57633,36.27721,73.78161,-9.24278,4.7781687,11.674429
1017,-3.683839797973633,3.551790475845337,77.82716369628906,-0.9206795130518792,-1.615104100819823,-83.69627483212182,2.1751294,13.475787,6.881057,7.962798,-7.450712,-12.539639,9.382112,-5.191733,-28.387157,6.7758775,-12.966937,4.866084,13.7007265,-0.6708212,13.929127,8.506412,25.225533,-35.050125,55.84344,12.833578,-4.671937,15.042682,-29.08959,-45.607307,36.25883,73.776886,-9.166129,4.7575297,11.648786
1018,-3.7111294269561768,3.5361533164978027,77.82403564453125,-0.9239320434821079,-1.6288040538146584,-83.69331975402527,2.1888084,13.50744,6.8826914,7.9859624,-7.467214,-12.544539,9.411344,-5.16063,-28.398726,6.7751055,-12.992476,4.8354683,13.651428,-0.6545438,13.928121,8.49661,25.242662,-35.065487,55.85521,12.803113,-4.685189,15.045968,-28.98765,-45.64625,36.21718,73.76249,-9.093944,4.756359,11.620232
1019,-3.7377517223358154,3.5179126262664795,77.81825256347656,-0.929059328669717,-1.646869030140588,-83.68845930810292,2.2082324,13.539319,6.883642,8.007692,-7.4846907,-12.551522,9.447691,-5.128503,-28.412506,6.772401,-13.016869,4.808026,13.610172,-0.63537663,13.935281,8.485406,25.266655,-35.087242,55.85713,12.762768,-4.706892,15.049303,-28.861012,-45.698242,36.141857,73.728516,-9.034964,4.7585983,11.587848
1020,-3.7664525508880615,3.5016860961914062,77.80915069580078,-0.9306841233934805,-1.667841078225753,-83.67909526493106,2.2312396,13.568304,6.880251,8.026519,-7.494551,-12.563608,9.48854,-5.098488,-28.426437,6.771377,-13.040869,4.7908897,13.562603,-0.61692786,13.943067,8.4817295,25.287289,-35.09853,55.85114,12.734511,-4.7258964,15.042651,-28.732203,-45.742756,36.06091,73.69385,-8.993641,4.751442,11.547031
1021,-3.7946972846984863,3.4862756729125977,77.80000305175781,-0.9323237140548171,-1.6953320909844598,-83.66102180227645,2.2627532,13.591887,6.868919,8.038153,-7.4901342,-12.58665,9.539694,-5.0725183,-28.44132,6.7697554,-13.061399,4.7929854,13.511235,-0.5973657,13.960921,8.48451,25.308014,-35.099495,55.82738,12.721739,-4.7438297,15.020965,-28.586742,-45.787174,35.945683,73.65048,-8.990253,4.7217784,11.49123
1022,-3.8220767974853516,3.472334623336792,77.7922592163086,-0.9317077959776241,-1.7290518320046273,-83.63663219298635,2.300486,13.612638,6.85218,8.04832,-7.479477,-12.617486,9.600478,-5.048086,-28.458004,6.7666183,-13.079176,4.8081455,13.447757,-0.57557863,13.981414,8.497035,25.321114,-35.087116,55.79746,12.715716,-4.7655663,14.991654,-28.453743,-45.81453,35.829426,73.624214,-9.01155,4.6809745,11.422685
1023,-3.8464865684509277,3.457435131072998,77.78880310058594,-0.9308561674749565,-1.7606933148978487,-83.61379775705299,2.3367217,13.633881,6.836519,8.058443,-7.469424,-12.645112,9.659551,-5.022758,-28.473774,6.7626886,-13.096724,4.820933,13.386821,-0.55519694,13.997364,8.509772,25.331644,-35.073368,55.76865,12.714541,-4.783289,14.959821,-28.32699,-45.835392,35.72079,73.60728,-9.0286665,4.6412535,11.355998
1024,-3.8670382499694824,3.4411144256591797,77.79241943359375,-0.9319300967136489,-1.7819773183321221,-83.59991778372213,2.3600326,13.659293,6.8275714,8.077221,-7.470175,-12.658547,9.702835,-4.9959636,-28.48577,6.760981,-13.115393,4.8161736,13.335643,-0.5394052,13.997923,8.51877,25.341639,-35.06489,55.749325,12.716408,-4.7897553,14.93059,-28.207415,-45.85569,35.64409,73.59768,-9.008073,4.6139903,11.305031
1025,-3.889383316040039,3.418935537338257,77.79859161376953,-0.9370923244653241,-1.785344295011334,-83.59811626210738,2.3584962,13.691759,6.826648,8.11311,-7.4894495,-12.644153,9.721496,-4.964736,-28.493969,6.759606,-13.135002,4.780575,13.300625,-0.5298041,13.975795,8.5204,25.353374,-35.06441,55.74022,12.7264385,-4.776166,14.900411,-28.098938,-45.88228,35.617508,73.594185,-8.9206705,4.6080008,11.284002
1026,-3.9133217334747314,3.3948042392730713,77.80260467529297,-0.9443297835465897,-1.7768479144262943,-83.60395060725624,2.3390021,13.729081,6.8302593,8.163266,-7.521773,-12.611537,9.723054,-4.9309587,-28.499365,6.7608075,-13.15635,4.7253804,13.271476,-0.5215747,13.937288,8.522978,25.365082,-35.066074,55.732468,12.741245,-4.7488832,14.867357,-28.003437,-45.913143,35.635235,73.596436,-8.785406,4.6149135,11.283595
1027,-3.9378769397735596,3.3687705993652344,77.80306243896484,-0.9516765774339675,-1.7693040420001664,-83.61406190032423,2.3253882,13.766544,6.8384023,8.207544,-7.552787,-12.583892,9.724703,-4.8977485,-28.501717,6.762495,-13.177807,4.6717787,13.243712,-0.51296556,13.89667,8.52946,25.373207,-35.063774,55.727234,12.757304,-4.723273,14.840278,-27.918346,-45.939465,35.661465,73.611244,-8.654361,4.6213493,11.281005
1028,-3.9648935794830322,3.349116086959839,77.7970962524414,-0.9577429086125414,-1.775293263062194,-83.62452441482294,2.3379524,13.800351,6.850285,8.232803,-7.5719147,-12.584647,9.744257,-4.8664804,-28.500986,6.7620425,-13.198169,4.640783,13.212667,-0.49661496,13.871383,8.549504,25.37879,-35.0532,55.710323,12.767076,-4.7133,14.826933,-27.836174,-45.96459,35.659813,73.63164,-8.574407,4.615558,11.257523
1029,-3.9897139072418213,3.3340632915496826,77.78521728515625,-0.9610603017747145,-1.8055615352700065,-83.63540068745586,2.3982613,13.828059,6.8688393,8.22077,-7.5688524,-12.633946,9.794852,-4.839301,-28.497011,6.7593117,-13.216851,4.647387,13.1748705,-0.4681192,13.865614,8.589676,25.378866,-35.036484,55.682877,12.76084,-4.730455,14.837969,-27.769226,-45.972195,35.628025,73.68194,-8.572368,4.5891848,11.191061
1030,-4.017302989959717,3.3201820850372314,77.77316284179688,-0.9620851460399875,-1.8506578961125177,-83.64828905407187,2.4883058,13.851935,6.893238,8.186935,-7.553763,-12.714653,9.864199,-4.8145766,-28.490004,6.7552447,-13.234655,4.6772046,13.154737,-0.4454578,13.891883,8.618324,25.377136,-35.003895,55.658787,12.7692,-4.7649794,14.867936,-27.630615,-45.99776,35.476128,73.67178,-8.652678,4.5537143,11.0931
1031,-4.03543758392334,3.3048808574676514,77.7641372680664,-0.963058883267645,-1.8938344365676218,-83.6625246578136,2.575859,13.875897,6.9181814,8.154391,-7.538452,-12.7943735,9.930157,-4.790443,-28.479717,6.7519417,-13.252773,4.707524,13.12785,-0.41568476,13.9045515,8.658311,25.373999,-34.98365,55.631985,12.761369,-4.798155,14.897121,-27.53378,-46.009403,35.3737,73.70521,-8.720772,4.516106,11.004298
1032,-4.054405689239502,3.2883048057556152,77.76174926757812,-0.9642609550874713,-1.9181750944023412,-83.67749248618146,2.63268,13.901938,6.939783,8.1396,-7.5316772,-12.840675,9.972163,-4.7648826,-28.466047,6.748777,-13.271482,4.7156663,13.119779,-0.40173957,13.90618,8.66881,25.36933,-34.97516,55.62805,12.768903,-4.811171,14.910946,-27.392565,-46.035057,35.240482,73.69715,-8.76515,4.4919,10.950804
1033,-4.0770463943481445,3.2666378021240234,77.76548767089844,-0.9657176819420057,-1.9131771134538211,-83.69365304993893,2.6349664,13.9314995,6.9540854,8.164856,-7.5433707,-12.832884,9.973936,-4.739619,-28.44616,6.750765,-13.293382,4.6883974,13.0967455,-0.39456245,13.871594,8.685808,25.367153,-34.97099,55.621246,12.776485,-4.789506,14.892604,-27.324509,-46.048744,35.22697,73.73993,-8.718082,4.4763813,10.96605
1034,-4.098150730133057,3.2423927783966064,77.77208709716797,-0.9695180005166806,-1.8871062217028962,-83.71164970239357,2.600624,13.964549,6.9645567,8.2155485,-7.566443,-12.792496,9.947663,-4.7132344,-28.42033,6.754696,-13.316137,4.639727,13.078218,-0.40430868,13.807655,8.703577,25.366451,-34.96643,55.621014,12.802237,-4.741056,14.85612,-27.22168,-46.06274,35.22923,73.745804,-8.628615,4.477367,11.012632
1035,-4.119767665863037,3.2191407680511475,77.77637481689453,-0.9718117394123004,-1.8606439223261608,-83.7296569839372,2.5656412,13.997927,6.975005,8.266574,-7.5914655,-12.749752,9.921792,-4.685691,-28.395464,6.757066,-13.338349,4.589608,13.054636,-0.39964047,13.752092,8.726507,25.364492,-34.9625,55.60711,12.818985,-4.6994467,14.818914,-27.127306,-46.111153,35.238304,73.73677,-8.533356,4.482588,11.076502
1036,-4.140869140625,3.1948964595794678,77.77558135986328,-0.977864197862712,-1.8499101763016443,-83.74664661256035,2.5598845,14.030929,6.989288,8.29568,-7.609947,-12.735428,9.917004,-4.6570826,-28.376905,6.7587123,-13.359216,4.5574045,13.02466,-0.3884771,13.71004,8.75676,25.36144,-34.960224,55.59735,12.815328,-4.68929,14.804909,-27.044989,-46.141182,35.215492,73.74817,-8.492689,4.4934072,11.106628
1037,-4.1629157066345215,3.1764283180236816,77.7694320678711,-0.9862421232972007,-1.865318467671632,-83.76192401252351,2.5990853,14.065024,7.0089073,8.295895,-7.622495,-12.76667,9.948917,-4.6247897,-28.36904,6.757195,-13.378505,4.553304,12.992993,-0.36021742,13.696055,8.790202,25.354424,-34.966618,55.5938,12.775411,-4.7337313,14.829564,-26.94489,-46.17373,35.111893,73.751976,-8.538728,4.5141277,11.08932
1038,-4.181077480316162,3.1561050415039062,77.760009765625,-0.9968638298253499,-1.8955655272919134,-83.7763072449751,2.6662304,14.099519,7.032463,8.275766,-7.6309404,-12.824143,10.001932,-4.5903172,-28.367632,6.7523355,-13.395337,4.565294,12.9638405,-0.32410064,13.696908,8.820633,25.345266,-34.985264,55.60072,12.709661,-4.812776,14.879249,-26.837904,-46.196186,34.953648,73.76489,-8.642591,4.5412135,11.0435295
1039,-4.2015767097473145,3.142183303833008,77.7471923828125,-1.006786023096427,-1.9260010566345684,-83.79069968250396,2.7343633,14.132703,7.0565095,8.252431,-7.63604,-12.883771,10.054376,-4.5568457,-28.366442,6.7489977,-13.412046,4.579384,12.926046,-0.2892044,13.694956,8.862873,25.337395,-34.997616,55.60304,12.648334,-4.889775,14.927659,-26.752892,-46.206207,34.816303,73.79273,-8.748198,4.5721927,10.99197
1040,-4.223797798156738,3.130622625350952,77.737548828125,-1.013681079023204,-1.9414303122863485,-83.80635543964982,2.7766376,14.1628,7.0778494,8.244031,-7.6398053,-12.921499,10.084902,-4.527885,-28.358566,6.7473416,-13.426794,4.5816216,12.899783,-0.2693237,13.682577,8.887286,25.329323,-35.0145,55.61729,12.62221,-4.9276056,14.953312,-26.656013,-46.21605,34.692814,73.80888,-8.823019,4.598536,10.952463
1041,-4.241082668304443,3.1169488430023193,77.7358627319336,-1.0154006771282327,-1.934000953859236,-83.82218770028035,2.7804282,14.1860695,7.0934525,8.2551565,-7.637732,-12.925039,10.083689,-4.506317,-28.341719,6.747115,-13.438755,4.567001,12.888827,-0.26826823,13.653776,8.887988,25.319004,-35.037884,55.645008,12.650152,-4.904951,14.946803,-26.540636,-46.23761,34.596573,73.80097,-8.850346,4.618307,10.932775
1042,-4.26109504699707,3.100172519683838,77.73812103271484,-1.012119246514312,-1.9129619454130335,-83.838142518381,2.7583072,14.20527,7.1048627,8.283697,-7.6344776,-12.909201,10.0626545,-4.4899626,-28.31965,6.7492905,-13.449136,4.5434284,12.862,-0.27625966,13.611195,8.910136,25.31424,-35.04029,55.652794,12.711808,-4.845398,14.917419,-26.470108,-46.249207,34.578854,73.8153,-8.836238,4.6332364,10.925447
1043,-4.278407096862793,3.082638740539551,77.74305725097656,-1.0100038368777955,-1.8895251558583765,-83.85630014135884,2.7342565,14.225466,7.118853,8.310724,-7.6311984,-12.890349,10.037346,-4.4729557,-28.295052,6.7521095,-13.459415,4.5162244,12.837348,-0.28230068,13.568881,8.928055,25.30512,-35.04186,55.663486,12.781826,-4.7801595,14.879033,-26.39279,-46.272663,34.564476,73.816376,-8.80769,4.6471066,10.924623
1044,-4.295058727264404,3.064948797225952,77.7492904663086,-1.0118616744428408,-1.8747164814423378,-83.87850482800117,2.727092,14.251843,7.140943,8.328135,-7.6347485,-12.884884,10.021741,-4.4509554,-28.270624,6.754877,-13.470496,4.4907603,12.807554,-0.27780074,13.532245,8.956739,25.297876,-35.04256,55.666313,12.826103,-4.7400584,14.840887,-26.339613,-46.288944,34.55654,73.84342,-8.77564,4.659937,10.924165
1045,-4.3113274574279785,3.049995183944702,77.75245666503906,-1.023098916792856,-1.8716163120152145,-83.9074718727828,2.7421064,14.289938,7.176165,8.334528,-7.6518307,-12.897587,10.020784,-4.4184246,-28.246153,6.75542,-13.482836,4.464682,12.784123,-0.25638294,13.5054865,8.982304,25.283285,-35.050343,55.6765,12.840576,-4.7365885,14.80372,-26.268852,-46.317726,34.517933,73.85613,-8.736155,4.678732,10.928493
1046,-4.329333305358887,3.0341908931732178,77.74897003173828,-1.0402874020493325,-1.8741384050214502,-83.94075218752407,2.7680118,14.334926,7.2196393,8.335987,-7.678202,-12.919614,10.026095,-4.3799644,-28.221272,6.75582,-13.496414,4.4365015,12.754047,-0.22818306,13.481868,9.022218,25.276,-35.054295,55.67463,12.832404,-4.7525997,14.759696,-26.240273,-46.32909,34.50074,73.91397,-8.682599,4.693011,10.937476
1047,-4.347683429718018,3.0199332237243652,77.74250793457031,-1.057826074494044,-1.8800664607678514,-83.97555405754251,2.79972,14.380193,7.2644258,8.334713,-7.7037325,-12.946999,10.034746,-4.341697,-28.195444,6.7560163,-13.509241,4.4122634,12.738683,-0.19488241,13.46147,9.042789,25.256748,-35.07523,55.69093,12.823618,-4.7729683,14.722896,-26.163036,-46.359104,34.43941,73.932304,-8.644918,4.7111382,10.940053
1048,-4.365243911743164,3.0088984966278076,77.7326889038086,-1.069141496652669,-1.8876821678145932,-84.00679918841439,2.8336072,14.417304,7.3016186,8.32891,-7.715464,-12.9757,10.046958,-4.3094196,-28.170732,6.755411,-13.521377,4.3982453,12.721218,-0.16410418,13.447221,9.058371,25.235348,-35.0975,55.704792,12.820325,-4.786635,14.695592,-26.089657,-46.392506,34.3764,73.951096,-8.633344,4.7259398,10.930088
1049,-4.379385948181152,2.998053789138794,77.72398376464844,-1.0724776734361907,-1.9009442475669098,-84.03047295806442,2.8711972,14.442212,7.3244834,8.321443,-7.709089,-13.012481,10.067696,-4.2869797,-28.150057,6.754421,-13.531895,4.4037933,12.688032,-0.14082688,13.4417095,9.0891905,25.222845,-35.109394,55.69502,12.826802,-4.78892,14.68178,-26.03568,-46.409657,34.325996,73.98279,-8.669708,4.736667,10.893093
1050,-4.397343635559082,2.988302230834961,77.71776580810547,-1.0709431776951581,-1.9192973391313644,-84.0500374260277,2.9147444,14.459778,7.3392224,8.309672,-7.6901197,-13.056694,10.096357,-4.269838,-28.131788,6.752357,-13.541446,4.423026,12.666204,-0.11904185,13.447423,9.09429,25.200428,-35.13712,55.70268,12.840117,-4.7878904,14.68091,-25.943542,-46.440327,34.229027,73.98473,-8.750015,4.747028,10.837075
1051,-4.4137349128723145,2.980790853500366,77.71540832519531,-1.0681316892482202,-1.934319623051183,-84.07243465798892,2.9548516,14.476173,7.355982,8.298183,-7.669688,-13.094148,10.119048,-4.254711,-28.109911,6.751285,-13.550786,4.439285,12.637453,-0.099184036,13.448271,9.11544,25.185276,-35.154854,55.692684,12.851484,-4.7847214,14.680884,-25.877558,-46.46103,34.16032,74.00468,-8.817585,4.756403,10.784477
1052,-4.428319454193115,2.968095064163208,77.71978759765625,-1.0679044051275715,-1.9371894058177712,-84.10499596165945,2.9764652,14.498258,7.3838234,8.304065,-7.665678,-13.110079,10.122793,-4.2369313,-28.078226,6.7519326,-13.56073,4.4357886,12.617092,-0.08165747,13.4340725,9.138045,25.17162,-35.16879,55.684166,12.85907,-4.782094,14.675745,-25.820168,-46.481956,34.109573,74.02979,-8.835628,4.768052,10.755357
1053,-4.443035125732422,2.952562093734741,77.72624206542969,-1.0709086332913806,-1.9211468298369034,-84.15004231371164,2.9732745,14.526162,7.4268117,8.326315,-7.68119,-13.087067,10.098352,-4.217022,-28.034489,6.7536945,-13.5716915,4.399272,12.597614,-0.07662289,13.404622,9.158411,25.16684,-35.170757,55.67861,12.858005,-4.779307,14.656164,-25.800438,-46.489933,34.10484,74.07587,-8.769052,4.7846584,10.766974
1054,-4.455662250518799,2.936887264251709,77.7326431274414,-1.0780416258572334,-1.886314382448446,-84.21102080954982,2.9396434,14.563569,7.4842715,8.378735,-7.718404,-13.038493,10.042965,-4.1937323,-27.974384,6.7618814,-13.584246,4.3398347,12.605777,-0.05951205,13.337875,9.185505,25.151222,-35.189903,55.67437,12.862875,-4.7705994,14.630271,-25.747837,-46.526344,34.114742,74.098625,-8.633857,4.809789,10.809854
1055,-4.470086097717285,2.9247119426727295,77.73430633544922,-1.085944812587538,-1.8550377276289727,-84.27200543233651,2.914706,14.599798,7.5433254,8.421061,-7.7516947,-12.99257,9.993037,-4.1702476,-27.914917,6.767979,-13.596108,4.2818103,12.605601,-0.03573875,13.2845955,9.206422,25.12856,-35.197063,55.67209,12.859973,-4.769082,14.610573,-25.706125,-46.581,34.125618,74.111015,-8.501573,4.830376,10.854555
1056,-4.481642246246338,2.9133009910583496,77.72893524169922,-1.0931610740644266,-1.840562243048532,-84.32802671886697,2.9153163,14.634867,7.598182,8.446561,-7.773449,-12.97978,9.966171,-4.1454377,-27.861237,6.771248,-13.605065,4.2468143,12.600032,-0.0039657163,13.25074,9.231047,25.10395,-35.190643,55.665756,12.851578,-4.77955,14.610827,-25.656485,-46.635624,34.09818,74.11535,-8.437256,4.841652,10.865407
1057,-4.497856140136719,2.9095003604888916,77.7187728881836,-1.101704312163977,-1.8547788408208237,-84.37729047014491,2.964988,14.667826,7.6485267,8.4337,-7.7721214,-13.02355,9.979158,-4.1179695,-27.817175,6.771163,-13.610901,4.2493777,12.587252,0.039042246,13.247553,9.262827,25.077972,-35.16675,55.65532,12.832067,-4.8149557,14.644903,-25.594164,-46.6837,34.00444,74.11253,-8.490264,4.839599,10.818056
1058,-4.513316631317139,2.9079062938690186,77.70858764648438,-1.111611561263786,-1.8867950628920422,-84.42366287502013,3.0453963,14.700664,7.6977005,8.397007,-7.756963,-13.103002,10.015876,-4.088408,-27.777718,6.7691293,-13.614022,4.2747355,12.579937,0.092557915,13.266442,9.284163,25.045067,-35.14019,55.653408,12.803732,-4.867998,14.703472,-25.504805,-46.738976,33.84457,74.08895,-8.621252,4.829423,10.735391
1059,-4.524561882019043,2.9014084339141846,77.70295715332031,-1.121055579997923,-1.918087561541535,-84.46883464124757,3.1248784,14.731502,7.74596,8.359207,-7.739607,-13.180446,10.051804,-4.0600786,-27.738123,6.767237,-13.617552,4.3012433,12.56024,0.13962032,13.278113,9.329154,25.026373,-35.098995,55.63131,12.771888,-4.9138484,14.760542,-25.45369,-46.765877,33.726135,74.103294,-8.741433,4.8140254,10.648827
1060,-4.5367112159729,2.8933768272399902,77.70183563232422,-1.1270007498949886,-1.9303274633901917,-84.51459385749789,3.1687708,14.76026,7.7924623,8.348577,-7.733938,-13.218358,10.062354,-4.0358763,-27.69362,6.7664866,-13.623,4.307289,12.553888,0.17462203,13.27531,9.348885,25.002186,-35.067436,55.628178,12.756228,-4.9301877,14.797595,-25.372646,-46.81335,33.61901,74.08887,-8.790669,4.80208,10.5947895
1061,-4.550838947296143,2.8848321437835693,77.70601654052734,-1.1267388521179278,-1.911406759425464,-84.5617331957528,3.1558852,14.784932,7.8366113,8.38062,-7.746262,-13.1913,10.029776,-4.019805,-27.639803,6.7708044,-13.633425,4.2809973,12.549465,0.1890483,13.235158,9.371945,24.989544,-35.041,55.61607,12.748754,-4.896544,14.797812,-25.322144,-46.851967,33.61728,74.10445,-8.706528,4.7909155,10.592759
1062,-4.563815116882324,2.8725197315216064,77.71222686767578,-1.1247632015409914,-1.8736838155794913,-84.60943320452272,3.1108296,14.806256,7.8793793,8.434011,-7.766519,-13.124251,9.970977,-4.0091896,-27.5801,6.778238,-13.64638,4.2359543,12.540963,0.2012113,13.17972,9.395323,24.972393,-35.006844,55.596214,12.751655,-4.831572,14.775095,-25.271252,-46.926773,33.6778,74.09663,-8.533787,4.7799397,10.629954
1063,-4.574044704437256,2.8599839210510254,77.71847534179688,-1.1221616133343055,-1.8351021478741234,-84.65598399412302,3.0614867,14.827987,7.921116,8.492506,-7.789801,-13.055969,9.912234,-3.9977117,-27.521915,6.782873,-13.657712,4.1888313,12.531347,0.2147144,13.123839,9.419442,24.957867,-34.973934,55.575035,12.761023,-4.764401,14.75166,-25.222681,-47.001842,33.736538,74.08933,-8.352535,4.769342,10.671322
1064,-4.5832438468933105,2.8486247062683105,77.72200775146484,-1.1238976735932795,-1.813973018475867,-84.70019742740736,3.043806,14.852529,7.964311,8.525379,-7.8041167,-13.024983,9.876421,-3.9812977,-27.472385,6.7880754,-13.668092,4.1564813,12.51481,0.24037679,13.087289,9.449141,24.944012,-34.937977,55.555283,12.778773,-4.7252812,14.74872,-25.172743,-47.071323,33.737488,74.07992,-8.235544,4.75982,10.688511
1065,-4.595989227294922,2.843926191329956,77.71930694580078,-1.1341099675241366,-1.8200518069563387,-84.74301307396708,3.0764182,14.882783,8.012005,8.518736,-7.8056693,-13.053111,9.878604,-3.9547834,-27.434362,6.7885375,-13.674362,4.14617,12.4901705,0.28337225,13.078735,9.48779,24.931469,-34.897564,55.537537,12.810335,-4.7275214,14.778625,-25.130213,-47.119427,33.650463,74.08368,-8.216064,4.7503614,10.667211
1066,-4.608604907989502,2.8370840549468994,77.71247100830078,-1.1475683696818948,-1.841933490287234,-84.78462720554944,3.1371126,14.9169,8.062064,8.490938,-7.801317,-13.115939,9.902486,-3.922169,-27.403801,6.78732,-13.678757,4.148037,12.456456,0.33693507,13.083709,9.536072,24.921204,-34.854237,55.51997,12.850721,-4.753189,14.827976,-25.102287,-47.14907,33.522083,74.105286,-8.247804,4.7401867,10.624193
1067,-4.625967025756836,2.8356475830078125,77.70405578613281,-1.1594519902560592,-1.8661615659827935,-84.82275523969209,3.2009094,14.948964,8.109656,8.458609,-7.793216,-13.182811,9.9298525,-3.890868,-27.377083,6.785099,-13.681523,4.15298,12.431585,0.38847512,13.098271,9.565741,24.909464,-34.819122,55.517643,12.895492,-4.7856207,14.880859,-25.036879,-47.19066,33.34307,74.09209,-8.305791,4.7338448,10.574932
1068,-4.639174938201904,2.833285331726074,77.69639587402344,-1.1673701646584784,-1.8786030786794248,-84.85512081400783,3.239959,14.973787,8.148672,8.443338,-7.7864127,-13.222846,9.942293,-3.8679273,-27.351027,6.7852545,-13.685578,4.1518598,12.394249,0.42814255,13.093337,9.602413,24.904524,-34.790615,55.515057,12.917601,-4.8071213,14.918249,-25.009539,-47.21638,33.244606,74.10983,-8.333421,4.72911,10.535085
1069,-4.649997711181641,2.8285224437713623,77.69473266601562,-1.1649991832731341,-1.8735993992605176,-84.87909276628453,3.243124,14.987442,8.174694,8.450455,-7.779318,-13.223149,9.93224,-3.8575187,-27.324678,6.786534,-13.6889,4.1425405,12.36144,0.447752,13.078271,9.618442,24.90351,-34.772205,55.52351,12.921092,-4.8128676,14.931621,-24.949682,-47.262173,33.17563,74.083374,-8.329671,4.731351,10.506134
1070,-4.66052770614624,2.825272560119629,77.69841766357422,-1.156686428851997,-1.8590362558092817,-84.8966086842679,3.226011,14.99333,8.191568,8.469424,-7.770868,-13.201387,9.910571,-3.855202,-27.299753,6.788332,-13.691491,4.129868,12.321059,0.45998114,13.053041,9.635147,24.907799,-34.760246,55.529854,12.906173,-4.812093,14.930192,-24.89864,-47.31511,33.156124,74.05303,-8.302573,4.736333,10.483717
1071,-4.671810626983643,2.8185994625091553,77.70465850830078,-1.1457632919702447,-1.842655625842594,-84.91208144123168,3.2020469,14.998119,8.206778,8.495882,-7.7647705,-13.173879,9.886668,-3.8547032,-27.277046,6.790157,-13.694526,4.1150374,12.277972,0.47374162,13.030192,9.655766,24.917536,-34.74831,55.528828,12.889715,-4.810222,14.926427,-24.84152,-47.386887,33.139374,74.0046,-8.276162,4.7439137,10.473306
1072,-4.68209981918335,2.810236930847168,77.71117401123047,-1.1393897321341406,-1.831914822958205,-84.9302011863813,3.189328,15.006861,8.229113,8.5165415,-7.7600594,-13.156367,9.870309,-3.8500535,-27.257002,6.7917256,-13.699456,4.0993333,12.234251,0.49142396,13.012536,9.679646,24.928068,-34.736057,55.53305,12.884473,-4.812217,14.935818,-24.79115,-47.44856,33.098495,73.96891,-8.27746,4.7523737,10.472181
1073,-4.694161415100098,2.804363250732422,77.71733093261719,-1.1367851767987363,-1.8292036389517485,-84.95330768772425,3.192696,15.02132,8.2631235,8.528408,-7.758165,-13.150717,9.864416,-3.8400974,-27.24081,6.79352,-13.708541,4.0807424,12.184656,0.513205,12.997409,9.709038,24.935104,-34.72369,55.55267,12.895187,-4.8212514,14.972617,-24.773376,-47.482166,33.041363,73.97553,-8.320652,4.762396,10.48562
1074,-4.707568645477295,2.7983815670013428,77.71719360351562,-1.1366406976822023,-1.8304863604132953,-84.97845355866278,3.2026062,15.038988,8.303288,8.539483,-7.760083,-13.149275,9.863873,-3.8271477,-27.228086,6.792943,-13.717802,4.059343,12.144013,0.53869295,12.994027,9.734325,24.94914,-34.716923,55.571945,12.918483,-4.8339663,15.024076,-24.726927,-47.533813,32.92933,73.95523,-8.395728,4.7758265,10.515338
1075,-4.72236442565918,2.7964861392974854,77.71231842041016,-1.136683780777811,-1.8334203044540165,-85.00269879551244,3.2161114,15.056398,8.343979,8.546453,-7.758866,-13.153743,9.864841,-3.8145764,-27.216032,6.7947345,-13.728304,4.039772,12.107834,0.5645274,12.9945135,9.755921,24.967646,-34.71557,55.592342,12.938874,-4.8456435,15.069536,-24.669672,-47.58926,32.79982,73.92773,-8.477416,4.7888203,10.545374
1076,-4.738766193389893,2.7940146923065186,77.70513153076172,-1.1353908506494659,-1.8359825381304664,-85.02316963526283,3.230401,15.070803,8.379715,8.546585,-7.7483206,-13.166124,9.866666,-3.8031662,-27.20249,6.794721,-13.735336,4.026728,12.067427,0.58773947,12.993938,9.782559,24.986248,-34.702446,55.606956,12.953421,-4.8517623,15.086893,-24.617382,-47.63953,32.688457,73.903595,-8.540591,4.797901,10.560635
1077,-4.7533345222473145,2.7932937145233154,77.69872283935547,-1.130164109695829,-1.840253022024026,-85.0368016228295,3.2493067,15.080143,8.407473,8.534277,-7.7220106,-13.196183,9.870658,-3.7948146,-27.187798,6.7953653,-13.737867,4.026282,12.018109,0.6088882,12.99498,9.814013,25.001654,-34.671574,55.616413,12.9536,-4.853437,15.062017,-24.578825,-47.679024,32.600544,73.88917,-8.5851145,4.8005977,10.549681
1078,-4.765103340148926,2.7909185886383057,77.69802856445312,-1.1237818390432588,-1.846434317544285,-85.04580638876003,3.2713683,15.086757,8.430686,8.515926,-7.6868825,-13.238587,9.878032,-3.7878802,-27.173004,6.794725,-13.736555,4.0343294,11.965022,0.62931615,13.0009985,9.848134,25.018007,-34.62903,55.61989,12.945944,-4.852441,15.008754,-24.538998,-47.718506,32.514236,73.8699,-8.622218,4.7996197,10.523628
1079,-4.778060436248779,2.7892677783966064,77.70206451416016,-1.1168874660043635,-1.8497469807351046,-85.05555560895989,3.2903028,15.0927725,8.453487,8.497168,-7.651091,-13.276691,9.880698,-3.781827,-27.15616,6.795699,-13.736041,4.0403543,11.917159,0.64807713,13.008511,9.883474,25.041569,-34.58598,55.613224,12.942415,-4.84524,14.948058,-24.484074,-47.77261,32.424583,73.83164,-8.646189,4.799003,10.502741
1080,-4.790986061096191,2.784548759460449,77.70918273925781,-1.1108632450753293,-1.8454644497993633,-85.07103168242682,3.294771,15.101539,8.479543,8.493909,-7.6281204,-13.289935,9.872907,-3.7746177,-27.135841,6.795491,-13.737036,4.0337367,11.869899,0.6634476,12.9982,9.912555,25.057287,-34.556976,55.626575,12.949702,-4.8289123,14.906144,-24.459915,-47.808037,32.381638,73.829895,-8.649093,4.801269,10.499774
1081,-4.804082870483398,2.777841806411743,77.71723937988281,-1.1051755787052828,-1.8268479592303832,-85.09639177078364,3.269421,15.114021,8.510411,8.525196,-7.630046,-13.256126,9.842798,-3.7679944,-27.108269,6.799569,-13.744064,4.0054173,11.83318,0.67110205,12.973161,9.936247,25.077642,-34.54268,55.64493,12.9816475,-4.794096,14.884805,-24.439837,-47.851513,32.37182,73.828094,-8.611224,4.8096633,10.534087
1082,-4.817774772644043,2.7734391689300537,77.72198486328125,-1.098860626719869,-1.798147439334589,-85.12794076714867,3.2231877,15.12881,8.54361,8.580055,-7.648016,-13.191118,9.798529,-3.761406,-27.075602,6.803601,-13.753098,3.9631035,11.802627,0.67551035,12.936666,9.958824,25.103022,-34.54022,55.662487,13.025889,-4.745374,14.871913,-24.422453,-47.905586,32.392918,73.82418,-8.537708,4.8214297,10.593809
1083,-4.832915306091309,2.7690541744232178,77.72308349609375,-1.094001738098929,-1.771259972954267,-85.15939581123179,3.1823893,15.144675,8.577334,8.627641,-7.6642327,-13.133933,9.756571,-3.7533212,-27.04434,6.807711,-13.762559,3.921461,11.773,0.6841046,12.902569,9.985205,25.13085,-34.53726,55.67192,13.072142,-4.7000713,14.865964,-24.402285,-47.966568,32.410206,73.81714,-8.47421,4.833773,10.654071
1084,-4.8459577560424805,2.764099359512329,77.71949005126953,-1.0926007949121226,-1.7577521705603327,-85.18456056782027,3.1719642,15.160227,8.609529,8.640372,-7.662775,-13.123362,9.735544,-3.7414439,-27.02132,6.8084483,-13.769572,3.8952277,11.737373,0.69965506,12.877607,10.011235,25.149202,-34.525085,55.687256,13.109226,-4.6756587,14.868454,-24.391851,-48.00822,32.400692,73.83344,-8.470929,4.8432055,10.684332
1085,-4.858635425567627,2.7628655433654785,77.71227264404297,-1.0948621969499996,-1.7672086351879344,-85.20039777811671,3.2114387,15.176766,8.640378,8.597699,-7.633804,-13.193791,9.746371,-3.7240222,-27.011217,6.8093014,-13.77477,3.8942416,11.69118,0.73315215,12.875758,10.050529,25.165695,-34.496048,55.68676,13.1317835,-4.686219,14.881283,-24.377157,-48.047638,32.33811,73.85249,-8.563454,4.8489985,10.670438
1086,-4.8729777336120605,2.763822555541992,77.7038803100586,-1.1030033920767264,-1.7910286015029104,-85.21070853843261,3.2831173,15.194043,8.670851,8.519401,-7.58831,-13.31619,9.779273,-3.7017279,-27.009674,6.805761,-13.776975,3.908664,11.655708,0.776756,12.898989,10.088128,25.192558,-34.464737,55.667137,13.149201,-4.718757,14.902857,-24.309244,-48.113388,32.1874,73.82636,-8.7282095,4.854943,10.631382
1087,-4.886532783508301,2.764336109161377,77.70063018798828,-1.1097171246653026,-1.8144670010987731,-85.21913369388001,3.3544495,15.210183,8.699189,8.439354,-7.541108,-13.435674,9.812554,-3.67999,-27.009172,6.801704,-13.778855,3.9237854,11.608878,0.8196098,12.9080305,10.127414,25.203827,-34.42933,55.66343,13.160761,-4.751747,14.927335,-24.289957,-48.144356,32.084778,73.85846,-8.884082,4.8575015,10.589678
1088,-4.897342681884766,2.7609713077545166,77.7027587890625,-1.112159057199268,-1.822464473919796,-85.22954078840039,3.3881948,15.224199,8.722285,8.401877,-7.513101,-13.497017,9.82395,-3.6637704,-27.002283,6.8005853,-13.782242,3.9247887,11.5723295,0.8472506,12.906421,10.1573305,25.218523,-34.390606,55.656567,13.180098,-4.7621326,14.941883,-24.250458,-48.185947,31.991652,73.86996,-8.973953,4.860851,10.578035
1089,-4.909304618835449,2.7572576999664307,77.70893859863281,-1.1069316807426899,-1.8053020150830432,-85.24283764576522,3.3612452,15.233847,8.737303,8.431424,-7.514664,-13.464406,9.80039,-3.6570556,-26.985119,6.801769,-13.786718,3.9030375,11.543706,0.8570377,12.881039,10.181145,25.236769,-34.35044,55.64048,13.209896,-4.730807,14.934399,-24.210814,-48.240063,31.955097,73.8749,-8.951287,4.8624587,10.620152
1090,-4.920727252960205,2.7511065006256104,77.71737670898438,-1.0961912332321841,-1.7727004118260505,-85.25721917167755,3.2970626,15.240457,8.74641,8.50165,-7.533618,-13.374326,9.754333,-3.656985,-26.96205,6.8067956,-13.79251,3.8680298,11.515926,0.85932064,12.84377,10.210728,25.259535,-34.299828,55.603504,13.247485,-4.6743817,14.911797,-24.17213,-48.313564,31.958395,73.86779,-8.855113,4.8627834,10.699457
1091,-4.932742118835449,2.741809129714966,77.7233657836914,-1.0871524383837716,-1.739867464790971,-85.27165223768762,3.231122,15.24759,8.754501,8.575314,-7.5550885,-13.279804,9.708856,-3.656276,-26.93892,6.8103495,-13.798035,3.8322406,11.488772,0.86638653,12.809343,10.246961,25.285566,-34.245144,55.55173,13.276414,-4.6243696,14.892322,-24.121555,-48.408203,31.9582,73.84228,-8.739053,4.863486,10.784627
1092,-4.944290637969971,2.73370623588562,77.7255630493164,-1.0815764745445666,-1.7220418250713403,-85.2856729051678,3.1994154,15.25808,8.766826,8.61428,-7.563542,-13.23406,9.683478,-3.6498907,-26.921661,6.8137484,-13.804831,3.8082404,11.461069,0.88086754,12.780573,10.279228,25.300848,-34.19881,55.523224,13.280764,-4.611701,14.899939,-24.08408,-48.47269,31.930655,73.85177,-8.666954,4.865126,10.83297
1093,-4.955885410308838,2.7291245460510254,77.7210693359375,-1.0856742245734468,-1.7282570578846936,-85.30090119223867,3.2214463,15.27556,8.787229,8.600824,-7.5531282,-13.264699,9.691375,-3.632686,-26.912409,6.813001,-13.811126,3.8025334,11.434256,0.9170489,12.777811,10.319268,25.315153,-34.155952,55.492172,13.247296,-4.6633945,14.95116,-24.032303,-48.54257,31.830154,73.8542,-8.660455,4.87066,10.836388
1094,-4.969342231750488,2.727966785430908,77.712158203125,-1.0957395982608702,-1.7486785298255336,-85.31690696448506,3.2730498,15.297494,8.811776,8.560839,-7.5341377,-13.339023,9.718696,-3.6089761,-26.907877,6.8108993,-13.81817,3.8072412,11.416071,0.9636068,12.78785,10.354792,25.327017,-34.123837,55.46971,13.187087,-4.7561393,15.032919,-23.958693,-48.611267,31.671637,73.85211,-8.690524,4.8787413,10.810203
1095,-4.9839606285095215,2.7283389568328857,77.70198059082031,-1.1052458070638134,-1.770447985138904,-85.3304336522697,3.3294199,15.317944,8.834855,8.51301,-7.5110545,-13.419029,9.748849,-3.5858457,-26.905445,6.8078947,-13.825,3.8138673,11.401462,1.0093585,12.796934,10.385656,25.336647,-34.09564,55.453297,13.124931,-4.8476086,15.10959,-23.875792,-48.678814,31.505363,73.85088,-8.722475,4.885228,10.778666
1096,-4.9947919845581055,2.7294812202453613,77.69705200195312,-1.1091288324002686,-1.780293936005938,-85.33779306571336,3.3603039,15.3319845,8.84927,8.485747,-7.4926972,-13.467337,9.765048,-3.570012,-26.902481,6.8051276,-13.831096,3.8136697,11.380629,1.0426577,12.788561,10.416521,25.343693,-34.059483,55.43997,13.0866785,-4.895264,15.145505,-23.805002,-48.740757,31.394833,73.86252,-8.717995,4.885768,10.765035
1097,-5.004025459289551,2.724898338317871,77.69918823242188,-1.1031168352038068,-1.7717222445247656,-85.33513879929812,3.3515399,15.335784,8.849196,8.490145,-7.4806848,-13.468818,9.758335,-3.5655584,-26.898628,6.8069134,-13.8393135,3.8026662,11.353436,1.0537736,12.752972,10.443542,25.348299,-34.012676,55.43422,13.081019,-4.8764696,15.117238,-23.749542,-48.789417,31.369663,73.89679,-8.659889,4.873897,10.775523
1098,-5.012510299682617,2.7112338542938232,77.70439147949219,-1.094048406116615,-1.752834090616614,-85.32523071924875,3.3208096,15.333419,8.839541,8.510408,-7.470297,-13.445417,9.739798,-3.5679555,-26.895226,6.8093376,-13.84709,3.7861855,11.3196125,1.0647672,12.716714,10.480845,25.355743,-33.942932,55.400772,13.10154,-4.8187895,15.042596,-23.666273,-48.891136,31.376474,73.8798,-8.559588,4.8549294,10.812736
1099,-5.020540237426758,2.701129913330078,77.71277618408203,-1.0826710572706815,-1.732700597910168,-85.31507260601103,3.2876482,15.329775,8.829946,8.533697,-7.462922,-13.413901,9.720512,-3.5713577,-26.892015,6.810857,-13.854865,3.7690473,11.288428,1.0790987,12.67785,10.514876,25.359268,-33.88091,55.37001,13.12852,-4.7519813,14.96341,-23.57486,-49.00282,31.379663,73.85472,-8.451429,4.8394027,10.857457
1100,-5.029648303985596,2.691652774810791,77.72006225585938,-1.0747279459704508,-1.7204617547946301,-85.31127156884921,3.2668207,15.331035,8.828756,8.555215,-7.4628043,-13.391644,9.710039,-3.571268,-26.889162,6.8123026,-13.863493,3.7563152,11.258142,1.1008111,12.643216,10.549896,25.35771,-33.83132,55.349148,13.152272,-4.706375,14.917763,-23.499084,-49.09805,31.348528,73.84727,-8.367763,4.837831,10.895413
1101,-5.0372772216796875,2.684049606323242,77.72119140625,-1.0733355448355342,-1.7191592142757017,-85.3185576909923,3.2667565,15.340035,8.842971,8.569509,-7.472729,-13.378264,9.712046,-3.564658,-26.885607,6.8134556,-13.873977,3.7493284,11.232511,1.1379566,12.619822,10.589336,25.35046,-33.793728,55.331795,13.175847,-4.691034,14.918621,-23.426014,-49.19118,31.251215,73.837006,-8.311811,4.859573,10.9322405
1102,-5.046226501464844,2.6783318519592285,77.71774291992188,-1.0757911647849272,-1.7236511650879158,-85.33247064075329,3.2776358,15.353146,8.8664255,8.581442,-7.4902906,-13.366097,9.720679,-3.5550396,-26.88184,6.813039,-13.884071,3.7454526,11.214547,1.1837687,12.602149,10.623425,25.337986,-33.771484,55.32361,13.200681,-4.6892796,14.945916,-23.345177,-49.285156,31.103127,73.820595,-8.272578,4.896808,10.970405
1103,-5.056340217590332,2.6744346618652344,77.70870208740234,-1.0779514705592472,-1.7311477981843826,-85.34561358774586,3.293047,15.365847,8.889287,8.590383,-7.5067744,-13.36163,9.733809,-3.5453033,-26.879246,6.8123765,-13.8946905,3.7434754,11.194228,1.2298651,12.5840225,10.658813,25.323496,-33.755634,55.32015,13.224485,-4.693379,14.983197,-23.274153,-49.36771,30.954435,73.81874,-8.245844,4.9350615,10.99991
1104,-5.064330101013184,2.6708061695098877,77.69869995117188,-1.0769250649892856,-1.7390217490694073,-85.35083453228619,3.31098,15.373075,8.902851,8.588137,-7.5096703,-13.370973,9.748763,-3.5384097,-26.879532,6.8121037,-13.905017,3.7422762,11.170506,1.27436,12.565394,10.688794,25.306915,-33.74785,55.32068,13.242935,-4.6959424,15.014881,-23.191547,-49.45959,30.824556,73.811264,-8.226904,4.960757,11.015458
1105,-5.07317590713501,2.666421413421631,77.69193267822266,-1.0731260314990407,-1.7488998367750987,-85.34387712936677,3.3360791,15.37218,8.9025545,8.564248,-7.4891253,-13.409663,9.768503,-3.5356758,-26.884096,6.8112674,-13.913281,3.74479,11.136184,1.3159845,12.5469675,10.717968,25.290312,-33.74578,55.320534,13.251784,-4.697207,15.040181,-23.1116,-49.55462,30.735563,73.81132,-8.225446,4.968048,11.007399
1106,-5.081932067871094,2.6602659225463867,77.69139099121094,-1.0654083471074318,-1.7614859560191785,-85.32937449080114,3.3689756,15.366451,8.893981,8.523797,-7.4530582,-13.469706,9.792625,-3.5353718,-26.891977,6.8106284,-13.92053,3.750519,11.090561,1.3540688,12.527321,10.754011,25.275455,-33.743935,55.317856,13.255605,-4.700161,15.066208,-23.048553,-49.637817,30.680893,73.83196,-8.239207,4.9646964,10.979909
1107,-5.087935924530029,2.6539039611816406,77.69384002685547,-1.0588209171013916,-1.772558356699632,-85.31343438673109,3.397297,15.359044,8.883017,8.488299,-7.418334,-13.522369,9.81573,-3.536331,-26.900108,6.8094745,-13.928422,3.7532635,11.046136,1.3954123,12.507854,10.786186,25.25659,-33.748466,55.31638,13.2590275,-4.7025876,15.087346,-22.9712,-49.74124,30.625874,73.835686,-8.245949,4.9578495,10.955742
1108,-5.091843605041504,2.646371841430664,77.7013931274414,-1.049751329589724,-1.7778446319053935,-85.30220422715296,3.4060142,15.354204,8.874573,8.48369,-7.404022,-13.539278,9.829485,-3.5388181,-26.905651,6.8108087,-13.939462,3.746834,10.9994335,1.4261603,12.475741,10.827075,25.242962,-33.749413,55.31668,13.26409,-4.7008553,15.0985985,-22.922318,-49.81478,30.59243,73.87157,-8.227217,4.9527736,10.941088
1109,-5.099997520446777,2.6364121437072754,77.708740234375,-1.04035495780527,-1.7726125221321352,-85.29891366053782,3.3855908,15.352478,8.8720255,8.522129,-7.4196963,-13.492502,9.827762,-3.5431025,-26.906025,6.8126493,-13.953655,3.7232904,10.965809,1.4624407,12.437718,10.860201,25.221571,-33.756565,55.31994,13.278766,-4.6910286,15.095728,-22.842611,-49.930058,30.544014,73.86664,-8.150992,4.952354,10.965497
1110,-5.104859352111816,2.6266305446624756,77.7119369506836,-1.031256087875365,-1.7600586794672708,-85.29976387330053,3.3449147,15.352,8.8716755,8.589359,-7.454313,-13.404145,9.815865,-3.5491152,-26.903309,6.815718,-13.971015,3.687889,10.932977,1.4865772,12.385788,10.899672,25.205257,-33.761906,55.326313,13.297774,-4.6746173,15.083526,-22.783907,-50.021862,30.519192,73.888374,-8.0418005,4.9517584,11.002184
1111,-5.1101484298706055,2.6162874698638916,77.71234130859375,-1.0216437529956994,-1.7491450026234323,-85.30029945387179,3.3069875,15.351363,8.87121,8.6544285,-7.4877386,-13.319751,9.805447,-3.5555856,-26.901627,6.8201685,-13.988973,3.6547287,10.902114,1.520947,12.340236,10.934011,25.183006,-33.77417,55.331608,13.313734,-4.662388,15.065448,-22.70394,-50.141117,30.470144,73.882126,-7.9420505,4.95231,11.0400505
1112,-5.117960453033447,2.60939884185791,77.7077407836914,-1.0117218371815886,-1.7485856967718958,-85.29622016320646,3.2954054,15.347952,8.868711,8.685136,-7.499458,-13.284887,9.810881,-3.5604668,-26.905437,6.820937,-14.00241,3.63775,10.868906,1.5626276,12.306778,10.965185,25.15767,-33.791603,55.336937,13.321921,-4.6630845,15.047454,-22.61071,-50.2599,30.38139,73.867645,-7.902962,4.953397,11.048809
1113,-5.1267805099487305,2.6070210933685303,77.69976043701172,-1.005763475925604,-1.766369871063763,-85.2852972808966,3.3303611,15.342273,8.863693,8.656194,-7.474689,-13.33351,9.842224,-3.5616179,-26.917585,6.81984,-14.011074,3.6474113,10.826126,1.613815,12.291869,10.998085,25.131594,-33.81341,55.34128,13.309153,-4.6914577,15.029473,-22.51843,-50.361496,30.2464,73.86164,-7.965197,4.955786,11.004092
1114,-5.1346516609191895,2.604588747024536,77.69304656982422,-0.9994211782184079,-1.7960672895120107,-85.27036928071183,3.39656,15.334247,8.857928,8.587227,-7.4261613,-13.433845,9.889883,-3.5612085,-26.935038,6.81767,-14.016477,3.6741254,10.784232,1.6741146,12.291625,11.024352,25.10071,-33.84418,55.34888,13.28495,-4.738525,15.009518,-22.407219,-50.46441,30.058271,73.84463,-8.097233,4.960022,10.926752
1115,-5.140631675720215,2.6021461486816406,77.68859100341797,-0.994505607638481,-1.824206993888343,-85.25383011069671,3.4586997,15.324584,8.850159,8.521025,-7.377072,-13.533761,9.93624,-3.5625823,-26.953579,6.814599,-14.020983,3.7014382,10.740644,1.7318093,12.288389,11.048303,25.069454,-33.877422,55.35941,13.2648325,-4.7773848,14.989611,-22.296938,-50.563637,29.870407,73.82973,-8.229708,4.962682,10.850064
1116,-5.144844055175781,2.5967252254486084,77.68964385986328,-0.9831802066941923,-1.8378930341940563,-85.23838817707232,3.4895158,15.311911,8.841429,8.486516,-7.3438973,-13.580674,9.96346,-3.569652,-26.968752,6.8132377,-14.028667,3.7128334,10.691147,1.774467,12.265117,11.080989,25.043394,-33.900814,55.366158,13.267818,-4.781143,14.970241,-22.212088,-50.650757,29.740559,73.833305,-8.292489,4.9597864,10.80704
1117,-5.148743629455566,2.587728261947632,77.69702911376953,-0.9662020139846872,-1.8267763554162615,-85.22546769043905,3.4624887,15.295767,8.829978,8.514965,-7.341833,-13.541502,9.956425,-3.5863538,-26.977072,6.8146186,-14.040436,3.6972635,10.647473,1.8040379,12.216848,11.106298,25.013672,-33.921112,55.375904,13.312648,-4.7241335,14.946365,-22.114151,-50.76725,29.661837,73.81064,-8.245145,4.95027,10.826208
1118,-5.150662899017334,2.5774729251861572,77.70599365234375,-0.9433347178721845,-1.7999833441224027,-85.21345996557308,3.4019778,15.27652,8.816865,8.575716,-7.3543487,-13.450825,9.928136,-3.6094222,-26.98169,6.818776,-14.055584,3.665715,10.599255,1.82426,12.150819,11.137161,24.984484,-33.9327,55.380077,13.384294,-4.626921,14.91781,-22.027925,-50.892338,29.634745,73.785645,-8.128067,4.9356227,10.8829565
1119,-5.155403137207031,2.565406322479248,77.71477508544922,-0.9212939161929398,-1.7742263852361588,-85.20023008213357,3.341256,15.2564335,8.80322,8.639413,-7.369355,-13.356872,9.900975,-3.6336234,-26.98794,6.8239045,-14.071386,3.6350777,10.546979,1.8465552,12.084795,11.171187,24.954147,-33.9423,55.38298,13.457257,-4.532979,14.89764,-21.945755,-51.0207,29.61155,73.76239,-8.002448,4.9192443,10.94485
1120,-5.159553050994873,2.5551421642303467,77.71793365478516,-0.901869419734137,-1.766206706295959,-85.18366993647659,3.3145463,15.238023,8.790227,8.673041,-7.3720036,-13.308244,9.899272,-3.6528678,-27.001566,6.825159,-14.083948,3.6222975,10.4915085,1.882156,12.035756,11.204683,24.921598,-33.96014,55.390034,13.503221,-4.486008,14.898903,-21.856768,-51.144882,29.544306,73.74373,-7.9271564,4.904308,10.978637
1121,-5.1666154861450195,2.549187660217285,77.71427917480469,-0.8896798030156179,-1.786887205811909,-85.1626954857163,3.344654,15.222392,8.77982,8.656388,-7.355758,-13.332137,9.937707,-3.6642828,-27.026184,6.823879,-14.09373,3.639116,10.432963,1.9369589,12.013742,11.236928,24.88654,-33.994175,55.406048,13.512445,-4.511024,14.937504,-21.755617,-51.259247,29.400404,73.72972,-7.9393134,4.8955803,10.966338
1122,-5.175203800201416,2.5447282791137695,77.70639038085938,-0.8818189065723008,-1.8252321594978478,-85.13868888871555,3.4087493,15.208209,8.770756,8.610605,-7.3291445,-13.397922,10.0013895,-3.6709516,-27.058372,6.8200393,-14.10131,3.6740913,10.374761,2.002678,12.007919,11.264727,24.850447,-34.042454,55.430676,13.499451,-4.580043,15.003124,-21.643404,-51.364693,29.203442,73.723694,-8.002547,4.885624,10.926651
1123,-5.1813154220581055,2.544585943222046,77.69550323486328,-0.8733750392758706,-1.8644451705212077,-85.11311318936608,3.4733632,15.193488,8.7598295,8.564359,-7.300372,-13.467323,10.067075,-3.677696,-27.092098,6.8154387,-14.108801,3.7092795,10.318298,2.067069,12.00257,11.288064,24.815144,-34.09205,55.458954,13.47489,-4.657318,15.069001,-21.52594,-51.466854,29.00002,73.72134,-8.065718,4.8737288,10.882851
1124,-5.1829400062561035,2.538844585418701,77.6913070678711,-0.8596971170134671,-1.8883975772632264,-85.08760121905114,3.5085945,15.175844,8.74474,8.540437,-7.2751365,-13.502228,10.111607,-3.6890507,-27.121214,6.8130193,-14.11878,3.7267833,10.264277,2.119745,11.982897,11.308398,24.781801,-34.12845,55.483036,13.450638,-4.706782,15.108243,-21.408052,-51.572617,28.837425,73.718254,-8.075999,4.856595,10.858648
1125,-5.186642169952393,2.5290045738220215,77.69386291503906,-0.8411923355110693,-1.8875470824528315,-85.06206651081209,3.4958062,15.153897,8.722166,8.554159,-7.255649,-13.48344,10.121748,-3.708235,-27.142597,6.814518,-14.13222,3.7166963,10.2122,2.1556015,11.940475,11.3249655,24.751501,-34.14558,55.500168,13.424312,-4.7152343,15.105368,-21.296034,-51.68823,28.749676,73.71689,-8.00105,4.8291965,10.865025
1126,-5.191849708557129,2.5211663246154785,77.70233154296875,-0.8164869996394354,-1.8725745358513777,-85.03599193298234,3.4538238,15.129442,8.694061,8.591875,-7.239703,-13.434485,10.113172,-3.731232,-27.160286,6.816435,-14.147062,3.6902354,10.158576,2.1832788,11.885211,11.342804,24.72282,-34.146767,55.509285,13.393466,-4.7031736,15.076522,-21.188828,-51.811893,28.711456,73.71639,-7.871417,4.7945623,10.889741
1127,-5.196561813354492,2.5092384815216064,77.7129898071289,-0.7912538463676555,-1.8561875869544822,-85.00968351163277,3.4075675,15.104606,8.665775,8.634808,-7.226134,-13.380668,10.1016655,-3.7557049,-27.177952,6.820807,-14.163714,3.6613855,10.101827,2.2108402,11.8295145,11.364176,24.69361,-34.139515,55.513252,13.363226,-4.685457,15.04374,-21.087961,-51.938705,28.680466,73.71947,-7.7338734,4.758667,10.920076
1128,-5.201635360717773,2.4990952014923096,77.72171783447266,-0.7700253608967191,-1.8514407490438773,-84.98378570245274,3.384455,15.080287,8.643645,8.659358,-7.211549,-13.347336,10.105987,-3.7784972,-27.199686,6.823238,-14.179426,3.6442604,10.040696,2.2445192,11.785371,11.390716,24.66174,-34.13205,55.516396,13.338177,-4.676776,15.029057,-20.989338,-52.06229,28.610643,73.717026,-7.6360846,4.735558,10.9435835
1129,-5.204504489898682,2.490471124649048,77.72476959228516,-0.7498189520953197,-1.8641950377262217,-84.95882054667663,3.3931553,15.057956,8.630605,8.66137,-7.199241,-13.342902,10.13303,-3.7987206,-27.22774,6.8234916,-14.193983,3.6446908,9.975023,2.2869654,11.758199,11.421433,24.625776,-34.128498,55.523006,13.31531,-4.6824994,15.045796,-20.891832,-52.17825,28.476173,73.71092,-7.596851,4.7273636,10.956979
1130,-5.211427211761475,2.4853899478912354,77.72199249267578,-0.7318035804481925,-1.886587277006479,-84.93439719289613,3.4198277,15.035934,8.623373,8.6508255,-7.188912,-13.353329,10.173241,-3.8180375,-27.259508,6.8220415,-14.2084255,3.6544988,9.908338,2.3323228,11.740561,11.451323,24.586773,-34.12773,55.53468,13.292909,-4.6941524,15.080462,-20.793728,-52.288208,28.298983,73.703766,-7.5924935,4.7286806,10.96543
1131,-5.219101905822754,2.48175311088562,77.71575927734375,-0.7142175611153226,-1.9114919327591475,-84.90950595637865,3.4501915,15.014614,8.615771,8.638418,-7.1776347,-13.370144,10.21699,-3.8363962,-27.291971,6.820522,-14.222442,3.6665046,9.84276,2.377953,11.72421,11.479502,24.546574,-34.126846,55.5484,13.278432,-4.705927,15.114605,-20.68962,-52.396027,28.111769,73.69189,-7.5997443,4.735417,10.969284
1132,-5.227628707885742,2.4791383743286133,77.7081527709961,-0.6956111191085922,-1.9319206603455963,-84.88310775632782,3.4739485,14.993257,8.60278,8.627728,-7.159153,-13.385047,10.255371,-3.8537753,-27.321886,6.819882,-14.235877,3.6736217,9.779993,2.4205196,11.701787,11.506141,24.508722,-34.123257,55.559242,13.277676,-4.7119203,15.129727,-20.583263,-52.501564,27.952223,73.68752,-7.5956335,4.735197,10.967716
1133,-5.2364654541015625,2.473280191421509,77.70460510253906,-0.6774867028935561,-1.9461793523057282,-84.85267730496658,3.4872997,14.972135,8.579217,8.620281,-7.1285276,-13.401962,10.28725,-3.8692546,-27.350052,6.8201513,-14.247909,3.674532,9.719976,2.460747,11.671318,11.530594,24.472786,-34.112133,55.565247,13.294381,-4.7130504,15.117018,-20.465809,-52.613235,27.828257,73.68118,-7.5833163,4.727914,10.956027
1134,-5.243675231933594,2.4638051986694336,77.7067642211914,-0.6606831985695991,-1.9580644890249093,-84.81930783451857,3.4984698,14.950837,8.549706,8.610192,-7.0887876,-13.423102,10.317876,-3.8828616,-27.377537,6.819562,-14.258321,3.672846,9.661433,2.5023956,11.638412,11.555417,24.43687,-34.09451,55.56504,13.325493,-4.711864,15.086823,-20.33692,-52.73365,27.719942,73.66732,-7.570378,4.717729,10.938343
1135,-5.249555587768555,2.4560184478759766,77.71151733398438,-0.6425255999588833,-1.968265459867663,-84.7882339371221,3.505544,14.929896,8.521268,8.605978,-7.0518208,-13.437991,10.345039,-3.8969378,-27.401941,6.8203173,-14.269703,3.6687796,9.604093,2.5435703,11.603701,11.580105,24.402449,-34.079636,55.562805,13.365073,-4.7046103,15.050815,-20.211288,-52.85601,27.624477,73.655075,-7.5414925,4.707797,10.925365
1136,-5.253458023071289,2.4474823474884033,77.71812438964844,-0.6236207310219136,-1.9773970164308259,-84.76441163211123,3.5070171,14.910395,8.5011425,8.615005,-7.0290275,-13.436748,10.368088,-3.912757,-27.42098,6.8206043,-14.281615,3.6624591,9.548846,2.58424,11.569286,11.604043,24.369,-34.075817,55.562057,13.409539,-4.687662,15.02048,-20.099396,-52.978897,27.534433,73.64868,-7.482227,4.7018237,10.928948
1137,-5.259335994720459,2.438228130340576,77.72634887695312,-0.6022764003625547,-1.9827621231601067,-84.7518850879234,3.5004172,14.890944,8.495778,8.639558,-7.0270576,-13.40175,10.381654,-3.9330149,-27.43117,6.822339,-14.296331,3.6503727,9.498687,2.6225002,11.532977,11.624782,24.336544,-34.089592,55.565674,13.470255,-4.6487136,14.996283,-20.006533,-53.10234,27.457987,73.651436,-7.3633523,4.7027383,10.960738
1138,-5.264659404754639,2.4311773777008057,77.73078155517578,-0.578673494858613,-1.9849371747831932,-84.74710768954878,3.483288,14.872844,8.498679,8.683053,-7.0422115,-13.343688,10.387817,-3.95572,-27.434885,6.8249006,-14.312412,3.6335618,9.451374,2.6577823,11.493667,11.644918,24.306128,-34.11379,55.570854,13.545339,-4.593292,14.973211,-19.932852,-53.222504,27.401297,73.66959,-7.200719,4.70524,11.009948
1139,-5.272966384887695,2.423672676086426,77.73040008544922,-0.5554785007369409,-1.9896597094115043,-84.74371157367155,3.4732978,14.854614,8.5031805,8.71862,-7.052858,-13.292952,10.396052,-3.9784598,-27.437555,6.8279843,-14.328283,3.6193402,9.403559,2.6955147,11.457803,11.664728,24.274227,-34.141083,55.57673,13.611075,-4.5453377,14.953925,-19.858162,-53.346886,27.334965,73.680984,-7.0487175,4.71003,11.060143
1140,-5.284065246582031,2.4174282550811768,77.728271484375,-0.5341873192718548,-2.0028182687015166,-84.73551805333885,3.483076,14.835476,8.501275,8.729893,-7.043087,-13.280085,10.417581,-3.9979575,-27.444992,6.8293257,-14.342482,3.6150227,9.350747,2.735367,11.430356,11.686802,24.243164,-34.163765,55.58188,13.641078,-4.5282373,14.941449,-19.780973,-53.460636,27.23706,73.693245,-6.9670124,4.709403,11.089503
1141,-5.295492172241211,2.414639949798584,77.72212219238281,-0.5147151106691482,-2.031418692016434,-84.71973913650723,3.526583,14.815552,8.488735,8.701913,-7.0007153,-13.33312,10.461499,-4.0128107,-27.460619,6.828643,-14.35322,3.629463,9.291586,2.7816472,11.419593,11.710094,24.211437,-34.18064,55.58591,13.614721,-4.561972,14.939426,-19.689823,-53.56445,27.079414,73.699104,-6.99514,4.6988683,11.08441
1142,-5.3069748878479,2.408362627029419,77.71607208251953,-0.4962228189087095,-2.070558317387339,-84.69997513672443,3.5964217,14.794126,8.471348,8.641184,-6.933683,-13.428951,10.521025,-4.02498,-27.480724,6.824874,-14.360966,3.6565309,9.231789,2.8306487,11.420838,11.730021,24.179535,-34.198605,55.592667,13.550425,-4.6292105,14.945768,-19.583084,-53.66286,26.87272,73.697235,-7.096012,4.682323,11.057303
1143,-5.3162126541137695,2.404766321182251,77.71336364746094,-0.47870353894561485,-2.1078851497785585,-84.67994254902135,3.6620283,14.773557,8.452743,8.584831,-6.867848,-13.522181,10.5773325,-4.0367393,-27.500555,6.8239217,-14.370112,3.680798,9.165898,2.8722293,11.416438,11.759071,24.155191,-34.211235,55.596245,13.479243,-4.6978755,14.953828,-19.504166,-53.7378,26.688368,73.720314,-7.206426,4.6660132,11.027086
1144,-5.322644233703613,2.4014034271240234,77.71672058105469,-0.460862534094596,-2.131453326171648,-84.66297795909293,3.696187,14.755569,8.437479,8.563853,-6.825291,-13.567089,10.615506,-4.0492206,-27.515678,6.822665,-14.379705,3.6870592,9.116455,2.9113536,11.400854,11.770546,24.12801,-34.238747,55.6115,13.437017,-4.7367287,14.959363,-19.386648,-53.836407,26.5012,73.70975,-7.2656374,4.65891,11.022202
1145,-5.331133842468262,2.392761707305908,77.72494506835938,-0.4385256356596655,-2.132382611301705,-84.65042371648296,3.6813967,14.739801,8.427192,8.593873,-6.816384,-13.532777,10.621546,-4.065406,-27.52251,6.8263617,-14.393497,3.6629107,9.071546,2.940679,11.359697,11.78026,24.104864,-34.274933,55.629868,13.434624,-4.7277393,14.956999,-19.282724,-53.94141,26.383245,73.70275,-7.2382603,4.6664586,11.058805
1146,-5.340012550354004,2.3813536167144775,77.73603820800781,-0.4151374109261452,-2.118729661156489,-84.64008713406962,3.634428,14.725718,8.419025,8.658225,-6.828932,-13.449749,10.6079645,-4.0831394,-27.524529,6.8312244,-14.408628,3.6192853,9.0241,2.9593406,11.299669,11.795908,24.08737,-34.310238,55.648285,13.454318,-4.690731,14.950493,-19.206955,-54.036774,26.325176,73.71425,-7.162389,4.6830754,11.1178665
1147,-5.35219669342041,2.3689043521881104,77.74493408203125,-0.3938790134904139,-2.104876734825534,-84.63117157815576,3.587312,14.713605,8.413084,8.72315,-6.8427997,-13.364996,10.594304,-4.098854,-27.526419,6.836061,-14.423778,3.5758195,8.97945,2.9863043,11.242389,11.809358,24.065811,-34.345364,55.664474,13.478348,-4.6517577,14.945766,-19.115318,-54.153538,26.256393,73.704346,-7.0775285,4.6984057,11.180988
1148,-5.364421367645264,2.36030912399292,77.74687194824219,-0.3761757875567986,-2.1049687134954316,-84.62253840707443,3.5693383,14.704276,8.4085455,8.761439,-6.841647,-13.325324,10.599077,-4.109204,-27.533472,6.8382797,-14.435363,3.5520306,8.932084,3.0215223,11.2013645,11.828044,24.041943,-34.36528,55.67569,13.491278,-4.635645,14.95023,-19.026333,-54.26293,26.146479,73.69777,-7.035485,4.7008047,11.215691
1149,-5.377719402313232,2.356553316116333,77.74239349365234,-0.36410724877191475,-2.1287228774966835,-84.61466243589764,3.6043072,14.697912,8.408025,8.746863,-6.8115044,-13.360157,10.635828,-4.1117697,-27.549168,6.836862,-14.4419985,3.561404,8.882552,3.068694,11.18583,11.854981,24.014263,-34.362637,55.681755,13.484874,-4.660215,14.974221,-18.93322,-54.359615,25.97008,73.6931,-7.057063,4.683287,11.204559
1150,-5.391916275024414,2.3567936420440674,77.73321533203125,-0.35799479742936674,-2.166426679464996,-84.60775872990295,3.6704547,14.694335,8.410775,8.701669,-6.764916,-13.438838,10.691931,-4.1084385,-27.570192,6.8309817,-14.443689,3.590635,8.833833,3.122163,11.185842,11.883539,23.984074,-34.347565,55.688282,13.468202,-4.708276,15.011886,-18.8362,-54.444386,25.748405,73.69035,-7.1176147,4.6532187,11.164001
1151,-5.405834674835205,2.3563146591186523,77.7247085571289,-0.35182392556850894,-2.2036785773307024,-84.60084217385347,3.7340808,14.692097,8.4124775,8.660096,-6.719579,-13.518395,10.745882,-4.104425,-27.59074,6.8287377,-14.447939,3.6197295,8.785233,3.1743414,11.185442,11.908969,23.953981,-34.332188,55.697094,13.452725,-4.752259,15.045298,-18.741587,-54.522854,25.519804,73.69088,-7.1856694,4.6208096,11.1174965
1152,-5.416441440582275,2.3538031578063965,77.7220458984375,-0.34266708475827384,-2.2262338063330565,-84.59331535926883,3.7659736,14.688928,8.409938,8.6473465,-6.687789,-13.555748,10.780821,-4.103498,-27.605392,6.825424,-14.453853,3.6285806,8.728042,3.2137218,11.166727,11.940431,23.931852,-34.31849,55.700687,13.451129,-4.764534,15.054755,-18.686157,-54.58327,25.351177,73.71958,-7.2272825,4.595444,11.086389
1153,-5.426934719085693,2.348675489425659,77.72703552246094,-0.3263473548521456,-2.2246783997939303,-84.58449528957325,3.7473574,14.682843,8.40018,8.67807,-6.674373,-13.524301,10.780976,-4.110436,-27.610258,6.828072,-14.466133,3.6057377,8.668355,3.2361536,11.122243,11.964669,23.916183,-34.316803,55.70569,13.473415,-4.7225046,15.025403,-18.648932,-54.639362,25.245588,73.75925,-7.2220793,4.5818696,11.080588
1154,-5.439777374267578,2.3405072689056396,77.7367172241211,-0.3083611465547893,-2.208288918838102,-84.57504571321672,3.6953857,14.67582,8.385208,8.740934,-6.674905,-13.451997,10.760347,-4.1213923,-27.609133,6.8330235,-14.481293,3.563955,8.615699,3.2606564,11.07001,11.972924,23.896328,-34.329838,55.711475,13.512562,-4.6467724,14.96974,-18.579723,-54.72993,25.136187,73.76299,-7.191694,4.575399,11.097285
1155,-5.456098556518555,2.329813241958618,77.74629211425781,-0.29125033739413847,-2.1916041618585016,-84.56571935472174,3.6405337,14.671209,8.370426,8.807923,-6.679496,-13.377793,10.739315,-4.130113,-27.60726,6.837587,-14.497175,3.5195827,8.5639515,3.292371,11.019812,11.979495,23.874208,-34.34772,55.71437,13.551395,-4.5734816,14.913119,-18.499619,-54.83864,25.014357,73.74992,-7.1636267,4.5698805,11.122799
1156,-5.469169616699219,2.3238604068756104,77.75239562988281,-0.27772187777580176,-2.1889329146691106,-84.55755030488518,3.6162908,14.671701,8.362029,8.84643,-6.676688,-13.340723,10.737656,-4.131013,-27.609982,6.8393755,-14.510696,3.4890842,8.50676,3.3287683,10.981628,11.996223,23.85369,-34.357025,55.7161,13.574962,-4.5384235,14.88229,-18.435501,-54.93173,24.86876,73.74839,-7.172909,4.559415,11.137057
1157,-5.484115123748779,2.319091320037842,77.7518539428711,-0.27493077857691656,-2.207991243210793,-84.55212898983184,3.637545,14.680338,8.364721,8.846139,-6.6663995,-13.35912,10.764862,-4.1208854,-27.6187,6.839433,-14.521907,3.4798644,8.449284,3.3773453,10.964675,12.019968,23.830885,-34.360855,55.721043,13.575708,-4.563548,14.890747,-18.367783,-55.017387,24.651981,73.74294,-7.254567,4.542529,11.135908
1158,-5.501654624938965,2.3210792541503906,77.74459838867188,-0.27564351380300495,-2.2398207468091256,-84.5485370413675,3.6841044,14.695052,8.374016,8.826033,-6.6545186,-13.409522,10.810082,-4.1024656,-27.630953,6.8361154,-14.530846,3.4820402,8.387098,3.4291773,10.957339,12.053114,23.81016,-34.35838,55.727108,13.562399,-4.6251535,14.922485,-18.317163,-55.08273,24.40785,73.7518,-7.3816376,4.5217695,11.123257
1159,-5.517547130584717,2.3202266693115234,77.7359619140625,-0.2782638351610311,-2.273616601341033,-84.54357904628887,3.734977,14.7105875,8.382316,8.799698,-6.638945,-13.468296,10.857121,-4.082744,-27.644577,6.8326893,-14.538832,3.4865131,8.336028,3.4806244,10.956835,12.069891,23.78814,-34.36572,55.74225,13.547139,-4.6918364,14.961302,-18.228294,-55.157192,24.122461,73.734375,-7.508574,4.500543,11.110804
1160,-5.537023067474365,2.3191983699798584,77.72760772705078,-0.27861080385048476,-2.2985266027504117,-84.53429454536736,3.7669792,14.722766,8.381128,8.784742,-6.6195908,-13.511972,10.892374,-4.0663333,-27.657713,6.8305774,-14.547828,3.4839075,8.280715,3.52237,10.948806,12.085394,23.771627,-34.371475,55.751644,13.538903,-4.7318625,14.987683,-18.15801,-55.22672,23.89148,73.731255,-7.5789285,4.4793653,11.1068325
1161,-5.557246208190918,2.3186256885528564,77.72514343261719,-0.2733808938899973,-2.311344182891772,-84.51633271224597,3.7727427,14.728327,8.362688,8.784143,-6.5903683,-13.538088,10.911355,-4.0559173,-27.672075,6.8300834,-14.557605,3.4724228,8.225661,3.5532007,10.933536,12.087756,23.759527,-34.382263,55.7592,13.540685,-4.733794,14.9974165,-18.075724,-55.30626,23.706816,73.714386,-7.5736403,4.462129,11.116892
1162,-5.575225353240967,2.317493438720703,77.72730255126953,-0.2662205229057509,-2.317887895252608,-84.49261850911574,3.765475,14.730145,8.333408,8.78854,-6.5533514,-13.557787,10.922187,-4.048398,-27.68792,6.8301497,-14.567548,3.456845,8.163619,3.5755775,10.913358,12.090101,23.75246,-34.390133,55.761253,13.546197,-4.715483,14.999392,-18.014952,-55.381763,23.575668,73.71419,-7.5187845,4.4415283,11.134015
1163,-5.5905351638793945,2.3165791034698486,77.73079681396484,-0.25833206018875726,-2.3215750239323785,-84.47038032724772,3.7527652,14.733364,8.306154,8.797244,-6.520107,-13.568214,10.927988,-4.0402956,-27.701303,6.830207,-14.57696,3.437709,8.107072,3.6016831,10.896081,12.087838,23.746365,-34.400738,55.756252,13.554435,-4.6899123,14.996313,-17.937181,-55.475506,23.438492,73.69602,-7.4385076,4.421146,11.160385
1164,-5.606629371643066,2.3145790100097656,77.7367935180664,-0.2547346424730136,-2.3252458437317927,-84.45698220906317,3.7402413,14.743591,8.293237,8.813689,-6.505108,-13.566786,10.932149,-4.027948,-27.70846,6.8303995,-14.586411,3.4154773,8.050651,3.6301537,10.878639,12.092652,23.74105,-34.405384,55.74602,13.562593,-4.6693,14.9926195,-17.88609,-55.560368,23.308363,73.69823,-7.3574324,4.4002185,11.186495
1165,-5.623809814453125,2.314319372177124,77.74069213867188,-0.25744123758045534,-2.3277297678762254,-84.45729618379208,3.7249134,14.764471,8.3026495,8.846543,-6.5221334,-13.540298,10.931303,-4.0096793,-27.705112,6.8313646,-14.596081,3.3855894,7.998835,3.6640425,10.860489,12.1023,23.73554,-34.406666,55.730602,13.567729,-4.6524363,14.988768,-17.85659,-55.64116,23.178041,73.71675,-7.259868,4.3785715,11.218223
1166,-5.640376091003418,2.3139586448669434,77.74076843261719,-0.2633654440819647,-2.3280946158008584,-84.46660941550786,3.7056684,14.792611,8.326246,8.88995,-6.5592785,-13.494499,10.925689,-3.987443,-27.694408,6.832834,-14.606229,3.3493817,7.949438,3.6995628,10.840634,12.114804,23.730095,-34.404247,55.711807,13.573166,-4.634183,14.983609,-17.848545,-55.715527,23.057125,73.75235,-7.1428747,4.3562984,11.254533
1167,-5.657832145690918,2.314551830291748,77.7391357421875,-0.2690161802149146,-2.3299582807980377,-84.47730189298464,3.689501,14.822249,8.3519945,8.930992,-6.595702,-13.454298,10.921717,-3.9634955,-27.6836,6.833142,-14.614975,3.316143,7.90722,3.7408898,10.82837,12.1193695,23.72295,-34.407463,55.69236,13.580436,-4.621548,14.976348,-17.816164,-55.806545,22.90511,73.76912,-7.0419664,4.332254,11.289328
1168,-5.676870346069336,2.3181509971618652,77.73294067382812,-0.2738491379992097,-2.337002413192115,-84.48136762637633,3.6860929,14.847344,8.368265,8.950839,-6.606711,-13.444571,10.925846,-3.9407847,-27.68007,6.8332343,-14.622203,3.2951906,7.852959,3.7726374,10.816755,12.130402,23.717562,-34.402622,55.679058,13.592007,-4.620437,14.968214,-17.820532,-55.864758,22.776136,73.81574,-6.995853,4.311499,11.300516
1169,-5.698501110076904,2.324230670928955,77.72635650634766,-0.2774047081707766,-2.355176928442475,-84.47396385548548,3.7073944,14.864817,8.368774,8.933672,-6.5771294,-13.488188,10.94747,-3.9194095,-27.69,6.8309364,-14.626305,3.2970686,7.7916045,3.8015752,10.817636,12.139337,23.7123,-34.396145,55.67213,13.61244,-4.6420054,14.9602,-17.818132,-55.913662,22.618858,73.85832,-7.0415387,4.2910085,11.28149
1170,-5.718771934509277,2.32969331741333,77.71817016601562,-0.28057846146480564,-2.3806258601450048,-84.45985280952695,3.7410097,14.879872,8.359546,8.901069,-6.526712,-13.566757,10.980903,-3.897047,-27.708216,6.8257027,-14.627467,3.314004,7.7399845,3.8316553,10.833605,12.130904,23.706419,-34.399162,55.674335,13.640573,-4.679792,14.952723,-17.76234,-55.972588,22.386843,73.86353,-7.158391,4.271894,11.243244
1171,-5.735679626464844,2.3374531269073486,77.71379089355469,-0.28344184876269607,-2.40297524928031,-84.44734817725822,3.7736278,14.893788,8.351873,8.864083,-6.471512,-13.642349,11.009209,-3.876053,-27.724579,6.8221154,-14.628934,3.3283887,7.703794,3.8600779,10.852632,12.105915,23.70243,-34.417057,55.68151,13.665114,-4.7144074,14.941693,-17.66045,-56.044426,22.118837,73.83405,-7.2772555,4.258985,11.206504
1172,-5.754761219024658,2.3420863151550293,77.7156982421875,-0.2845629033015679,-2.411778172333633,-84.44417906957916,3.7805026,14.911151,8.353764,8.8559265,-6.4384694,-13.67771,11.01666,-3.856279,-27.72908,6.8205695,-14.631333,3.322189,7.6594386,3.8790853,10.852664,12.094997,23.701984,-34.424847,55.68073,13.67878,-4.7265387,14.922301,-17.631859,-56.096653,21.955341,73.85795,-7.3248663,4.2469077,11.186183
1173,-5.772555828094482,2.344162940979004,77.72358703613281,-0.2836115131626946,-2.397351608893276,-84.45463838005426,3.7431803,14.933004,8.368763,8.896284,-6.440973,-13.644795,10.989175,-3.8398552,-27.716003,6.823466,-14.636524,3.2808576,7.632247,3.8911266,10.837319,12.071872,23.705973,-34.44328,55.673378,13.678733,-4.7024198,14.88515,-17.58857,-56.168514,21.833206,73.867805,-7.275996,4.239465,11.200404
1174,-5.7895073890686035,2.342725992202759,77.73408508300781,-0.2810211429752386,-2.3676605529608192,-84.47370570123405,3.6794307,14.956932,8.392323,8.96252,-6.4616885,-13.569674,10.939184,-3.8257492,-27.691608,6.82821,-14.642265,3.2171507,7.610603,3.9040403,10.811824,12.050665,23.713978,-34.464996,55.649918,13.668272,-4.6554327,14.832845,-17.548792,-56.265186,21.75668,73.86607,-7.1631603,4.239664,11.24214
1175,-5.809237480163574,2.3418045043945312,77.74125671386719,-0.2790122573788378,-2.338078227051468,-84.49584426373734,3.6168487,14.982612,8.419787,9.028681,-6.4844904,-13.49567,10.888608,-3.8101125,-27.664343,6.8323298,-14.647712,3.154521,7.583206,3.9142134,10.783192,12.036365,23.720951,-34.478844,55.62772,13.653956,-4.607229,14.785986,-17.546015,-56.346638,21.716679,73.88985,-7.0322795,4.241098,11.282604
1176,-5.828928470611572,2.343311071395874,77.74050903320312,-0.2807069857032523,-2.3241614092907463,-84.51552617269431,3.5877986,15.008676,8.447802,9.060131,-6.488912,-13.465765,10.859541,-3.7899761,-27.642763,6.8347797,-14.652121,3.1164696,7.5517974,3.9323459,10.768439,12.032051,23.724884,-34.48213,55.605354,13.643554,-4.57975,14.761525,-17.550678,-56.420254,21.650877,73.9177,-6.9246855,4.2407055,11.306817
1177,-5.848224639892578,2.3536174297332764,77.7316665649414,-0.2898674704924472,-2.336593291904498,-84.53192230691663,3.6104774,15.03616,8.477051,9.043839,-6.4688506,-13.508388,10.866843,-3.7623127,-27.629879,6.832164,-14.653458,3.1190379,7.5164127,3.9610898,10.7758875,12.036735,23.723833,-34.475674,55.590878,13.632582,-4.5855746,14.773412,-17.563353,-56.47469,21.533714,73.95466,-6.851465,4.237162,11.299482
1178,-5.869839191436768,2.3617029190063477,77.7194595336914,-0.3017013472018829,-2.364995852167999,-84.54779781274048,3.6658602,15.065206,8.509149,8.996608,-6.4338474,-13.59482,10.895502,-3.729699,-27.62077,6.8284717,-14.6546955,3.1465285,7.4933743,3.9993145,10.803121,12.031339,23.718279,-34.473812,55.586246,13.620588,-4.6109366,14.809661,-17.530708,-56.53619,21.335693,73.960785,-6.796514,4.233472,11.276167
1179,-5.888166904449463,2.3747873306274414,77.71074676513672,-0.3141470234072903,-2.3926779328689816,-84.56308100082855,3.721012,15.093883,8.540009,8.947038,-6.3963556,-13.683091,10.923282,-3.6968653,-27.612326,6.8232527,-14.6537075,3.174482,7.4624577,4.0311527,10.823512,12.034372,23.712463,-34.464123,55.585224,13.612913,-4.637226,14.850931,-17.539778,-56.574184,21.177935,74.00023,-6.7500525,4.2295566,11.24982
1180,-5.904598236083984,2.3841352462768555,77.70935821533203,-0.3241607243405771,-2.402989248953455,-84.5778521475236,3.7413592,15.121427,8.565048,8.92663,-6.370281,-13.731494,10.9269905,-3.6686485,-27.600943,6.8221955,-14.65331,3.1785376,7.442615,4.053987,10.834159,12.01904,23.706242,-34.462406,55.589664,13.619892,-4.6469183,14.878195,-17.502525,-56.627594,21.00995,74.00362,-6.71642,4.229373,11.244683
1181,-5.9206929206848145,2.3874051570892334,77.71489715576172,-0.32682572642260344,-2.385350525355996,-84.59105162746476,3.7062201,15.146257,8.579604,8.950644,-6.3597655,-13.715643,10.892872,-3.6477537,-27.585155,6.8236694,-14.65076,3.1450965,7.416308,4.0606956,10.816537,12.004328,23.703703,-34.457,55.58863,13.649089,-4.6256204,14.880469,-17.491795,-56.677544,20.925636,74.02143,-6.690807,4.233289,11.271855
1182,-5.936598300933838,2.3902814388275146,77.72494506835938,-0.32790808305240843,-2.3504945336955747,-84.6030161179898,3.6365974,15.16966,8.586901,9.002756,-6.358817,-13.662284,10.835356,-3.631202,-27.56718,6.828202,-14.64778,3.0895226,7.387358,4.0611157,10.785597,11.990091,23.702972,-34.44666,55.579384,13.696113,-4.5864763,14.868561,-17.481049,-56.740726,20.880373,74.02914,-6.6711426,4.2405906,11.323478
1183,-5.953602313995361,2.3917739391326904,77.73269653320312,-0.3302215942225486,-2.314775410949455,-84.61582909981333,3.5639849,15.194117,8.595227,9.060017,-6.3623486,-13.606158,10.776909,-3.6142302,-27.54862,6.831665,-14.643819,3.0309,7.357659,4.0718274,10.757924,11.982122,23.701702,-34.43721,55.556797,13.737729,-4.552069,14.853559,-17.46521,-56.830975,20.838253,74.02283,-6.649715,4.246593,11.387494
1184,-5.97074556350708,2.3956151008605957,77.73798370361328,-0.3356889174519856,-2.2946339818704695,-84.6318076375379,3.5240252,15.221798,8.613695,9.090431,-6.360204,-13.582304,10.738665,-3.5920267,-27.531677,6.8336945,-14.640853,2.988068,7.3258224,4.082458,10.737374,11.982664,23.699434,-34.427696,55.543476,13.755953,-4.5430346,14.8532295,-17.481754,-56.889656,20.796066,74.053535,-6.6281,4.2466927,11.427066
1185,-5.986259460449219,2.4048051834106445,77.73485565185547,-0.3479034666397498,-2.2981572654713442,-84.65502584979548,3.5328715,15.255847,8.650657,9.085203,-6.354711,-13.608925,10.731197,-3.5613918,-27.514923,6.831851,-14.638241,2.9680269,7.2978373,4.110037,10.738894,11.994786,23.693766,-34.419937,55.527905,13.736996,-4.57837,14.874775,-17.502314,-56.95138,20.708479,74.09133,-6.601068,4.2385273,11.445394
1186,-6.006590843200684,2.4171364307403564,77.72786712646484,-0.36428805832843314,-2.3153738764172567,-84.68303994498463,3.571287,15.294328,8.699738,9.056479,-6.3464975,-13.664511,10.74054,-3.5253735,-27.497988,6.830876,-14.637978,2.9599037,7.27891,4.145662,10.753844,12.005146,23.684544,-34.42015,55.519253,13.694379,-4.641901,14.911173,-17.507465,-57.012234,20.575254,74.12516,-6.5770044,4.2256737,11.449804
1187,-6.02315616607666,2.4288973808288574,77.71869659423828,-0.38087665421311284,-2.3355713069150035,-84.7085023418686,3.610501,15.331836,8.745552,9.03129,-6.339421,-13.723908,10.754923,-3.4896934,-27.483845,6.8283706,-14.637221,2.9564707,7.2666206,4.181521,10.771622,12.005128,23.673069,-34.432293,55.5194,13.648496,-4.704827,14.9467,-17.487549,-57.07681,20.421268,74.147,-6.5567255,4.2117033,11.450118
1188,-6.038794040679932,2.4367382526397705,77.71148681640625,-0.3926793559261065,-2.3482891760140556,-84.7242062571773,3.632734,15.360314,8.775848,9.014436,-6.3253913,-13.761729,10.761259,-3.4618762,-27.474777,6.8262773,-14.635421,2.9506562,7.245295,4.2036147,10.777812,12.005259,23.665092,-34.444695,55.520206,13.6215105,-4.737962,14.964685,-17.483139,-57.12829,20.320608,74.18306,-6.537046,4.1995873,11.452756
1189,-6.053008079528809,2.446052312850952,77.7099838256836,-0.39833940941611024,-2.349795733777053,-84.7247064048802,3.6230185,15.377975,8.779649,9.022051,-6.305175,-13.77017,10.755446,-3.4437325,-27.473795,6.825908,-14.633169,2.942271,7.219006,4.2142563,10.773631,11.993556,23.659502,-34.466587,55.521557,13.620971,-4.7262783,14.952617,-17.45639,-57.19016,20.262106,74.20086,-6.5177326,4.1904507,11.46668
1190,-6.065672874450684,2.451343536376953,77.71290588378906,-0.39870910132949905,-2.3461544227393825,-84.71519321984816,3.59613,15.388265,8.766709,9.043257,-6.2803597,-13.7629175,10.745467,-3.4316468,-27.478565,6.8249207,-14.629992,2.9346502,7.191816,4.229072,10.767662,11.975455,23.653345,-34.500244,55.51437,13.632778,-4.6883736,14.91945,-17.400557,-57.283794,20.219189,74.19045,-6.494753,4.182145,11.495512
1191,-6.075233459472656,2.4559757709503174,77.717529296875,-0.398242403467377,-2.341168257012756,-84.7034541693467,3.5645742,15.396296,8.751066,9.069273,-6.2579265,-13.747851,10.733313,-3.42261,-27.484764,6.82538,-14.627295,2.9254398,7.1610575,4.2410836,10.758368,11.960724,23.647598,-34.532967,55.506817,13.650235,-4.644806,14.885657,-17.35352,-57.376175,20.191736,74.18723,-6.4696503,4.17484,11.524109
1192,-6.0843825340271,2.459197998046875,77.72490692138672,-0.3984165482280916,-2.338948307076341,-84.69745428361612,3.542141,15.406921,8.7472105,9.089728,-6.244368,-13.732551,10.724284,-3.4118285,-27.488285,6.825079,-14.625697,2.9121616,7.129229,4.2532916,10.74844,11.955043,23.641373,-34.56004,55.50077,13.663681,-4.6166744,14.870774,-17.327627,-57.454693,20.156216,74.20333,-6.442903,4.1686525,11.546023
1193,-6.095520973205566,2.464726686477661,77.73001861572266,-0.40040835960083837,-2.340061258388574,-84.70070151224262,3.5264585,15.423147,8.759363,9.113934,-6.2511225,-13.7123995,10.718096,-3.3984668,-27.487446,6.825449,-14.627189,2.889686,7.098638,4.267953,10.737591,11.9601345,23.633835,-34.581932,55.49776,13.676985,-4.6097136,14.88418,-17.322145,-57.521965,20.101969,74.23735,-6.412171,4.1665645,11.562347
1194,-6.1070756912231445,2.470172643661499,77.73148345947266,-0.4034029991017373,-2.342413050199566,-84.70829923496588,3.512174,15.442101,8.779447,9.143904,-6.2718925,-13.685389,10.712658,-3.3842218,-27.484734,6.825808,-14.629534,2.860692,7.0692487,4.28325,10.725284,11.968394,23.625269,-34.604706,55.4996,13.690842,-4.612662,14.914839,-17.325,-57.582943,20.034758,74.28018,-6.380203,4.167602,11.575508
1195,-6.117519855499268,2.4741270542144775,77.73011016845703,-0.407710388683276,-2.3462354754848764,-84.71614834036231,3.5020978,15.46026,8.802584,9.169169,-6.2915845,-13.66398,10.70871,-3.3708398,-27.48168,6.826651,-14.6320915,2.8348386,7.0496993,4.306562,10.718306,11.96871,23.61079,-34.633892,55.503403,13.699328,-4.6216893,14.948652,-17.29136,-57.665024,19.925774,74.29984,-6.3486967,4.166604,11.589519
1196,-6.132269859313965,2.4816224575042725,77.72370910644531,-0.40873595994262046,-2.351690860969432,-84.72018379278539,3.5024538,15.47361,8.824452,9.173579,-6.292589,-13.660184,10.707954,-3.359486,-27.479868,6.8267927,-14.633148,2.821594,7.0239916,4.3190966,10.710247,11.974981,23.600126,-34.651478,55.506832,13.693879,-4.631667,14.973358,-17.284063,-57.718983,19.8456,74.35104,-6.3181615,4.1566777,11.587154
1197,-6.146476745605469,2.4915313720703125,77.71456909179688,-0.4102096983912216,-2.3615310398546567,-84.71832454312703,3.5158079,15.481769,8.843351,9.156141,-6.269022,-13.690905,10.714421,-3.3495834,-27.479692,6.8246164,-14.630392,2.8310544,7.0041156,4.336401,10.7125225,11.974418,23.58533,-34.667984,55.507507,13.6640625,-4.647746,14.988238,-17.242159,-57.78703,19.738352,74.3867,-6.285175,4.132531,11.573608
1198,-6.154839515686035,2.504167079925537,77.70931243896484,-0.4111864485046665,-2.3749077057996053,-84.71330104430871,3.5396786,15.486654,8.861954,9.123137,-6.2301335,-13.74517,10.725977,-3.3409758,-27.480139,6.8227496,-14.626726,2.8556364,6.9895296,4.3581333,10.722704,11.968345,23.566133,-34.68457,55.507675,13.616804,-4.670441,14.999272,-17.174295,-57.864048,19.604244,74.41164,-6.252271,4.0987754,11.551668
1199,-6.159758567810059,2.51492977142334,77.70848083496094,-0.4110195868150511,-2.385683161442699,-84.70708980666217,3.5578468,15.4903965,8.878719,9.094435,-6.193615,-13.793467,10.734621,-3.3334875,-27.481514,6.8201704,-14.622464,2.8782134,6.9674506,4.3692183,10.724827,11.972592,23.553003,-34.69045,55.505604,13.571226,-4.6885524,15.001614,-17.145206,-57.91468,19.513065,74.47177,-6.220619,4.064483,11.523487
1200,-6.162984848022461,2.5202388763427734,77.71302795410156,-0.41187582384878985,-2.3878927684444933,-84.7019791697791,3.5559387,15.495915,8.892431,9.087416,-6.1756625,-13.80643,10.732219,-3.326604,-27.483723,6.8190517,-14.620343,2.8817072,6.9562154,4.3854904,10.721474,11.964259,23.534266,-34.7047,55.50849,13.550416,-4.6930346,14.989729,-17.075628,-57.9904,19.400068,74.49942,-6.195114,4.0416145,11.515163
1201,-6.168109893798828,2.521253824234009,77.72185516357422,-0.4112918646655859,-2.374166277506935,-84.70023096442436,3.5144768,15.50483,8.901497,9.126593,-6.192784,-13.756783,10.707657,-3.3220112,-27.48521,6.8214297,-14.621469,2.85239,6.9456835,4.39103,10.696256,11.958754,23.520525,-34.71392,55.51183,13.564967,-4.6716056,14.95134,-17.02807,-58.05635,19.339653,74.54442,-6.1761613,4.0330205,11.5285635
1202,-6.1738481521606445,2.523089647293091,77.73126220703125,-0.40999257380562587,-2.349863635815093,-84.70013139059975,3.451874,15.513926,8.908788,9.185366,-6.2266073,-13.666575,10.669933,-3.3191192,-27.48612,6.8231115,-14.623402,2.8024776,6.936646,4.391675,10.658349,11.954202,23.508675,-34.719673,55.51377,13.601515,-4.633063,14.892373,-16.987572,-58.124653,19.308716,74.59427,-6.1615243,4.033049,11.55857
1203,-6.178675174713135,2.526304006576538,77.73645782470703,-0.41067897970000194,-2.326948056681404,-84.69779310190614,3.3865716,15.524556,8.91225,9.2514715,-6.266278,-13.580832,10.63353,-3.3155978,-27.490528,6.8282495,-14.627368,2.7536793,6.9241114,4.3997355,10.622423,11.954461,23.494883,-34.72507,55.510887,13.643247,-4.596884,14.835051,-16.946537,-58.20161,19.276985,74.63932,-6.142431,4.036644,11.588687
1204,-6.185797214508057,2.5325675010681152,77.73384857177734,-0.41279918098480667,-2.3183350088665873,-84.6894708925226,3.3547664,15.532991,8.915377,9.277911,-6.282584,-13.543927,10.6189,-3.3090534,-27.50162,6.828615,-14.628436,2.7278461,6.8959155,4.396496,10.592832,11.9706955,23.490341,-34.72452,55.51133,13.671279,-4.5806656,14.805721,-16.955763,-58.22374,19.258913,74.72981,-6.1202226,4.0381284,11.578743
1205,-6.190612316131592,2.543161153793335,77.724609375,-0.4211153266439706,-2.334094107373745,-84.67349278152358,3.3768516,15.539737,8.917822,9.245611,-6.263771,-13.589729,10.639107,-3.2966666,-27.52273,6.825291,-14.626041,2.7390013,6.8653703,4.4337015,10.601413,11.98556,23.466372,-34.733776,55.503624,13.686849,-4.6033,14.815379,-16.90051,-58.304684,19.135256,74.75445,-6.0772867,4.039068,11.551979
1206,-6.1965203285217285,2.555415153503418,77.71223449707031,-0.43226561658940854,-2.3648610790002613,-84.65185937638485,3.431907,15.545062,8.918736,9.177265,-6.224417,-13.687159,10.681063,-3.2812836,-27.551472,6.819564,-14.621546,2.7727735,6.8154464,4.4619284,10.614492,12.024876,23.453714,-34.734947,55.49277,13.691051,-4.6474447,14.852879,-16.918081,-58.33102,19.04595,74.84082,-6.0242324,4.038764,11.485805
1207,-6.20107889175415,2.566314220428467,77.7042007446289,-0.4426079188653465,-2.3952154704388593,-84.62728329993088,3.4825459,15.5506525,8.917545,9.114277,-6.1882277,-13.783588,10.723221,-3.265778,-27.58178,6.813172,-14.617115,2.8084424,6.7857184,4.4944553,10.636435,12.027741,23.426245,-34.756695,55.50965,13.6971,-4.6908975,14.895424,-16.830612,-58.380028,18.858395,74.85405,-5.9849405,4.041418,11.418314
1208,-6.202363014221191,2.5748963356018066,77.70298767089844,-0.449697776356746,-2.409666827433519,-84.6023890920187,3.5020254,15.554443,8.9166765,9.07857,-6.1698785,-13.825973,10.743093,-3.2557447,-27.607924,6.810002,-14.616444,2.8255076,6.74729,4.5104675,10.633756,12.045334,23.41255,-34.77433,55.514927,13.697543,-4.706814,14.913504,-16.800043,-58.405956,18.766699,74.910286,-5.9570627,4.03962,11.366102
1209,-6.204239368438721,2.5797336101531982,77.7052001953125,-0.4519892883072564,-2.397553354944836,-84.57661869925239,3.4601297,15.557245,8.912371,9.106717,-6.188598,-13.780499,10.727158,-3.2533255,-27.626717,6.8101125,-14.620919,2.8131046,6.730107,4.5152073,10.607683,12.029221,23.395266,-34.81657,55.537533,13.698136,-4.676659,14.89357,-16.697199,-58.455242,18.677786,74.91945,-5.954228,4.037395,11.348768
1210,-6.205734729766846,2.579362392425537,77.71263885498047,-0.4504125132707245,-2.3696972567341352,-84.54917424664303,3.3822005,15.558882,8.905807,9.171219,-6.229121,-13.681949,10.689455,-3.2561927,-27.64188,6.811784,-14.627769,2.7840745,6.715141,4.5171227,10.564567,12.010338,23.380602,-34.867546,55.554333,13.694736,-4.6180744,14.84883,-16.587877,-58.519794,18.631021,74.9207,-5.9609637,4.033672,11.355768
1211,-6.204019546508789,2.577535629272461,77.72001647949219,-0.4498454249551912,-2.3411292877802063,-84.52149915652274,3.3030365,15.561463,8.900568,9.236642,-6.2722807,-13.580711,10.651483,-3.2585058,-27.657654,6.8137274,-14.635452,2.753012,6.6954794,4.5219975,10.520129,12.001526,23.367983,-34.91458,55.562634,13.687605,-4.562237,14.804362,-16.492826,-58.585808,18.599594,74.927315,-5.9693484,4.026442,11.36582
1212,-6.203026294708252,2.5803937911987305,77.72358703613281,-0.45313715542462696,-2.327689389206873,-84.49543478081011,3.2591867,15.5666,8.90062,9.266974,-6.2996354,-13.527004,10.633887,-3.2555032,-27.67837,6.8147583,-14.640687,2.7345836,6.6628284,4.529841,10.488834,12.0155115,23.359406,-34.94327,55.563156,13.6767235,-4.5398855,14.786814,-16.44233,-58.620068,18.562794,74.96378,-5.974439,4.0138774,11.351888
1213,-6.204219818115234,2.5879693031311035,77.72005462646484,-0.4658028516574831,-2.3381846767805254,-84.47121155067389,3.2646046,15.577597,8.906135,9.254276,-6.308714,-13.547071,10.64958,-3.2424035,-27.70782,6.8115635,-14.640863,2.7348561,6.6110497,4.553579,10.476974,12.065071,23.353712,-34.953506,55.549458,13.653766,-4.572437,14.812106,-16.459414,-58.62995,18.520103,75.04326,-5.964291,3.9944494,11.30923
1214,-6.2064642906188965,2.5979835987091064,77.7109146118164,-0.4841752258021593,-2.362856483844948,-84.4486165969218,3.3032088,15.591443,8.916958,9.208841,-6.304473,-13.609541,10.685646,-3.2233248,-27.742422,6.805717,-14.63835,2.7453976,6.582527,4.5889707,10.487045,12.083792,23.332092,-34.983784,55.567345,13.627663,-4.638963,14.870986,-16.382517,-58.6475,18.338211,75.06531,-5.966786,3.9729762,11.248112
1215,-6.207480430603027,2.608910083770752,77.700439453125,-0.5011825996076582,-2.388588217746492,-84.426287276535,3.3452754,15.60581,8.929725,9.1589985,-6.2976093,-13.679586,10.7231655,-3.2034612,-27.776821,6.800231,-14.635865,2.7586026,6.5566,4.6223392,10.497235,12.0995245,23.309395,-35.014175,55.59065,13.601555,-4.707779,14.931376,-16.301268,-58.654636,18.14671,75.086876,-5.9748054,3.9485936,11.180443
1216,-6.206293106079102,2.6168363094329834,77.69285583496094,-0.5146653375118799,-2.402260581117882,-84.40383940649771,3.3645604,15.616754,8.942735,9.128586,-6.2971425,-13.721942,10.744426,-3.1892233,-27.804932,6.7951646,-14.633562,2.767059,6.5423017,4.6443353,10.496223,12.098964,23.285694,-35.04971,55.62069,13.584339,-4.7471886,14.966559,-16.187666,-58.657154,17.95772,75.08954,-5.9986763,3.923404,11.120349
1217,-6.2044596672058105,2.6229240894317627,77.68946075439453,-0.5224338665070557,-2.3979724758455334,-84.37917756327526,3.3530967,15.621828,8.955425,9.117506,-6.2987866,-13.726203,10.740003,-3.184032,-27.82447,6.794843,-14.634593,2.7694876,6.5205183,4.6535993,10.474491,12.113822,23.272875,-35.07073,55.624096,13.575896,-4.7420616,14.959086,-16.10939,-58.657143,17.86074,75.10972,-6.0332165,3.8928742,11.081141
1218,-6.20103120803833,2.626708507537842,77.69095611572266,-0.5252904519597917,-2.3832256136284053,-84.35360938884547,3.3230088,15.623917,8.968487,9.120455,-6.303125,-13.711487,10.721914,-3.1835868,-27.83883,6.7950377,-14.636077,2.7696738,6.5005727,4.654069,10.441586,12.127728,23.263952,-35.087162,55.621677,13.57334,-4.7120028,14.927719,-16.025814,-58.655647,17.79414,75.123055,-6.0778112,3.8591561,11.051506
1219,-6.19678258895874,2.628742218017578,77.69623565673828,-0.5285704734376501,-2.3665080824007436,-84.33045742311441,3.2887871,15.625988,8.983664,9.129024,-6.3115325,-13.687225,10.700957,-3.1837344,-27.850544,6.7943015,-14.63625,2.7675378,6.4983835,4.651048,10.409535,12.11777,23.248714,-35.11554,55.637978,13.577683,-4.676285,14.892088,-15.887036,-58.651024,17.676596,75.10463,-6.1313663,3.8285184,11.016794
1220,-6.191936016082764,2.631682872772217,77.70158386230469,-0.5343810552848722,-2.3562857585608774,-84.31296292454792,3.2626066,15.632335,9.001873,9.141479,-6.329873,-13.662873,10.686927,-3.180286,-27.862497,6.794567,-14.635143,2.7631817,6.4816318,4.661823,10.384149,12.138195,23.239048,-35.12836,55.624317,13.583791,-4.6533895,14.860559,-15.813565,-58.64419,17.60345,75.12016,-6.1627135,3.801327,10.978044
1221,-6.186811923980713,2.635021209716797,77.70651245117188,-0.5468677010823925,-2.354558721452077,-84.30507612455922,3.248175,15.644954,9.026322,9.15886,-6.3638754,-13.632686,10.682293,-3.1714191,-27.874214,6.7933617,-14.629923,2.7518585,6.483152,4.673917,10.370502,12.130086,23.218843,-35.150883,55.64529,13.602613,-4.650965,14.843269,-15.684993,-58.620834,17.443735,75.10261,-6.1988764,3.7882123,10.919262
1222,-6.179891586303711,2.637847900390625,77.70684814453125,-0.5622510765326423,-2.357037040689632,-84.30371127234014,3.2388594,15.661848,9.0550785,9.181525,-6.408735,-13.594452,10.6824255,-3.1591532,-27.885191,6.791963,-14.622965,2.7352018,6.47144,4.6984034,10.360691,12.152769,23.204224,-35.156094,55.635445,13.628587,-4.6562085,14.824457,-15.620659,-58.596546,17.331758,75.118225,-6.22163,3.7790308,10.861662
1223,-6.1757659912109375,2.644500970840454,77.70170593261719,-0.5779561060581772,-2.3619458850191477,-84.30333042514181,3.2336733,15.67823,9.08409,9.202555,-6.4532695,-13.562619,10.685147,-3.147165,-27.895527,6.7903934,-14.614859,2.7224822,6.46389,4.719778,10.354983,12.167736,23.18679,-35.16173,55.635086,13.654743,-4.6659656,14.810957,-15.544475,-58.558178,17.202953,75.12812,-6.231805,3.7711303,10.788272
1224,-6.173611640930176,2.652094602584839,77.69316864013672,-0.5901326935651521,-2.367742068877846,-84.29850373017038,3.235494,15.688947,9.110216,9.206812,-6.4815116,-13.551739,10.690281,-3.1386962,-27.906158,6.7884164,-14.607976,2.7231283,6.458602,4.7350035,10.349926,12.1741295,23.168743,-35.17275,55.643883,13.667345,-4.6764927,14.80309,-15.457902,-58.50846,17.075413,75.13507,-6.2124476,3.7585552,10.695494
1225,-6.166669845581055,2.662566661834717,77.68445587158203,-0.5984719021104868,-2.376863855703866,-84.28617078355768,3.253101,15.690979,9.133395,9.179088,-6.480859,-13.581455,10.700875,-3.135493,-27.917921,6.7873163,-14.603005,2.7470357,6.4557266,4.742273,10.348564,12.169858,23.149263,-35.18944,55.66524,13.656852,-4.6919084,14.805718,-15.351995,-58.44286,16.940271,75.136185,-6.160538,3.7371042,10.569237
1226,-6.160260200500488,2.673048973083496,77.67756652832031,-0.6046185928523116,-2.3892320224906514,-84.26962498765641,3.284203,15.687209,9.155625,9.127797,-6.4609528,-13.638806,10.718112,-3.134564,-27.930313,6.7832074,-14.5972185,2.7868218,6.449837,4.7497425,10.35141,12.169782,23.131868,-35.20473,55.68099,13.630566,-4.7127867,14.814018,-15.249272,-58.37483,16.816011,75.138084,-6.0776715,3.709867,10.422754
1227,-6.15133810043335,2.6792726516723633,77.67677307128906,-0.6092588061672743,-2.399152904590141,-84.25355540538591,3.3121247,15.681822,9.17602,9.0773115,-6.4407573,-13.689412,10.731387,-3.1356015,-27.941233,6.7804866,-14.5922785,2.825505,6.4561234,4.741331,10.349382,12.143782,23.11078,-35.234074,55.728703,13.606049,-4.728536,14.826672,-15.123853,-58.27255,16.67361,75.13775,-5.981696,3.6847079,10.2627535
1228,-6.1419901847839355,2.683332920074463,77.68152618408203,-0.6146805632526349,-2.401126715120027,-84.24239942441906,3.315864,15.680059,9.192469,9.061964,-6.445017,-13.698766,10.732941,-3.1361756,-27.948587,6.7780232,-14.587096,2.8461907,6.46023,4.733885,10.337466,12.122519,23.09528,-35.268955,55.76805,13.593345,-4.7301574,14.82864,-15.027758,-58.17347,16.58271,75.15031,-5.8538985,3.6660142,10.131044
1229,-6.13253116607666,2.685025215148926,77.68920135498047,-0.6211187531783369,-2.3878618745719997,-84.23955764568986,3.2806883,15.683155,9.204545,9.097612,-6.484641,-13.635206,10.711106,-3.1378686,-27.949312,6.7807207,-14.584245,2.8369348,6.4690924,4.7265806,10.3107195,12.098432,23.086115,-35.31634,55.80154,13.6016445,-4.705005,14.810946,-14.948461,-58.087498,16.551697,75.16527,-5.6720977,3.6593719,10.046042
1230,-6.121959209442139,2.685851812362671,77.69549560546875,-0.6278308151582838,-2.3639281320963015,-84.24182124805922,3.2165267,15.689181,9.212187,9.172969,-6.5503874,-13.524595,10.674226,-3.1400878,-27.945662,6.783468,-14.581044,2.8092525,6.4821415,4.721881,10.275164,12.072439,23.081156,-35.372757,55.828148,13.623271,-4.6617384,14.779845,-14.8735895,-58.016552,16.558655,75.17492,-5.4440513,3.6604886,9.992798
1231,-6.112476825714111,2.6902050971984863,77.69646453857422,-0.6354236239308223,-2.3427306266045895,-84.24427856702944,3.1578074,15.695629,9.218829,9.243282,-6.615306,-13.418875,10.640688,-3.1416059,-27.942177,6.7855315,-14.577228,2.7814903,6.491591,4.7260213,10.243673,12.052281,23.077074,-35.43123,55.84214,13.644179,-4.622987,14.74955,-14.803883,-57.955162,16.561768,75.181114,-5.2187033,3.6604404,9.9464655
1232,-6.103678226470947,2.6949682235717773,77.69197845458984,-0.64494219006534,-2.337163747894709,-84.2418884357278,3.1344798,15.699814,9.227162,9.273548,-6.6582522,-13.36984,10.628642,-3.1415489,-27.943497,6.7870464,-14.574171,2.7720854,6.493641,4.73475,10.223366,12.038681,23.069818,-35.48971,55.8542,13.650884,-4.6105886,14.737708,-14.745894,-57.8735,16.522959,75.20124,-5.049116,3.6505327,9.872055
1233,-6.091566562652588,2.702674388885498,77.68264770507812,-0.6576359214804387,-2.3578605268760753,-84.23251363126391,3.1721313,15.701412,9.239824,9.233816,-6.6633244,-13.4167385,10.653496,-3.1374147,-27.952574,6.7842135,-14.570038,2.7917702,6.4841843,4.7503943,10.225908,12.033947,23.057772,-35.54428,55.8644,13.639819,-4.642225,14.757805,-14.69675,-57.760838,16.401554,75.23523,-4.96492,3.6267674,9.74972
1234,-6.0786967277526855,2.712663412094116,77.67096710205078,-0.6737822184145695,-2.395433140676059,-84.21903571010236,3.248984,15.70152,9.254758,9.149702,-6.645465,-13.523258,10.701993,-3.1303337,-27.96653,6.7791157,-14.565883,2.8287485,6.473145,4.765209,10.242554,12.02571,23.04295,-35.60214,55.883007,13.619965,-4.7017465,14.800187,-14.640537,-57.615513,16.208288,75.27453,-4.941445,3.5950239,9.592842
1235,-6.06627893447876,2.7237420082092285,77.66374206542969,-0.6890613606263312,-2.4328689320109973,-84.20408090834451,3.3221772,15.700797,9.267047,9.071657,-6.629882,-13.628822,10.749596,-3.1250367,-27.980927,6.775277,-14.561402,2.8677177,6.46095,4.7802577,10.259718,12.019197,23.030302,-35.659843,55.894684,13.595048,-4.7615943,14.840984,-14.582327,-57.468586,16.011204,75.30885,-4.9323955,3.560509,9.437833
1236,-6.053056716918945,2.73044490814209,77.66372680664062,-0.6995120128162093,-2.4538773658378186,-84.19030120403319,3.36014,15.697284,9.274708,9.028801,-6.6307125,-13.672308,10.775725,-3.1247933,-27.991348,6.7726617,-14.556787,2.8934262,6.452985,4.790398,10.262893,12.009961,23.021492,-35.716587,55.89832,13.571681,-4.793844,14.858071,-14.51729,-57.335808,15.861623,75.32904,-4.90077,3.5285316,9.314639
1237,-6.035627365112305,2.735727310180664,77.66828918457031,-0.7046915443962581,-2.447455979432477,-84.17679290176574,3.3288808,15.691534,9.270799,9.064209,-6.6680765,-13.614571,10.764666,-3.1331322,-27.995754,6.772268,-14.550457,2.8979502,6.4519725,4.7873116,10.239885,11.988596,23.017658,-35.778637,55.90025,13.543552,-4.781079,14.83744,-14.439827,-57.21651,15.787792,75.333916,-4.8387957,3.4988825,9.234415
1238,-6.018640995025635,2.7355120182037354,77.67585754394531,-0.7060126867477786,-2.4246030404987757,-84.16276675529177,3.2594159,15.683136,9.260003,9.139724,-6.7233133,-13.495821,10.731433,-3.1473668,-27.99672,6.775382,-14.544834,2.8907313,6.4512854,4.774021,10.199067,11.964727,23.017609,-35.839703,55.898735,13.511797,-4.741452,14.793382,-14.369889,-57.096046,15.771836,75.3406,-4.7656717,3.468914,9.178299
1239,-6.0022993087768555,2.737290143966675,77.68270874023438,-0.7075485364413657,-2.4013948252744073,-84.15055790007607,3.1898928,15.674175,9.250385,9.216269,-6.7805147,-13.373998,10.697842,-3.1622334,-27.997032,6.77737,-14.538026,2.8824906,6.445474,4.764505,10.158578,11.949757,23.01881,-35.893036,55.887405,13.483432,-4.700291,14.748476,-14.318871,-56.980774,15.780967,75.3494,-4.6807814,3.4407957,9.132654
1240,-5.9846038818359375,2.739295482635498,77.68506622314453,-0.7113770856711727,-2.3936850892989527,-84.1425172276306,3.1578574,15.666712,9.24977,9.255426,-6.82345,-13.307208,10.683474,-3.1739793,-27.999037,6.779911,-14.531727,2.8841136,6.4353385,4.764055,10.134216,11.947326,23.017336,-35.93337,55.872833,13.470465,-4.682464,14.7279005,-14.289096,-56.85688,15.766275,75.36348,-4.592836,3.417186,9.075329
1241,-5.966644763946533,2.746190309524536,77.68223571777344,-0.7233581334636585,-2.410990540459786,-84.1411777381594,3.1892421,15.662376,9.264652,9.229354,-6.8429236,-13.327589,10.702655,-3.1780632,-28.00407,6.777674,-14.523747,2.9005527,6.4219055,4.7798157,10.13686,11.957912,23.010746,-35.963158,55.857437,13.478916,-4.7032022,14.75015,-14.276275,-56.726917,15.699435,75.37635,-4.491421,3.3995836,8.99764
1242,-5.950525760650635,2.7564473152160645,77.67412567138672,-0.7390255466898368,-2.4430131583099146,-84.14472291458496,3.256797,15.6599,9.288852,9.1679535,-6.8507557,-13.398609,10.739983,-3.1788154,-28.010376,6.7753363,-14.515683,2.9252915,6.409961,4.8001523,10.154559,11.971114,22.999676,-35.986664,55.85054,13.504598,-4.745948,14.800541,-14.269416,-56.581596,15.596094,75.38799,-4.3828993,3.3866599,8.905452
1243,-5.932210445404053,2.769418716430664,77.66358947753906,-0.7530199067010992,-2.475986669823268,-84.14868031591296,3.3250544,15.656181,9.313188,9.107114,-6.857362,-13.475459,10.778661,-3.1808145,-28.016624,6.7719865,-14.506018,2.9520783,6.396995,4.832581,10.177734,11.990265,22.98753,-36.004745,55.828945,13.530751,-4.7897263,14.845484,-14.259096,-56.45998,15.48945,75.383606,-4.2781196,3.376435,8.827266
1244,-5.909505844116211,2.7778820991516113,77.65876770019531,-0.7615769097991627,-2.4962265128034247,-84.14907055168054,3.368163,15.644882,9.331393,9.0637455,-6.8631535,-13.51324,10.800434,-3.1911516,-28.021408,6.7707806,-14.495281,2.974579,6.394769,4.836353,10.184363,11.981177,22.97336,-36.02611,55.840725,13.547752,-4.810672,14.866338,-14.230815,-56.29816,15.388521,75.38205,-4.216906,3.367717,8.745591
1245,-5.886223316192627,2.785031795501709,77.66123962402344,-0.7615103512812673,-2.4962458216730297,-84.1421549002637,3.3633857,15.624167,9.336284,9.064512,-6.876031,-13.493172,10.796474,-3.212923,-28.025122,6.7706246,-14.481936,2.9907272,6.389266,4.829982,10.172285,11.970201,22.963364,-36.0371,55.84028,13.543951,-4.798273,14.834736,-14.2030735,-56.146957,15.341164,75.375465,-4.196664,3.3611677,8.690463
1246,-5.860993385314941,2.789994955062866,77.666748046875,-0.7560991615657197,-2.484852212329045,-84.13110606515176,3.3336494,15.596277,9.334204,9.085184,-6.8889027,-13.441389,10.776711,-3.2434087,-28.028152,6.7741404,-14.46817,3.0041149,6.382335,4.8170757,10.1504755,11.959073,22.955717,-36.038124,55.83135,13.530104,-4.7661867,14.77064,-14.174837,-56.002407,15.323749,75.36316,-4.204501,3.3572524,8.652494
1247,-5.8351335525512695,2.794340133666992,77.67644500732422,-0.7502698532935916,-2.471925261957394,-84.1215768279989,3.298777,15.567803,9.33246,9.114375,-6.906214,-13.380695,10.755361,-3.274562,-28.02945,6.7752476,-14.452092,3.0165608,6.375854,4.8060164,10.128123,11.947715,22.949106,-36.03839,55.820564,13.515598,-4.730962,14.704039,-14.153244,-55.859642,15.314977,75.3524,-4.219133,3.3526623,8.622493
1248,-5.809169769287109,2.799980878829956,77.68388366699219,-0.7480344719719721,-2.4678757132818983,-84.11939768769308,3.281626,15.544887,9.3389845,9.133651,-6.928419,-13.333674,10.743233,-3.3008175,-28.027666,6.77746,-14.436352,3.030038,6.3722057,4.806417,10.114813,11.938383,22.942179,-36.04526,55.81182,13.512333,-4.7093678,14.664273,-14.143311,-55.71802,15.29225,75.34864,-4.2184687,3.343864,8.592954
1249,-5.783453464508057,2.804725170135498,77.6883316040039,-0.7534009988871919,-2.475616829306038,-84.12842135943804,3.289879,15.530773,9.358885,9.139791,-6.9606967,-13.303306,10.745486,-3.3181875,-28.021969,6.777181,-14.419466,3.0436704,6.372861,4.8167605,10.111385,11.930352,22.933805,-36.061512,55.815014,13.528934,-4.7068353,14.669116,-14.155142,-55.562363,15.243066,75.3629,-4.2015715,3.3307493,8.55503
1250,-5.756584644317627,2.8158066272735596,77.68867492675781,-0.7638134240715595,-2.4895697784821293,-84.14469522595716,3.3082302,15.522661,9.385946,9.146661,-7.0031157,-13.278585,10.754525,-3.3306274,-28.013311,6.776896,-14.402281,3.0568233,6.3777575,4.834711,10.113761,11.921733,22.924715,-36.084484,55.824806,13.557484,-4.714226,14.699407,-14.17582,-55.399555,15.176396,75.384155,-4.177326,3.314969,8.515622
1251,-5.733604907989502,2.8258018493652344,77.68402862548828,-0.7728347600393352,-2.5069832396429645,-84.16265826825807,3.3343341,15.513382,9.414762,9.145828,-7.04219,-13.261055,10.766627,-3.343819,-28.002836,6.7781186,-14.385952,3.0720494,6.38638,4.852288,10.120059,11.908126,22.916376,-36.1103,55.838642,13.586316,-4.7251344,14.732982,-14.197395,-55.233685,15.110371,75.40802,-4.1507564,3.2957618,8.478441
1252,-5.708422660827637,2.8374345302581787,77.67755126953125,-0.7786337669469694,-2.524355241499596,-84.176501963025,3.360123,15.497658,9.438099,9.140435,-7.0699587,-13.25232,10.778269,-3.3627534,-27.991991,6.779218,-14.369442,3.0918224,6.397584,4.864729,10.128774,11.888472,22.90992,-36.133305,55.849213,13.605085,-4.7336264,14.746716,-14.211359,-55.068542,15.060408,75.42895,-4.128309,3.2723217,8.449387
1253,-5.6787896156311035,2.8501522541046143,77.67288970947266,-0.7789623730315286,-2.5440418216053446,-84.18422325640508,3.3950887,15.471204,9.455422,9.113173,-7.0729675,-13.264424,10.792776,-3.3888946,-27.980566,6.7796926,-14.353166,3.1200485,6.4099174,4.869716,10.14232,11.865628,22.905666,-36.14743,55.852684,13.61384,-4.7403455,14.730226,-14.215292,-54.907894,15.033283,75.44583,-4.115233,3.240196,8.431715
1254,-5.64719295501709,2.8618483543395996,77.67295837402344,-0.7755646105359879,-2.5664397308427103,-84.18898906898515,3.434963,15.439488,9.468676,9.077337,-7.063649,-13.2927885,10.809974,-3.4194345,-27.967838,6.78067,-14.337168,3.1543221,6.42301,4.8729224,10.160777,11.839965,22.903233,-36.15827,55.8512,13.614607,-4.7479396,14.696703,-14.215263,-54.750618,15.021047,75.46118,-4.106679,3.201273,8.423578
1255,-5.617733001708984,2.874878406524658,77.6770248413086,-0.77016608272071,-2.586854069598266,-84.19315959494698,3.4698305,15.404948,9.480096,9.045713,-7.0547485,-13.313507,10.824574,-3.4527712,-27.95506,6.781916,-14.32172,3.1875873,6.439088,4.8749337,10.179217,11.810967,22.902628,-36.168743,55.846134,13.61145,-4.7527723,14.658654,-14.215264,-54.596195,15.023436,75.47598,-4.088515,3.1639276,8.420269
1256,-5.587453842163086,2.8842742443084717,77.6864242553711,-0.7660326462054634,-2.6005045332035923,-84.19944096437996,3.4864793,15.371717,9.490716,9.037606,-7.062906,-13.302663,10.828968,-3.4880621,-27.942888,6.783791,-14.3053055,3.2128348,6.4599233,4.881759,10.19446,11.777053,22.903479,-36.18601,55.836166,13.604086,-4.7517257,14.627809,-14.216502,-54.45274,15.034644,75.48651,-4.0484776,3.1367278,8.421069
1257,-5.557077407836914,2.8943731784820557,77.69646453857422,-0.7591517853559828,-2.601246359560607,-84.2109705529766,3.4719274,15.339808,9.501821,9.067627,-7.098457,-13.234514,10.81614,-3.5258067,-27.929422,6.786365,-14.2898445,3.223374,6.488602,4.882019,10.196729,11.731862,22.907825,-36.214596,55.831898,13.587594,-4.737132,14.605729,-14.232563,-54.29789,15.075524,75.50852,-3.9739678,3.1242511,8.418612
1258,-5.523892402648926,2.901155710220337,77.70406341552734,-0.7521298737801051,-2.5932022999075603,-84.22543953368044,3.4377697,15.307537,9.512805,9.119806,-7.149498,-13.128346,10.789772,-3.5673454,-27.914623,6.7919445,-14.275259,3.2246509,6.5218897,4.8818984,10.192671,11.68275,22.915619,-36.248043,55.822502,13.564331,-4.713375,14.584967,-14.259129,-54.146847,15.141241,75.53549,-3.8744676,3.1210082,8.420562
1259,-5.492292404174805,2.9107182025909424,77.7083740234375,-0.7437575942823872,-2.587144137163554,-84.23755814742844,3.403585,15.275321,9.521382,9.1739855,-7.201501,-13.027462,10.767353,-3.6082957,-27.903545,6.794945,-14.258983,3.2275555,6.5530815,4.883625,10.191478,11.634385,22.9252,-36.278717,55.810097,13.542692,-4.692813,14.572066,-14.29133,-53.99541,15.208986,75.564156,-3.7736888,3.120692,8.421021
1260,-5.46066427230835,2.9262120723724365,77.70668029785156,-0.739262348791331,-2.5939064334496726,-84.24191963165623,3.398846,15.241399,9.5279875,9.190909,-7.2300587,-12.975329,10.763218,-3.6466587,-27.900679,6.7979927,-14.242396,3.2432218,6.576288,4.889436,10.203565,11.592023,22.934336,-36.297703,55.795784,13.533748,-4.6878357,14.573144,-14.325259,-53.83717,15.249923,75.59255,-3.701491,3.1171036,8.414362
1261,-5.430850982666016,2.944516181945801,77.70013427734375,-0.7376910139378808,-2.6234408441884,-84.23501758447648,3.442663,15.206676,9.531883,9.151215,-7.2237186,-13.0066595,10.793353,-3.67839,-27.91089,6.796866,-14.223993,3.2801704,6.5880995,4.9005265,10.237423,11.555625,22.942175,-36.30249,55.784897,13.543067,-4.7115545,14.596549,-14.357992,-53.66766,15.245235,75.620895,-3.6618905,3.1058624,8.392781
1262,-5.401673316955566,2.960756301879883,77.69496154785156,-0.7394867161966051,-2.6674841548514365,-84.22020658259704,3.5159695,15.171579,9.533243,9.077943,-7.1969023,-13.090737,10.844322,-3.7065403,-27.930529,6.7937026,-14.203649,3.3306332,6.594514,4.913927,10.285686,11.520712,22.949564,-36.298344,55.77786,13.565632,-4.7538733,14.637213,-14.387506,-53.48742,15.207221,75.64806,-3.6430557,3.0912714,8.359778
1263,-5.369074821472168,2.9773919582366943,77.69468688964844,-0.7392301549161747,-2.7099199845528332,-84.20300150416999,3.5863771,15.134618,9.532328,9.0033865,-7.167074,-13.172299,10.893809,-3.735859,-27.951626,6.7902217,-14.183051,3.3811698,6.601162,4.9241676,10.333354,11.48217,22.958132,-36.2927,55.772984,13.588974,-4.7926736,14.682493,-14.416766,-53.301235,15.164694,75.67363,-3.6459005,3.0800862,8.325959
1264,-5.337008476257324,2.9910805225372314,77.69953918457031,-0.7358740229461886,-2.73428174959028,-84.18838913628427,3.6188338,15.094715,9.528853,8.966463,-7.155922,-13.196077,10.917487,-3.772008,-27.965843,6.78999,-14.163145,3.4182727,6.612999,4.9269,10.365677,11.437382,22.969196,-36.290684,55.76627,13.60203,-4.805803,14.719018,-14.450692,-53.1155,15.148249,75.698105,-3.6708274,3.0786307,8.302849
1265,-5.300952911376953,3.0050246715545654,77.7100830078125,-0.7234715947801593,-2.7293858432964475,-84.17843242742848,3.5872488,15.050584,9.521229,8.995021,-7.17542,-13.124593,10.900354,-3.8189063,-27.968235,6.7925153,-14.143488,3.4337363,6.6313815,4.9184723,10.372461,11.3852625,22.983501,-36.29137,55.75384,13.607361,-4.7725353,14.741904,-14.493609,-52.93603,15.180451,75.721535,-3.7332053,3.0928948,8.299125
1266,-5.26526403427124,3.0170435905456543,77.72154235839844,-0.7065956333439208,-2.706142720002782,-84.17026012702775,3.5155537,15.002397,9.510418,9.063135,-7.212577,-12.994267,10.856856,-3.8738723,-27.963963,6.7984447,-14.124273,3.436337,6.6513147,4.90414,10.363983,11.33135,22.999748,-36.29039,55.734386,13.60921,-4.709789,14.75774,-14.546398,-52.761505,15.246987,75.74518,-3.8244777,3.117896,8.308924
1267,-5.234677314758301,3.0266966819763184,77.73182678222656,-0.6902767419688786,-2.681852524050434,-84.16141259841017,3.4414842,14.954962,9.498044,9.13277,-7.251819,-12.86405,10.81193,-3.928275,-27.960743,6.8043795,-14.105045,3.4379976,6.669035,4.892806,10.354747,11.278491,23.016552,-36.2903,55.71339,13.597873,-4.6519613,14.771702,-14.609352,-52.587685,15.31816,75.77238,-3.9150386,3.1439147,8.320941
1268,-5.200580596923828,3.038564920425415,77.73670196533203,-0.6796777151633212,-2.673970080188473,-84.14971866069435,3.4049459,14.910712,9.488013,9.161086,-7.275131,-12.789089,10.791163,-3.9751687,-27.965862,6.806946,-14.086004,3.450893,6.682841,4.891273,10.359812,11.229893,23.032482,-36.292797,55.695732,13.565859,-4.633244,14.789224,-14.676993,-52.408463,15.360847,75.80298,-3.9739401,3.1614234,8.322701
1269,-5.167141437530518,3.0566635131835938,77.7359619140625,-0.6784493192138851,-2.6926852522858256,-84.13501562549115,3.4276218,14.87328,9.482131,9.127392,-7.275654,-12.804424,10.807834,-4.009467,-27.983269,6.80577,-14.0672655,3.481189,6.692491,4.905745,10.388374,11.18523,23.046745,-36.302628,55.686237,13.493868,-4.680253,14.818202,-14.74767,-52.217888,15.348648,75.83759,-3.9877818,3.1656482,8.306269
1270,-5.135085582733154,3.0764594078063965,77.73145294189453,-0.6840547831870191,-2.726595054134687,-84.11847652860052,3.4839964,14.8398485,9.478197,9.058329,-7.264104,-12.873249,10.845643,-4.036929,-28.008245,6.8035035,-14.049214,3.521548,6.7021255,4.9281163,10.430232,11.138866,23.060654,-36.32029,55.685585,13.391486,-4.7687845,14.85455,-14.817938,-52.017326,15.296525,75.87349,-3.9779353,3.1624584,8.277745
1271,-5.105576515197754,3.0977039337158203,77.7241439819336,-0.6901470782307271,-2.7612786749065243,-84.0993234538757,3.5416143,14.806088,9.471371,8.985685,-7.2503247,-12.946914,10.885827,-4.0634623,-28.036034,6.799678,-14.030764,3.5633557,6.713768,4.948484,10.472796,11.088563,23.075787,-36.34059,55.688755,13.293834,-4.856848,14.884329,-14.8817215,-51.8127,15.239823,75.905495,-3.9610002,3.1585796,8.246727
1272,-5.070063591003418,3.118530035018921,77.72016906738281,-0.6904656687477992,-2.7823796707503163,-84.07663791623754,3.5679274,14.767039,9.456956,8.942093,-7.244842,-12.976437,10.907302,-4.0974827,-28.06149,6.798404,-14.012372,3.5983267,6.7285476,4.9580245,10.503782,11.033857,23.093054,-36.356503,55.688557,13.237031,-4.90262,14.893622,-14.938474,-51.610104,15.212309,75.93209,-3.9589026,3.160592,8.224321
1273,-5.034936904907227,3.133819580078125,77.72441101074219,-0.6833658166097045,-2.7817354619705124,-84.04742374195901,3.5437665,14.720315,9.42932,8.945325,-7.251777,-12.938781,10.900479,-4.142279,-28.083853,6.7991767,-13.993173,3.6224735,6.7447324,4.952047,10.515619,10.9732485,23.113256,-36.364582,55.68217,13.23941,-4.8821626,14.869418,-14.98718,-51.416546,15.241411,75.95135,-3.9744754,3.1738205,8.217977
1274,-4.997588157653809,3.1491167545318604,77.7332992553711,-0.6699225578230266,-2.768855499321012,-84.0131259402983,3.491189,14.668071,9.393114,8.973122,-7.264214,-12.863375,10.876995,-4.193912,-28.10566,6.8021545,-13.9741745,3.6408215,6.7594767,4.9384537,10.516687,10.911797,23.135098,-36.36596,55.66873,13.279461,-4.822336,14.821557,-15.033741,-51.230843,15.310959,75.96628,-3.993538,3.1932738,8.222739
1275,-4.961103439331055,3.1619157791137695,77.74415588378906,-0.6570643422104551,-2.754332466110262,-83.97952304884076,3.4343548,14.61594,9.356674,9.006395,-7.279821,-12.780298,10.852319,-4.245458,-28.126682,6.8036127,-13.954503,3.6584096,6.7729278,4.9257293,10.516784,10.854598,23.156776,-36.363426,55.65165,13.330531,-4.7569194,14.770662,-15.088796,-51.04778,15.38888,75.984535,-4.0142384,3.2104695,8.228914
1276,-4.926083564758301,3.1739208698272705,77.75442504882812,-0.6476568871708548,-2.7492813019212914,-83.95239054536391,3.4001398,14.567763,9.329427,9.021904,-7.294424,-12.71973,10.838711,-4.2925143,-28.146795,6.8051558,-13.9356365,3.6804793,6.786482,4.920305,10.525586,10.8062525,23.176554,-36.36019,55.63485,13.366716,-4.7195954,14.737703,-15.1578865,-50.860443,15.442451,76.01093,-4.031618,3.2167487,8.225779
1277,-4.893735408782959,3.191524028778076,77.75914764404297,-0.6443236057689209,-2.758122647247583,-83.93684688093283,3.395418,14.527728,9.316292,9.020084,-7.3133683,-12.690859,10.841904,-4.331499,-28.164705,6.806423,-13.918046,3.7083123,6.802687,4.925447,10.547215,10.767162,23.193579,-36.35662,55.62168,13.387396,-4.72376,14.730139,-15.244012,-50.66347,15.455269,76.04959,-4.0448394,3.2034562,8.208636
1278,-4.858335494995117,3.2088167667388916,77.75755310058594,-0.6450415799861443,-2.774650768633997,-83.92859269100464,3.408023,14.491979,9.311939,9.007125,-7.3346477,-12.677055,10.854557,-4.3660383,-28.180893,6.806158,-13.900344,3.739198,6.822037,4.9341063,10.575517,10.732469,23.208824,-36.352386,55.613205,13.405021,-4.749768,14.73682,-15.341001,-50.458336,15.442693,76.09711,-4.058852,3.1774356,8.181645
1279,-4.824620723724365,3.2269723415374756,77.75236511230469,-0.6451084215269767,-2.793198970007542,-83.91945905476413,3.425964,14.456009,9.307523,8.987443,-7.352705,-12.670547,10.871227,-4.3995523,-28.197971,6.8031826,-13.88143,3.7721016,6.842062,4.942184,10.605297,10.69769,23.223375,-36.35187,55.608356,13.409699,-4.7820206,14.751302,-15.437931,-50.247387,15.4207,76.143745,-4.0740523,3.152951,8.148527
1280,-4.793882369995117,3.2467703819274902,77.74569702148438,-0.6427555557199882,-2.8080805541165614,-83.90128647981861,3.4346855,14.415779,9.293334,8.970896,-7.364867,-12.663021,10.883593,-4.4374433,-28.218163,6.803832,-13.864661,3.8059614,6.8605022,4.944817,10.631117,10.659779,23.238249,-36.357155,55.60522,13.394543,-4.8048306,14.767314,-15.525802,-50.03464,15.405294,76.18131,-4.0922217,3.1440022,8.113008
1281,-4.760900020599365,3.2634994983673096,77.7422103881836,-0.6355290618956971,-2.819954239916414,-83.86743084269001,3.4368618,14.367049,9.263622,8.948354,-7.362719,-12.658728,10.895471,-4.481205,-28.244537,6.803853,-13.847717,3.8443072,6.8728304,4.9412208,10.652927,10.61784,23.254023,-36.373177,55.60269,13.339525,-4.8180556,14.790176,-15.600834,-49.823067,15.398804,76.20486,-4.119292,3.157926,8.075354
1282,-4.7243828773498535,3.2777905464172363,77.74425506591797,-0.6271425694477527,-2.8308968074269805,-83.8236057639808,3.4362009,14.313418,9.224017,8.922069,-7.351747,-12.659834,10.908477,-4.5282536,-28.275127,6.8027554,-13.829961,3.8864338,6.881432,4.9349136,10.673481,10.574249,23.27037,-36.397396,55.600174,13.254332,-4.8289065,14.820552,-15.667477,-49.612526,15.393557,76.218025,-4.151505,3.1861145,8.0348625
1283,-4.6894612312316895,3.2928366661071777,77.75237274169922,-0.617331225458815,-2.8383923731481246,-83.78083714128124,3.431022,14.259821,9.185494,8.897406,-7.3405437,-12.655337,10.916585,-4.57547,-28.304379,6.801698,-13.812347,3.924983,6.894171,4.9269137,10.6918125,10.531259,23.28668,-36.420254,55.597195,13.175879,-4.8323035,14.84506,-15.731328,-49.402237,15.391152,76.227745,-4.177357,3.2185545,7.9939027
1284,-4.654078006744385,3.308931350708008,77.76024627685547,-0.6100182553972828,-2.8392592668786745,-83.74975418525472,3.4145372,14.212673,9.1574335,8.888738,-7.3417425,-12.634489,10.912988,-4.619332,-28.327026,6.802737,-13.795947,3.9525428,6.917533,4.918489,10.707015,10.490914,23.302261,-36.43261,55.593536,13.139832,-4.8231907,14.850492,-15.803879,-49.190456,15.394443,76.24518,-4.1886873,3.2452083,7.9547424
1285,-4.621908187866211,3.3260691165924072,77.76749420166016,-0.604973538883996,-2.827869338668094,-83.73697917451463,3.3810446,14.174055,9.147031,8.899053,-7.3594413,-12.581985,10.88906,-4.65873,-28.339083,6.8047814,-13.780371,3.9607074,6.9558897,4.9086204,10.714127,10.453161,23.316725,-36.428444,55.590744,13.169581,-4.789064,14.824652,-15.891488,-48.97548,15.412656,76.277145,-4.179529,3.2623339,7.9217076
1286,-4.587252616882324,3.3395047187805176,77.77423858642578,-0.6013234621292424,-2.807319463785151,-83.7355175537766,3.3315763,14.14152,9.146698,8.928377,-7.390372,-12.507766,10.850173,-4.6954427,-28.34428,6.8089113,-13.766408,3.955493,7.0033183,4.896836,10.714742,10.419957,23.329653,-36.40997,55.58734,13.244398,-4.7363105,14.777315,-15.991197,-48.75634,15.445682,76.31978,-4.155194,3.2755303,7.8918185
1287,-4.554610729217529,3.3537750244140625,77.7780990600586,-0.5986684449352189,-2.7884172268870104,-83.73566355436995,3.286834,14.110205,9.148159,8.953098,-7.419233,-12.43851,10.813632,-4.7302823,-28.348753,6.8120713,-13.751634,3.9514832,7.0513334,4.884726,10.71743,10.388381,23.341385,-36.390476,55.585674,13.323013,-4.688572,14.728892,-16.098877,-48.532898,15.481892,76.36717,-4.1229854,3.288759,7.856385
1288,-4.528634071350098,3.375107526779175,77.7745132446289,-0.5965887411038596,-2.7823259311624957,-83.72773247201805,3.2639816,14.0760975,9.142354,8.956386,-7.434038,-12.400817,10.794912,-4.765191,-28.358007,6.8136616,-13.734566,3.9633288,7.093237,4.87409,10.7312155,10.356847,23.352488,-36.381577,55.58586,13.367593,-4.6692133,14.69978,-16.204422,-48.305756,15.505702,76.40886,-4.089501,3.3061965,7.8067904
1289,-4.500789165496826,3.394909620285034,77.76927185058594,-0.5944364123516094,-2.798231366540232,-83.7077670628411,3.2793849,14.039099,9.1263895,8.923564,-7.427138,-12.420801,10.8081255,-4.7976966,-28.374922,6.812013,-13.7145195,4.0015893,7.1274433,4.868543,10.764922,10.322729,23.36357,-36.392345,55.591187,13.359678,-4.6973653,14.702675,-16.300554,-48.073986,15.497968,76.43828,-4.0633426,3.3293421,7.7314525
1290,-4.471688747406006,3.416729688644409,77.7640609741211,-0.5950604891022097,-2.828141765105321,-83.68145691415093,3.3221228,14.001078,9.105643,8.862343,-7.403467,-12.477852,10.840581,-4.8282747,-28.395725,6.809326,-13.692483,4.056208,7.160511,4.8660245,10.812348,10.285635,23.375069,-36.417015,55.599976,13.322355,-4.7561674,14.724089,-16.385588,-47.83806,15.46374,76.45653,-4.0395255,3.3559563,7.638005
1291,-4.4402995109558105,3.4370594024658203,77.7630386352539,-0.5945118549613495,-2.8571368135431396,-83.65325996377369,3.360181,13.96112,9.081703,8.806611,-7.3804264,-12.528863,10.872104,-4.860518,-28.41757,6.806851,-13.670506,4.11086,7.1958294,4.860098,10.859624,10.24702,23.38753,-36.445103,55.607418,13.277819,-4.8150835,14.745877,-16.465885,-47.60232,15.429984,76.468994,-4.0046153,3.3845866,7.5469804
1292,-4.40738582611084,3.455063819885254,77.76815032958984,-0.5901420461807603,-2.870078497339509,-83.62781999073493,3.3648262,13.918652,9.056873,8.784082,-7.3716965,-12.530992,10.881917,-4.89826,-28.437323,6.806717,-13.650292,4.1491127,7.235511,4.845357,10.892654,10.211709,23.400682,-36.463005,55.606026,13.250361,-4.8435717,14.749472,-16.548927,-47.37282,15.427783,76.48136,-3.9424512,3.4135857,7.479826
1293,-4.371580600738525,3.4689598083496094,77.77754974365234,-0.5777157756747888,-2.856200043911361,-83.60665795591592,3.3127685,13.870749,9.029161,8.8179455,-7.3865247,-12.449317,10.855824,-4.945898,-28.45336,6.809097,-13.632393,4.160739,7.279861,4.8177814,10.9022665,10.180994,23.41365,-36.463028,55.589733,13.251356,-4.8204656,14.720527,-16.640467,-47.15456,15.48389,76.496635,-3.8325338,3.4429996,7.451103
1294,-4.338308334350586,3.482825994491577,77.7888412475586,-0.5620076917716804,-2.8257658570653543,-83.58703386712408,3.224472,13.818905,8.998347,8.888199,-7.4157743,-12.314622,10.806257,-5.0008383,-28.467525,6.8144364,-13.615625,4.1565027,7.324329,4.7829647,10.897391,10.155531,23.425194,-36.450466,55.561943,13.266923,-4.7665887,14.671604,-16.742645,-46.947414,15.585136,76.514915,-3.6859486,3.473406,7.4480314
1295,-4.306972503662109,3.4955906867980957,77.79817199707031,-0.5465981150722774,-2.7953610932068234,-83.56788738368395,3.1372125,13.767309,8.969398,8.957495,-7.44519,-12.181873,10.757629,-5.0551953,-28.48208,6.81966,-13.599257,4.151443,7.367113,4.7503123,10.892724,10.135063,23.43407,-36.43531,55.531086,13.281625,-4.714471,14.624596,-16.849293,-46.74425,15.687156,76.53362,-3.540711,3.5043354,7.4512324
1296,-4.275691509246826,3.5117502212524414,77.80400848388672,-0.534408130135962,-2.7823064902075463,-83.54790995782997,3.090218,13.720667,8.947498,8.984235,-7.4582834,-12.106362,10.732402,-5.1019745,-28.499128,6.8223977,-13.581052,4.160788,7.4080944,4.7268734,10.902911,10.119059,23.439959,-36.426373,55.50653,13.282482,-4.6962953,14.601798,-16.955313,-46.5367,15.743054,76.55185,-3.4379294,3.5350816,7.4398675
1297,-4.2461042404174805,3.5310170650482178,77.8023910522461,-0.5322731524602365,-2.796981787649533,-83.52817020809891,3.105172,13.682937,8.937256,8.950036,-7.449892,-12.124136,10.744943,-5.1363387,-28.519562,6.8212676,-13.559819,4.1934977,7.448689,4.716587,10.936643,10.106465,23.443571,-36.429592,55.49387,13.256948,-4.734187,14.617357,-17.054516,-46.318535,15.718205,76.56619,-3.401747,3.563079,7.4027576
1298,-4.219020843505859,3.550941228866577,77.7968978881836,-0.534344577625173,-2.8283760158151865,-83.50887360445756,3.158989,13.6505575,8.93515,8.876148,-7.4272685,-12.19879,10.780104,-5.163086,-28.54208,6.8180394,-13.536931,4.23991,7.492654,4.711954,10.98476,10.094709,23.446697,-36.441483,55.489464,13.215972,-4.8062124,14.65709,-17.144176,-46.09137,15.635472,76.57501,-3.4091794,3.5895123,7.350592
1299,-4.19070291519165,3.5735204219818115,77.79134368896484,-0.5358754205087465,-2.8605595600983986,-83.48744012140261,3.213355,13.618027,8.931515,8.801692,-7.4037957,-12.276107,10.817214,-5.189301,-28.565966,6.8138504,-13.5138645,4.2869596,7.5392222,4.7045,11.033217,10.079571,23.451231,-36.461704,55.490314,13.172917,-4.8784595,14.701539,-17.22801,-45.860634,15.544726,76.58099,-3.424556,3.6198273,7.2961016
1300,-4.164525032043457,3.592754602432251,77.78895568847656,-0.5327239853004624,-2.877647300904246,-83.46144917061093,3.2320065,13.579414,8.917234,8.760823,-7.3895845,-12.301991,10.834308,-5.223214,-28.59018,6.811634,-13.492342,4.321925,7.585996,4.6852174,11.068045,10.058461,23.458597,-36.488243,55.492786,13.1413555,-4.917183,14.730926,-17.314564,-45.63408,15.499826,76.590004,-3.4124897,3.6593645,7.252601
1301,-4.133531093597412,3.6107757091522217,77.79269409179688,-0.5213290432479867,-2.8698317102652307,-83.42866153453951,3.190698,13.5307865,8.885988,8.779218,-7.3921843,-12.243764,10.818328,-5.2697406,-28.613356,6.814981,-13.475677,4.337145,7.6305017,4.6497297,11.080118,10.033338,23.469027,-36.518116,55.49143,13.130365,-4.9031496,14.736701,-17.408756,-45.417084,15.53548,76.60506,-3.3555117,3.714851,7.228378
1302,-4.100029468536377,3.6224942207336426,77.80520629882812,-0.5041080791505943,-2.847587785983369,-83.39093933536206,3.1139193,13.475782,8.844231,8.832022,-7.4035616,-12.136369,10.783487,-5.323818,-28.636337,6.819172,-13.459983,4.3409643,7.6704316,4.6052017,11.078525,10.007435,23.481293,-36.551414,55.487278,13.128789,-4.8581276,14.729657,-17.515074,-45.207447,15.625443,76.62806,-3.2738228,3.7814853,7.2167773
1303,-4.069329738616943,3.6332547664642334,77.8177490234375,-0.486975555606205,-2.8249326481692085,-83.35201948425531,3.037128,13.420349,8.801458,8.883663,-7.41563,-12.027216,10.749183,-5.377745,-28.661678,6.8225183,-13.444277,4.3440714,7.7073064,4.56138,11.077739,9.985529,23.492905,-36.58342,55.481915,13.131498,-4.8091135,14.719735,-17.62683,-45.00032,15.724089,76.6542,-3.185629,3.8476362,7.2077513
1304,-4.041617393493652,3.6480233669281006,77.82515716552734,-0.47541396841125055,-2.8161345081299665,-83.31568899923583,2.9929106,13.371072,8.766441,8.903203,-7.4218583,-11.964174,10.733768,-5.424601,-28.691526,6.824424,-13.42765,4.3574696,7.7436028,4.5273194,11.091772,9.968,23.501614,-36.613537,55.480556,13.130015,-4.7833157,14.717102,-17.738386,-44.789795,15.783708,76.6798,-3.1114924,3.9015806,7.190963
1305,-4.014077186584473,3.6633670330047607,77.82691955566406,-0.4725719497421544,-2.8292830320448306,-83.28320442932973,3.002002,13.3315115,8.7447605,8.869766,-7.4201593,-11.97518,10.749488,-5.4599566,-28.729774,6.822493,-13.409282,4.386303,7.7802935,4.5086246,11.129352,9.95335,23.50598,-36.645973,55.489048,13.1206255,-4.795146,14.730912,-17.84892,-44.570908,15.772719,76.70462,-3.065805,3.9392567,7.1625123
1306,-3.9851925373077393,3.6786484718322754,77.82525634765625,-0.4743079982310214,-2.8553457875758874,-83.25261290666265,3.0425193,13.297339,8.730475,8.804091,-7.413802,-12.029641,10.784046,-5.4885936,-28.773998,6.8177795,-13.389787,4.424057,7.819423,4.497303,11.180888,9.93761,23.506931,-36.682247,55.507847,13.109291,-4.8274865,14.75448,-17.95532,-44.345524,15.715509,76.72786,-3.0371027,3.9672623,7.1265683
1307,-3.9585530757904053,3.700227737426758,77.81880950927734,-0.47700435051001366,-2.8827418882901554,-83.2221766315889,3.0850766,13.264198,8.715526,8.7377405,-7.405959,-12.087679,10.819689,-5.5160494,-28.817745,6.81414,-13.370571,4.463823,7.86281,4.4847093,11.23401,9.919121,23.50619,-36.718487,55.53125,13.098474,-4.8605847,14.773816,-18.054827,-44.118336,15.650568,76.74806,-3.0091038,3.9901817,7.08632
1308,-3.9332587718963623,3.7198872566223145,77.81319427490234,-0.4741691212438501,-2.8996671250046453,-83.1906273360947,3.1004794,13.226678,8.691894,8.700569,-7.3985963,-12.108942,10.839762,-5.5483,-28.854294,6.8124156,-13.351005,4.498855,7.911891,4.4619274,11.276982,9.898041,23.505533,-36.74849,55.551758,13.092374,-4.874523,14.774689,-18.148844,-43.89459,15.614761,76.76731,-2.968974,4.01266,7.045799
1309,-3.9098494052886963,3.735551357269287,77.81324005126953,-0.4650864323921337,-2.901395004275612,-83.15692801746502,3.0764713,13.181877,8.654674,8.70562,-7.389174,-12.076373,10.837324,-5.587591,-28.878942,6.8123784,-13.329886,4.5283813,7.9676533,4.423562,11.304712,9.875826,23.505878,-36.764843,55.565125,13.094672,-4.8583994,14.742621,-18.232697,-43.6796,15.632065,76.78169,-2.9003322,4.036213,7.00485
1310,-3.884620189666748,3.747906446456909,77.8194808959961,-0.45087234096516654,-2.894845665804311,-83.12203914894539,3.0307555,13.132911,8.609213,8.733274,-7.3764725,-12.013528,10.822133,-5.6304927,-28.89624,6.8130918,-13.307346,4.555687,8.026471,4.3771996,11.324723,9.854938,23.50649,-36.770752,55.572605,13.101544,-4.824975,14.687941,-18.312428,-43.472393,15.682995,76.79372,-2.8133879,4.0580955,6.963508
1311,-3.8558695316314697,3.760716438293457,77.82722473144531,-0.43603131960622776,-2.885681934127912,-83.08729889428137,2.977442,13.084456,8.562738,8.770956,-7.368348,-11.941424,10.80302,-5.674022,-28.913252,6.8157406,-13.286332,4.579922,8.084427,4.331371,11.342601,9.837961,23.506392,-36.774128,55.575333,13.109888,-4.7891746,14.634383,-18.393263,-43.26901,15.742031,76.80611,-2.7258499,4.076744,6.9240146
1312,-3.8302369117736816,3.779611110687256,77.8364028930664,-0.42568092523933293,-2.8798015398931023,-83.05387250218118,2.9349325,13.040187,8.523432,8.797211,-7.3678484,-11.880773,10.791496,-5.7137594,-28.937216,6.816164,-13.267414,4.600222,8.138276,4.2938066,11.3639555,9.828313,23.504343,-36.78098,55.573563,13.118436,-4.7659454,14.605362,-18.482225,-43.063705,15.781576,76.82339,-2.6581233,4.090741,6.8882565
1313,-3.802324056625366,3.790935516357422,77.84393310546875,-0.42064468193621035,-2.877914294575069,-83.02247628028468,2.904822,13.002945,8.494074,8.811317,-7.3817315,-11.83036,10.787661,-5.7492867,-28.97142,6.817879,-13.253713,4.6121273,8.185915,4.2665424,11.388604,9.827969,23.499968,-36.793835,55.56832,13.13366,-4.756548,14.614096,-18.584007,-42.853573,15.79432,76.851204,-2.61828,4.0991864,6.8600626
1314,-3.7756130695343018,3.8057613372802734,77.84713745117188,-0.41962291616172714,-2.8771457125335154,-82.99222095344147,2.8783243,12.970125,8.470076,8.823653,-7.406932,-11.781376,10.788703,-5.7811947,-29.011728,6.81665,-13.2417,4.6174045,8.230261,4.244153,11.413433,9.832566,23.493975,-36.810978,55.56175,13.152831,-4.7539077,14.646113,-18.69187,-42.639545,15.793333,76.885284,-2.595177,4.1029882,6.835995
1315,-3.7496559619903564,3.820554494857788,77.84663391113281,-0.4183795681118622,-2.8780374301369536,-82.96225267673456,2.857471,12.93815,8.447983,8.828798,-7.430401,-11.743451,10.791727,-5.8127704,-29.053585,6.8176603,-13.231392,4.624976,8.275083,4.223338,11.439959,9.838025,23.486752,-36.83036,55.55608,13.162901,-4.7601085,14.683818,-18.798164,-42.42237,15.7838545,76.917274,-2.5794876,4.103271,6.8070726
1316,-3.7257730960845947,3.8362655639648438,77.84294128417969,-0.41573564302518107,-2.881199072489263,-82.93165414362727,2.845693,12.903189,8.42467,8.81863,-7.437623,-11.726373,10.796835,-5.845532,-29.092321,6.8168306,-13.216722,4.6437316,8.324642,4.2006216,11.470349,9.838137,23.479145,-36.8517,55.55506,13.149707,-4.777394,14.709838,-18.90056,-42.203297,15.7697315,76.94386,-2.5654042,4.101267,6.764342
1317,-3.703901529312134,3.8540616035461426,77.83981323242188,-0.41093923212545963,-2.890873841990495,-82.89878691954647,2.8538103,12.863517,8.399162,8.779447,-7.4176226,-11.749279,10.810439,-5.879086,-29.128542,6.8140874,-13.197345,4.6821814,8.379045,4.177071,11.509783,9.831636,23.471363,-36.877426,55.559116,13.093312,-4.8177924,14.722265,-18.992996,-41.981453,15.741219,76.95936,-2.5543077,4.093417,6.6987925
1318,-3.677128314971924,3.8706204891204834,77.83711242675781,-0.40456860779727283,-2.9056002351004735,-82.8646607164754,2.8763187,12.821395,8.373118,8.7197,-7.3805165,-11.801528,10.829552,-5.913758,-29.163847,6.810946,-13.174919,4.7337446,8.436591,4.1531687,11.555361,9.8217535,23.463722,-36.906956,55.56683,13.006695,-4.876357,14.729391,-19.076519,-41.757607,15.700209,76.9654,-2.547345,4.080427,6.6170716
1319,-3.6545662879943848,3.8896236419677734,77.83719635009766,-0.3977214356546613,-2.9166100710214695,-82.83214438197069,2.893379,12.779798,8.347271,8.663369,-7.3429217,-11.847994,10.843257,-5.9478507,-29.196394,6.808311,-13.1523075,4.783696,8.49901,4.1281824,11.598265,9.808491,23.456682,-36.93747,55.575462,12.922404,-4.9294705,14.728793,-19.159159,-41.533222,15.664203,76.968575,-2.5399013,4.069701,6.5353985
1320,-3.627577304840088,3.9032187461853027,77.8421401977539,-0.39151052299578626,-2.9153363707785203,-82.80433044624613,2.8836036,12.740723,8.322538,8.637398,-7.3232822,-11.853685,10.840123,-5.981712,-29.223776,6.80627,-13.130873,4.8176866,8.566858,4.0994477,11.62838,9.7966385,23.450294,-36.960835,55.58138,12.877304,-4.953715,14.718019,-19.24815,-41.311077,15.655296,76.97479,-2.5244422,4.068438,6.4695077
1321,-3.604402780532837,3.916266918182373,77.85051727294922,-0.3841267292329908,-2.89223883093288,-82.78403721752628,2.827485,12.70555,8.298752,8.660557,-7.330808,-11.789585,10.805022,-6.016565,-29.242641,6.80841,-13.112112,4.8251595,8.641591,4.064525,11.636473,9.784793,23.4448,-36.97409,55.583843,12.88823,-4.9312625,14.686974,-19.348852,-41.09457,15.696658,76.986115,-2.4931808,4.082126,6.429867
1322,-3.5798728466033936,3.9263997077941895,77.8609848022461,-0.3765699891236304,-2.854235011109427,-82.76885105469562,2.7397628,12.672899,8.2753725,8.716826,-7.3554754,-11.680896,10.748501,-6.051682,-29.255379,6.812734,-13.094393,4.815962,8.721359,4.027026,11.630512,9.773913,23.439137,-36.978893,55.58199,12.935125,-4.8786325,14.639496,-19.46181,-40.881413,15.772519,77.003296,-2.4525,4.1057367,6.4071903
1323,-3.5565249919891357,3.935270309448242,77.86754608154297,-0.3689615637393645,-2.817931139150071,-82.75431556568118,2.6560857,12.641449,8.253539,8.770436,-7.380485,-11.573987,10.69414,-6.0852714,-29.26742,6.816541,-13.076957,4.8064537,8.800492,3.991626,11.625882,9.766085,23.4325,-36.98074,55.578423,12.992218,-4.823651,14.595579,-19.582386,-40.66782,15.850006,77.02569,-2.4134579,4.130881,6.3859515
1324,-3.5355732440948486,3.954174757003784,77.87073516845703,-0.3645243328287601,-2.7998262310429376,-82.73594702684976,2.6081476,12.61069,8.233479,8.792435,-7.3920903,-11.515367,10.665931,-6.115542,-29.284664,6.81849,-13.060365,4.8130426,8.875004,3.964262,11.6384535,9.761498,23.42432,-36.987537,55.575653,13.03248,-4.7941628,14.574921,-19.701473,-40.44748,15.889769,77.04936,-2.3894632,4.1496716,6.350865
1325,-3.5178682804107666,3.96770977973938,77.86857604980469,-0.3645495944436159,-2.811936952318807,-82.7140180740505,2.621783,12.582373,8.219713,8.759886,-7.3824606,-11.537262,10.679218,-6.1395054,-29.307386,6.816348,-13.043192,4.8458214,8.944917,3.9494312,11.679392,9.762512,23.414314,-37.002293,55.57384,13.050891,-4.8056064,14.593784,-19.817493,-40.2155,15.864364,77.07715,-2.387677,4.154898,6.294046
1326,-3.497979164123535,3.9828712940216064,77.86050415039062,-0.36690106559730595,-2.842794194946635,-82.69025173025214,2.6734338,12.55644,8.210397,8.6943655,-7.360491,-11.608317,10.718496,-6.1586723,-29.333042,6.8124495,-13.02685,4.8941092,9.0138035,3.9414582,11.73732,9.765829,23.40361,-37.02328,55.574436,13.060087,-4.84036,14.63817,-19.929228,-39.973248,15.794906,77.10649,-2.4019241,4.152694,6.2233596
1327,-3.4750473499298096,4.000441551208496,77.85321807861328,-0.3682760415862407,-2.8742887967638278,-82.6630374945692,2.7259588,12.528516,8.197129,8.626573,-7.3356023,-11.679324,10.760527,-6.178875,-29.362476,6.807261,-13.010275,4.943151,9.083093,3.9306583,11.794955,9.765187,23.394056,-37.04785,55.579277,13.062133,-4.876163,14.683489,-20.041063,-39.7254,15.723171,77.13595,-2.4231448,4.154219,6.1476064
1328,-3.4523720741271973,4.016788959503174,77.85189819335938,-0.366265413640301,-2.8886284536403193,-82.62999331786673,2.738842,12.495663,8.170357,8.594433,-7.3211684,-11.700749,10.781202,-6.2055483,-29.39643,6.8054013,-12.995196,4.9779897,9.151468,3.9093175,11.834045,9.757921,23.38691,-37.071487,55.588562,13.059159,-4.890925,14.7042,-20.14291,-39.477646,15.688165,77.15084,-2.4412184,4.1707025,6.0759087
1329,-3.429452419281006,4.027331829071045,77.85958099365234,-0.3552827430393197,-2.874824603973559,-82.58915772170704,2.6890635,12.45357,8.12254,8.617503,-7.3215995,-11.639534,10.768009,-6.243298,-29.437195,6.8057594,-12.98023,4.9899783,9.220991,3.8712661,11.846134,9.739044,23.38357,-37.096863,55.60197,13.046994,-4.8710136,14.687095,-20.254576,-39.234367,15.725787,77.16522,-2.4505599,4.2087846,6.0151277
1330,-3.4052398204803467,4.033494472503662,77.87124633789062,-0.33955858790046967,-2.8444434478837253,-82.54184272927095,2.5980465,12.405945,8.059472,8.680248,-7.3331885,-11.52882,10.7355385,-6.2878737,-29.483564,6.8068724,-12.965154,4.988569,9.284662,3.8232563,11.839212,9.718147,23.38293,-37.120617,55.616776,13.025032,-4.831021,14.646985,-20.355114,-38.99607,15.807819,77.1621,-2.4557304,4.260959,5.9592276
1331,-3.3832173347473145,4.036510944366455,77.88134765625,-0.32402874770531953,-2.81343677396572,-82.49239031107781,2.50813,12.357194,7.995996,8.738219,-7.3430214,-11.418072,10.70163,-6.333406,-29.531193,6.811254,-12.952475,4.986392,9.34773,3.7763054,11.833195,9.697,23.383057,-37.13927,55.629196,13.005321,-4.790726,14.601848,-20.460508,-38.756508,15.887634,77.160034,-2.4630191,4.3183413,5.902156
1332,-3.3649091720581055,4.0478515625,77.88741302490234,-0.3120046689698169,-2.79783825653165,-82.44474244750495,2.4534771,12.313447,7.9448524,8.76136,-7.344526,-11.357262,10.687556,-6.3715367,-29.576223,6.8107343,-12.938007,4.9959197,9.412063,3.7397234,11.844768,9.679409,23.382011,-37.147274,55.637405,12.999727,-4.7699013,14.57001,-20.574606,-38.508446,15.919045,77.167305,-2.4780605,4.3717065,5.835656
1333,-3.349637508392334,4.062830448150635,77.88633728027344,-0.30876609817802936,-2.8066063363420346,-82.40268539705471,2.4587617,12.278131,7.9167457,8.7238,-7.3321085,-11.377636,10.70162,-6.3993163,-29.613844,6.809571,-12.924571,5.0236354,9.477116,3.7181797,11.881771,9.670699,23.378042,-37.137688,55.64235,13.019627,-4.78015,14.556577,-20.686852,-38.246475,15.863863,77.17568,-2.5138645,4.417233,5.751049
1334,-3.3313002586364746,4.075573921203613,77.88137817382812,-0.30721326861250264,-2.830019746871706,-82.36303082794588,2.4985325,12.247742,7.901767,8.651288,-7.3120866,-11.446677,10.733563,-6.4200225,-29.647654,6.8054943,-12.91084,5.0616117,9.545248,3.704344,11.934122,9.663304,23.372301,-37.118027,55.64812,13.056302,-4.808603,14.552689,-20.802433,-37.971436,15.753861,77.18915,-2.563922,4.4603915,5.653255
1335,-3.31146502494812,4.094449996948242,77.87368774414062,-0.3077261649161651,-2.8544410399529103,-82.31991520397132,2.5393162,12.217194,7.8838787,8.577327,-7.29026,-11.518523,10.76848,-6.4404798,-29.685171,6.800833,-12.89739,5.1015687,9.611575,3.6888318,11.985271,9.656011,23.366625,-37.094322,55.655525,13.091403,-4.83856,14.553736,-20.907482,-37.68909,15.630751,77.19513,-2.620542,4.5053773,5.553436
1336,-3.292278289794922,4.106008052825928,77.86965942382812,-0.30378547899271685,-2.8670167603721994,-82.26759776750619,2.547959,12.181077,7.8471184,8.535859,-7.272493,-11.547232,10.792301,-6.4669437,-29.734121,6.7978625,-12.885448,5.134986,9.680019,3.6635702,12.024737,9.638749,23.364153,-37.079216,55.664364,13.107058,-4.853056,14.555723,-21.025639,-37.406235,15.563422,77.21485,-2.6509628,4.5564384,5.464909
1337,-3.2746341228485107,4.112679481506348,77.8719253540039,-0.29382523333207355,-2.8615021130735006,-82.20167779920918,2.5073383,12.1354265,7.781892,8.545089,-7.2602406,-11.507935,10.799949,-6.5035186,-29.79972,6.7960496,-12.874574,5.16018,9.73633,3.623984,12.039287,9.623564,23.364447,-37.065994,55.67111,13.092019,-4.842401,14.5514965,-21.106771,-37.12838,15.543135,77.19955,-2.6824172,4.619399,5.3934236
1338,-3.2542262077331543,4.11854362487793,77.87751770019531,-0.2774232885484664,-2.84616991423737,-82.12600525623999,2.43781,12.084148,7.6984997,8.58456,-7.2507434,-11.42942,10.799567,-6.54574,-29.876884,6.7945905,-12.8643875,5.181435,9.789098,3.5777717,12.042433,9.607628,23.36682,-37.053375,55.67361,13.060497,-4.817296,14.544962,-21.17803,-36.854652,15.556968,77.17407,-2.7054107,4.69064,5.333936
1339,-3.2355058193206787,4.125055313110352,77.88609313964844,-0.26288998308844275,-2.828184957006433,-82.04778540776145,2.3614743,12.032616,7.6108494,8.629855,-7.243073,-11.346077,10.797432,-6.5879335,-29.957733,6.793374,-12.8555155,5.1993628,9.855499,3.5306993,12.051431,9.574986,23.373444,-37.0513,55.67558,13.025336,-4.7920246,14.547781,-21.311943,-36.583603,15.643044,77.20868,-2.6572866,4.759324,5.27857
1340,-3.2190098762512207,4.133453369140625,77.89253234863281,-0.2517455353229384,-2.8158537632320626,-81.97389836233474,2.3038883,11.986324,7.5331535,8.652135,-7.234752,-11.292304,10.800414,-6.6244206,-30.034355,6.7912717,-12.847008,5.214708,9.913,3.4901998,12.060272,9.559027,23.378767,-37.03086,55.668808,13.006977,-4.7813745,14.566544,-21.412994,-36.30891,15.661686,77.22104,-2.6442683,4.814836,5.2168
1341,-3.2011165618896484,4.1408796310424805,77.89871978759766,-0.2456564636949904,-2.810961914990837,-81.90910797876766,2.2735813,11.949668,7.4727926,8.639208,-7.226058,-11.282805,10.808303,-6.6511016,-30.102633,6.789537,-12.840524,5.2228384,9.979596,3.4582295,12.077712,9.539897,23.38417,-37.008617,55.662327,13.011087,-4.7922244,14.616114,-21.522383,-36.030293,15.632492,77.254265,-2.6306129,4.8482156,5.1454716
1342,-3.185122013092041,4.146544456481934,77.90015411376953,-0.24341904091211014,-2.8092405866796213,-81.84879756306611,2.2562416,11.918785,7.4208975,8.608765,-7.2188163,-11.29731,10.819186,-6.6714735,-30.167646,6.7865496,-12.83545,5.2250037,10.052696,3.430414,12.098784,9.519212,23.39027,-36.983696,55.654648,13.029901,-4.815631,14.688106,-21.635235,-35.748497,15.575511,77.30078,-2.6135452,4.867193,5.069303
1343,-3.1720657348632812,4.15748405456543,77.898193359375,-0.24186528930187295,-2.8097427496064866,-81.78584558272638,2.2441514,11.886487,7.367711,8.571953,-7.2090664,-11.318099,10.833918,-6.692449,-30.23454,6.7828107,-12.829783,5.2305617,10.126367,3.4031215,12.121334,9.496588,23.397839,-36.957985,55.644855,13.045286,-4.842403,14.75943,-21.7465,-35.46609,15.512001,77.34923,-2.5882342,4.886032,4.991986
1344,-3.16084885597229,4.172321319580078,77.89427185058594,-0.2358293689465567,-2.8118700538422927,-81.71299689542181,2.2281895,11.845688,7.3030972,8.542601,-7.1944094,-11.327439,10.854439,-6.720275,-30.30874,6.7791677,-12.823878,5.248931,10.195227,3.3722048,12.143433,9.475727,23.40716,-36.928192,55.629498,13.045343,-4.863495,14.807093,-21.850668,-35.18766,15.462624,77.38803,-2.5500672,4.918819,4.917377
1345,-3.1427037715911865,4.179689884185791,77.8888931274414,-0.22352362573043727,-2.8181981699637553,-81.6266435012632,2.2099333,11.792239,7.2231417,8.522551,-7.170981,-11.325258,10.885449,-6.7585964,-30.393425,6.7755947,-12.816579,5.2889023,10.248322,3.3400245,12.163356,9.465598,23.41561,-36.88651,55.60221,13.015537,-4.8795576,14.818534,-21.90288,-34.91063,15.363535,77.37395,-2.5619793,4.970287,4.8446326
1346,-3.125683307647705,4.193624973297119,77.8855972290039,-0.20726586147026352,-2.8280635455792864,-81.5312305803403,2.1935487,11.730723,7.133765,8.503564,-7.1405945,-11.319448,10.925484,-6.8025866,-30.485367,6.7702007,-12.808075,5.343358,10.307833,3.304959,12.189712,9.444824,23.42716,-36.84966,55.571774,12.966326,-4.8939505,14.810267,-21.977013,-34.641754,15.320588,77.37841,-2.509597,5.0318675,4.7716928
1347,-3.1045777797698975,4.201444149017334,77.88623046875,-0.18951845096938227,-2.8360525267201737,-81.43176291813417,2.1711516,11.666775,7.0393543,8.490653,-7.11177,-11.30428,10.964328,-6.8484664,-30.579851,6.7645783,-12.799399,5.397807,10.376785,3.2669506,12.219539,9.412019,23.443848,-36.82208,55.542892,12.918484,-4.902964,14.7968645,-22.105322,-34.385445,15.389904,77.430336,-2.3449667,5.099733,4.704447
1348,-3.0832505226135254,4.202648639678955,77.89131927490234,-0.1732883316374425,-2.8367283627186386,-81.33337422114614,2.1355505,11.60567,6.9445925,8.488334,-7.0934443,-11.273921,10.993448,-6.892041,-30.672466,6.758815,-12.791837,5.4378777,10.425866,3.233096,12.232993,9.401404,23.457085,-36.780422,55.510418,12.896062,-4.903773,14.788453,-22.17169,-34.127293,15.346095,77.4242,-2.2995543,5.1721325,4.6523604
1349,-3.062666654586792,4.203181743621826,77.9015121459961,-0.15970211311088164,-2.822836251922724,-81.23659760122037,2.0729537,11.54924,6.8478875,8.507891,-7.0929246,-11.212082,11.0007305,-6.933256,-30.760292,6.7579374,-12.788205,5.4539285,10.48911,3.1942713,12.234211,9.373771,23.473753,-36.760723,55.49539,12.916504,-4.885827,14.791175,-22.27109,-33.880264,15.383078,77.45115,-2.1731603,5.2533884,4.620874
1350,-3.046851873397827,4.208662033081055,77.90937042236328,-0.1466988242541043,-2.79946165812672,-81.13889218902645,1.9916489,11.493853,6.747971,8.543209,-7.1040764,-11.1267185,10.995585,-6.9735575,-30.846502,6.757213,-12.785569,5.455602,10.5456,3.1555007,12.222298,9.350513,23.490242,-36.74251,55.48358,12.963816,-4.854571,14.795484,-22.35654,-33.638817,15.402441,77.46405,-2.0705867,5.343915,4.607057
1351,-3.028780460357666,4.209888935089111,77.91332244873047,-0.13275351520430628,-2.778386354754728,-81.04122103827537,1.9156883,11.43861,6.6491747,8.573134,-7.1142297,-11.048588,10.994272,-7.01309,-30.934488,6.7556467,-12.783111,5.457277,10.607807,3.1181536,12.214727,9.323442,23.507803,-36.72557,55.473484,13.005787,-4.8276525,14.804606,-22.456745,-33.4048,15.450797,77.491714,-1.9294147,5.4305906,4.5919757
1352,-3.0084095001220703,4.210443019866943,77.91253662109375,-0.12020092598742876,-2.7714603172731054,-80.94426264998066,1.869262,11.382702,6.555726,8.575621,-7.110126,-11.008639,11.013338,-7.0518994,-31.027935,6.751242,-12.778958,5.4732914,10.667809,3.0882185,12.22286,9.305332,23.523445,-36.692883,55.455296,13.009859,-4.823275,14.819597,-22.547434,-33.171032,15.458379,77.51177,-1.812639,5.5015206,4.5594306
1353,-2.9911210536956787,4.216485977172852,77.905517578125,-0.1096874124686332,-2.789712555098695,-80.84951976195943,1.8744296,11.327291,6.472462,8.533048,-7.085198,-11.036048,11.065986,-7.089152,-31.129204,6.7458763,-12.77389,5.5130324,10.727157,3.0692627,12.256931,9.296244,23.535957,-36.6391,55.428627,12.949673,-4.85899,14.844428,-22.625126,-32.932785,15.391291,77.52321,-1.7376225,5.5514054,4.4925594
1354,-2.9725496768951416,4.229703426361084,77.89646911621094,-0.09927213495233779,-2.824180463959398,-80.75626561236669,1.9136063,11.272375,6.3958645,8.459397,-7.046409,-11.107381,11.142092,-7.123813,-31.236107,6.737058,-12.767328,5.5668364,10.78989,3.0563328,12.30874,9.289231,23.547089,-36.574295,55.399902,12.848618,-4.9208856,14.877828,-22.704683,-32.692356,15.299239,77.53964,-1.6630427,5.5871344,4.403067
1355,-2.953429937362671,4.242554187774658,77.89177703857422,-0.08774016532421028,-2.8568335167693966,-80.6615151534893,1.9485455,11.215795,6.317304,8.388997,-7.0072737,-11.174418,11.215978,-7.160678,-31.344358,6.7283444,-12.760548,5.621041,10.85049,3.0419126,12.358164,9.284378,23.557898,-36.507492,55.37227,12.745431,-4.9798584,14.912503,-22.78344,-32.452595,15.2097,77.55645,-1.5942127,5.6150384,4.3175573
1356,-2.9315154552459717,4.25093412399292,77.89286804199219,-0.07278887203786262,-2.8697665790039655,-80.56272474422477,1.9425868,11.154633,6.2286043,8.354055,-6.980217,-11.1887455,11.264058,-7.202974,-31.449974,6.721714,-12.755184,5.6618967,10.90693,3.017853,12.386864,9.275894,23.570444,-36.453594,55.351395,12.675798,-5.006671,14.942419,-22.868319,-32.21958,15.174417,77.57821,-1.5102463,5.640995,4.262143
1357,-2.9092941284179688,4.255030155181885,77.89976501464844,-0.051954979290643355,-2.850175786893419,-80.45739711703723,1.8691565,11.085153,6.1230435,8.377008,-6.971062,-11.115072,11.269909,-7.2554226,-31.5509,6.719564,-12.753789,5.6811767,10.956855,2.9772873,12.383264,9.263949,23.585835,-36.413963,55.336185,12.660126,-4.9796553,14.965577,-22.961428,-31.999155,15.227032,77.60567,-1.3974074,5.668019,4.256233
1358,-2.8846778869628906,4.250385761260986,77.91068267822266,-0.026294961741563923,-2.8106019079620674,-80.34752120152552,1.7530919,11.0095215,6.0066442,8.437853,-6.9736133,-10.986553,11.2488,-7.3153467,-31.64951,6.720676,-12.754354,5.6876936,10.999148,2.9286537,12.359472,9.252502,23.602364,-36.381214,55.32224,12.673737,-4.9191184,14.984988,-23.052221,-31.788395,15.315782,77.62914,-1.2879016,5.692878,4.2836876
1359,-2.862595796585083,4.254931449890137,77.91883087158203,-0.001887184664346623,-2.7698698508334747,-80.23686408323867,1.6364051,10.934234,5.8905582,8.497629,-6.976718,-10.85804,11.226942,-7.3744583,-31.74836,6.722164,-12.755117,5.6933937,11.042111,2.8821552,12.33483,9.240656,23.619406,-36.355366,55.31059,12.692895,-4.8587775,15.001731,-23.150871,-31.585737,15.432952,77.659065,-1.1573641,5.7112775,4.31505
1360,-2.8427140712738037,4.259765625,77.92265319824219,0.016822190186383996,-2.7472854971591656,-80.12963799657892,1.5608035,10.86467,5.7859344,8.519703,-6.971368,-10.784004,11.2294445,-7.4261584,-31.849504,6.720133,-12.751974,5.7104416,11.084416,2.85064,12.3256035,9.238104,23.633091,-36.326096,55.298088,12.696804,-4.8327003,15.015776,-23.236809,-31.381607,15.480215,77.67681,-1.0764824,5.719596,4.3228483
1361,-2.8217601776123047,4.268182277679443,77.92127990722656,0.026316611188572696,-2.7538057618765586,-80.02729774157343,1.551277,10.806634,5.698944,8.479859,-6.952238,-10.798695,11.271686,-7.462998,-31.955229,6.7129064,-12.744248,5.7441063,11.131251,2.840532,12.341552,9.2405815,23.643007,-36.29862,55.290634,12.669539,-4.86348,15.029542,-23.319307,-31.173628,15.459645,77.69474,-1.0184872,5.709644,4.292056
1362,-2.7966506481170654,4.276101112365723,77.91703033447266,0.02710676270068822,-2.776984546668396,-79.92767136833619,1.5801951,10.755611,5.622481,8.403192,-6.92548,-10.866499,11.3359165,-7.4917693,-32.06352,6.704394,-12.733907,5.7873726,11.180219,2.8433993,12.370805,9.246645,23.64968,-36.274002,55.28897,12.626965,-4.928478,15.042004,-23.39761,-30.962503,15.391994,77.71144,-0.98390174,5.6858625,4.239428
1363,-2.7722842693328857,4.286769866943359,77.91027069091797,0.03036374160927571,-2.8020762099313097,-79.828674094974,1.6129073,10.703759,5.5471897,8.323839,-6.8973403,-10.937298,11.403105,-7.5210104,-32.171345,6.6941104,-12.722236,5.8331504,11.230839,2.846258,12.400676,9.252206,23.654694,-36.252846,55.291927,12.588392,-4.993265,15.051936,-23.472597,-30.751501,15.31692,77.72405,-0.968731,5.662548,4.1810837
1364,-2.7464654445648193,4.29202938079834,77.90602111816406,0.03971217973258903,-2.8135416723488125,-79.72803714002714,1.6143509,10.643219,5.463838,8.276597,-6.874545,-10.961027,11.4521265,-7.5607324,-32.275085,6.6869006,-12.713184,5.87431,11.281882,2.8364103,12.418889,9.255675,23.659594,-36.23308,55.296078,12.574855,-5.0234165,15.056994,-23.543077,-30.54455,15.266672,77.727394,-0.97710323,5.653955,4.133892
1365,-2.7213315963745117,4.294210433959961,77.90684509277344,0.06263123939606868,-2.8044383846247274,-79.6224640542444,1.5660492,10.56816,5.365794,8.279323,-6.858605,-10.911455,11.47381,-7.6172714,-32.37465,6.6833777,-12.7072735,5.909819,11.333392,2.8062694,12.419794,9.254221,23.666113,-36.215115,55.300453,12.599953,-4.9982696,15.054438,-23.611176,-30.346327,15.275922,77.72094,-0.99704057,5.668487,4.1041074
1366,-2.6967756748199463,4.2988057136535645,77.9123764038086,0.09335647272813342,-2.783650084185629,-79.51386372081761,1.4901398,10.483691,5.259691,8.309984,-6.845891,-10.819525,11.480747,-7.6842833,-32.47161,6.6806574,-12.701978,5.943237,11.388926,2.7692592,12.414202,9.247363,23.673025,-36.20319,55.302486,12.648803,-4.940313,15.044827,-23.669315,-30.168623,15.320218,77.696175,-1.0236738,5.6974177,4.0870743
1367,-2.670553207397461,4.300964832305908,77.91944122314453,0.12453739340363537,-2.7613657157874156,-79.4086128628464,1.4108126,10.398791,5.1554756,8.346565,-6.835969,-10.721245,11.483715,-7.7527294,-32.56488,6.681152,-12.699193,5.974174,11.440105,2.725868,12.404236,9.248015,23.680487,-36.186115,55.30581,12.702968,-4.8787923,15.035255,-23.741283,-29.979143,15.37641,77.684616,-1.0606991,5.727794,4.0671
1368,-2.6444015502929688,4.302052974700928,77.92607879638672,0.1497882226789584,-2.747608720667409,-79.31287078681567,1.3539708,10.322179,5.0634103,8.36296,-6.8259478,-10.652526,11.494982,-7.8132577,-32.65316,6.6801867,-12.694835,6.0025153,11.493894,2.6936095,12.401704,9.252898,23.687008,-36.174244,55.308323,12.736075,-4.843941,15.030058,-23.818842,-29.79248,15.414611,77.67632,-1.0938361,5.748542,4.0435495
1369,-2.622746229171753,4.307793140411377,77.93034362792969,0.16515794787575058,-2.7462130366785584,-79.23158264796233,1.3287399,10.258846,4.9888525,8.351959,-6.8180428,-10.627475,11.518352,-7.8607492,-32.733963,6.6773934,-12.689569,6.0249214,11.56233,2.687651,12.415404,9.256241,23.690062,-36.18119,55.307304,12.7402935,-4.8507204,15.034154,-23.88449,-29.635845,15.415527,77.6494,-1.1100532,5.754112,4.0247846
1370,-2.597712993621826,4.315561771392822,77.93183898925781,0.17605324634984265,-2.751544192499388,-79.1603395194346,1.3220268,10.203089,4.9255276,8.324096,-6.81093,-10.625563,11.547194,-7.9010525,-32.808994,6.674669,-12.685106,6.042492,11.623747,2.6736479,12.425556,9.2678385,23.693176,-36.18656,55.322186,12.728379,-4.8794627,15.048862,-23.987686,-29.435873,15.416168,77.66862,-1.1285282,5.7491484,3.9884849
1371,-2.5723049640655518,4.3254313468933105,77.9290771484375,0.18567030091519598,-2.7590790048357694,-79.09133270866133,1.3207868,10.148658,4.865363,8.292619,-6.803262,-10.630244,11.578343,-7.9405446,-32.882393,6.671374,-12.679064,6.0618834,11.684994,2.6633499,12.437937,9.282972,23.69608,-36.189316,55.33257,12.710724,-4.9123144,15.058611,-24.092562,-29.24152,15.422175,77.68596,-1.1459829,5.7442408,3.9504712
1372,-2.54121470451355,4.330267906188965,77.9246597290039,0.19785041153512295,-2.764495835175881,-79.01687668250061,1.3130386,10.089706,4.8003726,8.268272,-6.792446,-10.625367,11.609523,-7.983652,-32.95889,6.668134,-12.672212,6.089309,11.744021,2.649486,12.447443,9.300535,23.69824,-36.17978,55.33718,12.699672,-4.9301596,15.052973,-24.19117,-29.052826,15.440171,77.69605,-1.1771785,5.7478666,3.9086943
1373,-2.5133755207061768,4.335203170776367,77.92015075683594,0.2156383103971662,-2.767995110577369,-78.93369798516221,1.2996582,10.023726,4.7287064,8.247446,-6.7722025,-10.611321,11.642038,-8.032933,-33.041046,6.663694,-12.662292,6.131323,11.799088,2.6310081,12.454372,9.318874,23.699358,-36.152035,55.33454,12.693984,-4.9268866,15.0214615,-24.280714,-28.869131,15.47584,77.694145,-1.2250818,5.764829,3.8599122
1374,-2.485171318054199,4.34136438369751,77.91864013671875,0.23431122096242366,-2.7712330488789636,-78.84597348833965,1.2840694,9.954763,4.654094,8.229768,-6.747486,-10.595379,11.676492,-8.084603,-33.126045,6.6593003,-12.650816,6.182771,11.85019,2.6119153,12.460209,9.342088,23.698381,-36.108406,55.32491,12.691764,-4.9129505,14.97215,-24.36133,-28.687609,15.505508,77.681046,-1.302574,5.789922,3.8058102
1375,-2.4570844173431396,4.346330642700195,77.92147064208984,0.25565920028382927,-2.773146688885972,-78.75830173593151,1.2644986,9.88457,4.578483,8.21807,-6.725301,-10.570795,11.709778,-8.137216,-33.210155,6.6535444,-12.638528,6.2332025,11.903401,2.5925639,12.464099,9.363831,23.696373,-36.06843,55.315178,12.691243,-4.8946524,14.922663,-24.440342,-28.515331,15.549808,77.66695,-1.3741492,5.816449,3.7536635
1376,-2.433136463165283,4.348113536834717,77.92716979980469,0.2755738626153432,-2.77190228643734,-78.67506225517356,1.2383403,9.814952,4.5037785,8.216434,-6.7131205,-10.530997,11.736004,-8.191008,-33.289253,6.651993,-12.629642,6.2721395,11.957509,2.570459,12.46299,9.385368,23.694036,-36.04305,55.31181,12.692692,-4.878088,14.891039,-24.526821,-28.344263,15.606281,77.665695,-1.4361501,5.8379436,3.7077181
1377,-2.4053993225097656,4.349075794219971,77.93646240234375,0.29436298558000856,-2.7632535177735207,-78.59750525021408,1.1946758,9.746873,4.4278407,8.2379,-6.719541,-10.460481,11.749102,-8.245536,-33.361477,6.6529117,-12.6235285,6.2911615,12.011725,2.5438743,12.450272,9.408207,23.69214,-36.041794,55.31759,12.698931,-4.861606,14.889531,-24.622225,-28.168425,15.670756,77.685104,-1.4950168,5.850316,3.6730955
1378,-2.374741554260254,4.347172260284424,77.94259643554688,0.3144971110612499,-2.749119614862131,-78.52338948552749,1.1393006,9.67858,4.350993,8.274208,-6.737373,-10.367256,11.75394,-8.301022,-33.42917,6.653886,-12.618443,6.2977076,12.068591,2.5137959,12.430287,9.430006,23.69144,-36.058624,55.328575,12.707898,-4.842959,14.906252,-24.720655,-27.997986,15.751639,77.71382,-1.5421547,5.858014,3.6469512
1379,-2.3424153327941895,4.345713138580322,77.94441223144531,0.3326718636485055,-2.738340722748224,-78.45113076742166,1.0905931,9.610507,4.276825,8.306059,-6.7543845,-10.2803545,11.762358,-8.356622,-33.495373,6.6555862,-12.613855,6.305327,12.127288,2.4854248,12.414095,9.452424,23.69035,-36.074177,55.33706,12.716869,-4.827667,14.921226,-24.818947,-27.831131,15.830977,77.74171,-1.58992,5.86629,3.6194947
1380,-2.315687894821167,4.349948883056641,77.94185638427734,0.35176287435000825,-2.7397927326049447,-78.37914688698208,1.06836,9.542451,4.209425,8.313058,-6.7587757,-10.228645,11.787612,-8.410627,-33.5632,6.6549373,-12.607061,6.32754,12.188871,2.4669154,12.414079,9.475331,23.686275,-36.071068,55.33481,12.722774,-4.8214717,14.9137125,-24.902372,-27.675358,15.866696,77.74525,-1.6717283,5.881326,3.584163
1381,-2.2873003482818604,4.3573899269104,77.93562316894531,0.3681163933191683,-2.763435662404532,-78.30704815309882,1.0925382,9.474823,4.152331,8.276513,-6.7413297,-10.238442,11.842553,-8.462796,-33.6343,6.651455,-12.596977,6.374595,12.245101,2.454155,12.43496,9.505613,23.676819,-36.029453,55.32446,12.722268,-4.832419,14.871286,-24.993252,-27.503777,15.861526,77.74847,-1.7940094,5.9050174,3.524077
1382,-2.2572579383850098,4.367812156677246,77.93004608154297,0.3850525296348429,-2.802359029467527,-78.23552819133504,1.1481308,9.407865,4.1024218,8.211526,-6.710601,-10.288167,11.917882,-8.512975,-33.707077,6.6450934,-12.584463,6.437007,12.305412,2.4555166,12.475082,9.536715,23.662949,-35.970688,55.30193,12.717138,-4.855806,14.805263,-25.066202,-27.348337,15.805348,77.72362,-1.9559038,5.935342,3.4572337
1383,-2.223906993865967,4.37559700012207,77.9272689819336,0.4018543842807838,-2.838898414091752,-78.16508755830934,1.2009917,9.341025,4.053665,8.1472845,-6.6788545,-10.334891,11.9901495,-8.563183,-33.77874,6.638073,-12.570974,6.4989257,12.360272,2.4469297,12.509053,9.566266,23.645348,-35.904602,55.29157,12.7159815,-4.875942,14.741875,-25.158178,-27.172344,15.769202,77.72145,-2.10967,5.9663386,3.3818793
1384,-2.1920487880706787,4.380095958709717,77.931640625,0.42081189186421086,-2.856353024806069,-78.09658956727313,1.2157605,9.274768,3.9997492,8.115661,-6.6599593,-10.335828,12.036035,-8.614804,-33.846596,6.6332335,-12.558364,6.544498,12.415577,2.4293244,12.525881,9.590536,23.629147,-35.852974,55.287804,12.726678,-4.8781304,14.700477,-25.252151,-27.003248,15.77613,77.72258,-2.2282636,5.9949827,3.3196876
1385,-2.164841890335083,4.381214618682861,77.93828582763672,0.43970707988247154,-2.8404243935569116,-78.02996500071771,1.1643648,9.208031,3.9359758,8.141391,-6.662869,-10.258225,12.036573,-8.66981,-33.9087,6.635494,-12.550089,6.5639186,12.492184,2.4109101,12.523409,9.594398,23.620018,-35.84048,55.280937,12.75308,-4.847123,14.681426,-25.302765,-26.891964,15.814631,77.673386,-2.3049817,6.0227513,3.2933736
1386,-2.137317419052124,4.379935264587402,77.94679260253906,0.4626597942185951,-2.803514981392696,-77.96483787812558,1.0720645,9.140575,3.8668504,8.200909,-6.677788,-10.132137,12.00946,-8.726551,-33.967396,6.638307,-12.541834,6.567464,12.545648,2.3582141,12.488522,9.606239,23.609358,-35.814972,55.29966,12.795322,-4.793244,14.683062,-25.410824,-26.716095,15.926124,77.69698,-2.3560114,6.0473285,3.255352
1387,-2.109752655029297,4.38143253326416,77.9529800415039,0.48548382680655316,-2.767975891996841,-77.90137964011384,0.982944,9.074328,3.800048,8.258175,-6.693371,-10.00848,11.982133,-8.783335,-34.024403,6.643987,-12.535282,6.5693893,12.598402,2.3083928,12.457046,9.61993,23.602722,-35.796074,55.31262,12.836469,-4.74447,14.697232,-25.517506,-26.552458,16.047037,77.71643,-2.3892527,6.0697517,3.2232413
1388,-2.081329822540283,4.386506080627441,77.95552062988281,0.5033506181586098,-2.755934978487137,-77.83935015624645,0.939481,9.012117,3.7426682,8.278601,-6.6984854,-9.93848,11.985313,-8.835219,-34.08265,6.6454473,-12.526841,6.583945,12.658694,2.2805498,12.450489,9.632243,23.596586,-35.791214,55.316433,12.8631,-4.727796,14.722639,-25.600107,-26.414406,16.112144,77.70907,-2.4383395,6.0890326,3.1941528
1389,-2.0509371757507324,4.392096519470215,77.95307159423828,0.5151445924819412,-2.7820352070685734,-77.7807965552784,0.97229105,8.956803,3.702109,8.236856,-6.6880994,-9.957962,12.0379,-8.878403,-34.142197,6.641184,-12.516966,6.617691,12.707925,2.2660854,12.469489,9.654565,23.587132,-35.792343,55.330605,12.8675165,-4.7685666,14.7840185,-25.70998,-26.248999,16.14424,77.73829,-2.4951017,6.102076,3.1452472
1390,-2.0197839736938477,4.401345729827881,77.9465560913086,0.5220639769474724,-2.8314875675112994,-77.72495972735224,1.0503538,8.9068775,3.67223,8.159183,-6.6694956,-10.032337,12.119428,-8.916746,-34.201733,6.6351423,-12.506698,6.6622324,12.757981,2.266996,12.508312,9.676669,23.575861,-35.80822,55.348213,12.857609,-4.846687,14.8725195,-25.817589,-26.087664,16.141806,77.76753,-2.5575547,6.111151,3.0922108
1391,-1.9917004108428955,4.410928726196289,77.93963623046875,0.5287684456287634,-2.8824833019404834,-77.66817782557185,1.1304612,8.855595,3.6411812,8.081048,-6.6496654,-10.106525,12.203819,-8.955513,-34.26233,6.6284127,-12.496268,6.7088504,12.809462,2.2692106,12.54966,9.693723,23.564165,-35.825623,55.363907,12.843868,-4.9189854,14.948009,-25.91882,-25.937393,16.141493,77.79027,-2.6077724,6.117931,3.0424047
1392,-1.9633699655532837,4.4206719398498535,77.935302734375,0.5431597637716478,-2.9136364661248533,-77.60649566450813,1.1679294,8.796217,3.5968769,8.039578,-6.6353536,-10.125541,12.263623,-9.001993,-34.324764,6.6239448,-12.485943,6.749069,12.859092,2.2569985,12.575265,9.706875,23.552683,-35.822773,55.370296,12.841244,-4.9423018,14.969869,-26.012848,-25.792616,16.168182,77.80628,-2.6437323,6.1239285,3.0009365
1393,-1.935162901878357,4.42630672454834,77.938232421875,0.566423068400023,-2.9132536113060548,-77.53506791785641,1.1351805,8.722809,3.5291278,8.062096,-6.6317883,-10.0551195,12.285846,-9.061422,-34.391483,6.6246834,-12.477456,6.7806764,12.913519,2.228224,12.581441,9.708425,23.544415,-35.79822,55.354145,12.855214,-4.884017,14.899871,-26.076094,-25.680275,16.232796,77.78573,-2.6475458,6.1290197,2.9790494
1394,-1.9054290056228638,4.429426193237305,77.94496154785156,0.5985939442755,-2.895062313085255,-77.45722436426551,1.0622959,8.639607,3.44711,8.120038,-6.632049,-9.931115,12.2867775,-9.129647,-34.461254,6.626541,-12.468176,6.808287,12.945983,2.173676,12.566932,9.718937,23.535181,-35.735195,55.331802,12.881589,-4.773812,14.771792,-26.166115,-25.5363,16.345238,77.79775,-2.635046,6.1308994,2.953647
1395,-1.8747093677520752,4.4282636642456055,77.95503234863281,0.6292080347889869,-2.8743944303564217,-77.38141723638277,0.9855302,8.557481,3.366695,8.181847,-6.6347585,-9.803899,12.283962,-9.197484,-34.52952,6.6294594,-12.459972,6.833169,12.979635,2.119658,12.553123,9.729054,23.528273,-35.66953,55.304817,12.904733,-4.663214,14.643175,-26.253681,-25.403164,16.468416,77.80423,-2.614116,6.1330657,2.9334998
1396,-1.8471834659576416,4.430719375610352,77.96243286132812,0.6530783743703241,-2.8673971848971314,-77.31640293789457,0.94433445,8.487108,3.3040454,8.208894,-6.634565,-9.723823,12.2954035,-9.2554865,-34.591805,6.630503,-12.4523945,6.856635,13.03863,2.091442,12.559631,9.724576,23.523705,-35.641224,55.282043,12.907094,-4.603739,14.572414,-26.30563,-25.31675,16.546116,77.76649,-2.6116526,6.139208,2.925714
1397,-1.8222354650497437,4.4358296394348145,77.96347045898438,0.6652781077593637,-2.8809739372611496,-77.26973224065114,0.95737165,8.435018,3.270338,8.185137,-6.6329093,-9.717219,12.3281145,-9.299302,-34.64356,6.630395,-12.447507,6.876742,13.085607,2.069794,12.575609,9.735992,23.51618,-35.617207,55.284927,12.877146,-4.623209,14.601107,-26.409828,-25.187899,16.625196,77.78608,-2.623764,6.146727,2.9025013
1398,-1.7951732873916626,4.440811634063721,77.96016693115234,0.6703737281893511,-2.9057109714109326,-77.23497010914704,1.0003726,8.39473,3.2544668,8.133487,-6.6317244,-9.752918,12.372032,-9.333895,-34.688072,6.6283064,-12.443494,6.8935504,13.14587,2.0625465,12.60431,9.741184,23.509481,-35.615402,55.29849,12.822832,-4.689805,14.68703,-26.507298,-25.074963,16.685537,77.79568,-2.6393416,6.1564455,2.883045
1399,-1.7683628797531128,4.450675010681152,77.95372772216797,0.6739656973066661,-2.932253712149283,-77.19986815990372,1.0474764,8.355686,3.23888,8.077102,-6.628734,-9.795176,12.418843,-9.366587,-34.733574,6.6246986,-12.438283,6.9114103,13.205127,2.0569134,12.634129,9.743984,23.502504,-35.616478,55.3147,12.775104,-4.7632313,14.779123,-26.60375,-24.964266,16.737804,77.80591,-2.6782184,6.1679764,2.863394
1400,-1.7397871017456055,4.462696552276611,77.94644927978516,0.6835175111574354,-2.9510895957779413,-77.15212410010002,1.0718478,8.307744,3.205862,8.04044,-6.621935,-9.808336,12.459151,-9.405187,-34.787678,6.6217103,-12.4302225,6.934574,13.247921,2.038293,12.652946,9.748707,23.495037,-35.60024,55.32656,12.763701,-4.8029404,14.826077,-26.708157,-24.839682,16.79806,77.83091,-2.7560642,6.1813116,2.8381243
1401,-1.7091728448867798,4.472959995269775,77.94532775878906,0.697971563021166,-2.9590294575086022,-77.08442127857612,1.0615515,8.246081,3.1455088,8.0371275,-6.6106834,-9.779134,12.492053,-9.45276,-34.856377,6.619329,-12.41785,6.966888,13.287525,2.0174077,12.667153,9.745291,23.489468,-35.574604,55.31663,12.80733,-4.790971,14.798543,-26.775578,-24.747093,16.832687,77.817566,-2.9101462,6.1980934,2.8205252
1402,-1.6785930395126343,4.47923469543457,77.94798278808594,0.7173686392511166,-2.961786467050977,-77.00442924525402,1.0339742,8.177028,3.0691283,8.048665,-6.5943217,-9.72789,12.521572,-9.504805,-34.93445,6.6170063,-12.402206,7.00513,13.307759,1.9825957,12.67086,9.748749,23.483038,-35.52499,55.302692,12.891411,-4.7509217,14.731962,-26.858683,-24.631338,16.876556,77.82852,-3.1144078,6.2161736,2.7936091
1403,-1.6501648426055908,4.4853339195251465,77.95316314697266,0.7358210784467155,-2.961499817188418,-76.92309213082022,0.9997669,8.106608,2.9902983,8.065934,-6.5791345,-9.669139,12.547114,-9.557862,-35.01195,6.615457,-12.386421,7.043173,13.336512,1.9554788,12.678473,9.740857,23.479086,-35.491276,55.28285,12.976484,-4.7065744,14.657805,-26.915575,-24.549318,16.906597,77.806465,-3.316872,6.2377257,2.7784235
1404,-1.6239415407180786,4.491008281707764,77.95960998535156,0.7533632373841405,-2.9609528302182597,-76.85112189647273,0.97085124,8.040952,2.9225097,8.075928,-6.5690064,-9.617678,12.568087,-9.6082735,-35.079456,6.613547,-12.371598,7.074905,13.3664055,1.9300177,12.687648,9.727979,23.476336,-35.47413,55.272804,13.0317335,-4.6806054,14.613921,-26.979862,-24.466686,16.943207,77.78817,-3.467076,6.261784,2.7679684
1405,-1.5941742658615112,4.493590831756592,77.9655990600586,0.7694818043545557,-2.9588200591512153,-76.79157928271498,0.9459104,7.9814444,2.8691552,8.079158,-6.5684996,-9.571346,12.579647,-9.656426,-35.13223,6.6142845,-12.360874,7.096164,13.386988,1.8980584,12.691229,9.718116,23.475279,-35.47056,55.280724,13.048591,-4.6807714,14.616152,-27.075539,-24.354765,16.994543,77.801285,-3.5408332,6.2886753,2.7601173
1406,-1.5697062015533447,4.502821445465088,77.96903228759766,0.7831718633796875,-2.9543969727217583,-76.73870941689776,0.9197484,7.9249554,2.8231242,8.082276,-6.5748005,-9.524214,12.584073,-9.703627,-35.17613,6.616727,-12.3524275,7.1111064,13.426915,1.8872787,12.710316,9.691795,23.475924,-35.494835,55.278877,13.04785,-4.695841,14.636497,-27.12223,-24.310476,17.018559,77.74144,-3.5671396,6.3207974,2.782178
1407,-1.544870376586914,4.5127129554748535,77.96845245361328,0.796720692796279,-2.9510593271595225,-76.68972093603878,0.90007514,7.871036,2.781758,8.076478,-6.5782933,-9.485724,12.589488,-9.748348,-35.21724,6.616399,-12.34164,7.125849,13.4431305,1.8465093,12.705853,9.675305,23.48027,-35.517323,55.308834,13.022513,-4.7132006,14.673402,-27.24734,-24.166542,17.08545,77.79516,-3.5879066,6.350798,2.766532
1408,-1.5172803401947021,4.524341583251953,77.96471405029297,0.8070260924955329,-2.9533301752162044,-76.64230254477829,0.89101535,7.820604,2.7420957,8.062877,-6.574886,-9.464956,12.601839,-9.789895,-35.260834,6.6176906,-12.3293705,7.1466894,13.474955,1.8296441,12.724886,9.648661,23.484535,-35.539333,55.313915,12.997818,-4.7278347,14.694519,-27.326406,-24.08716,17.13366,77.7844,-3.6487632,6.3820095,2.7571259
1409,-1.4873775243759155,4.5382819175720215,77.96022033691406,0.8131411840662214,-2.966934605036746,-76.5953809688044,0.90446585,7.77503,2.7036579,8.029646,-6.5572624,-9.47892,12.63251,-9.824422,-35.31147,6.6136003,-12.310849,7.1789136,13.491101,1.8046017,12.7456255,9.633233,23.492285,-35.53989,55.317417,12.9580145,-4.736838,14.704459,-27.445314,-23.957829,17.197626,77.83217,-3.7873614,6.413453,2.7080066
1410,-1.4607328176498413,4.553888320922852,77.95484924316406,0.815441319479906,-2.9883300892777163,-76.55041728561082,0.9352843,7.733782,2.6679757,7.9799633,-6.529791,-9.517804,12.674382,-9.853821,-35.365097,6.607887,-12.289513,7.2180233,13.511474,1.7900612,12.779195,9.614071,23.500893,-35.538715,55.31098,12.9055,-4.745768,14.707155,-27.55813,-23.845245,17.267275,77.87157,-3.9575517,6.446822,2.6479719
1411,-1.4340381622314453,4.567721366882324,77.95423126220703,0.8187379188450592,-3.0065469244063205,-76.50839892004852,0.9611899,7.693444,2.6349263,7.934139,-6.502579,-9.550995,12.710178,-9.883521,-35.415337,6.60327,-12.267494,7.2553186,13.531996,1.774545,12.811357,9.591448,23.510906,-35.538795,55.30504,12.855343,-4.751966,14.708464,-27.668556,-23.734987,17.33559,77.91033,-4.133527,6.4772024,2.5864418
1412,-1.4101440906524658,4.581111907958984,77.95764923095703,0.824610785660398,-3.011191953818292,-76.47038030047877,0.9595501,7.6509905,2.6041245,7.913631,-6.4861135,-9.547833,12.7242985,-9.9180765,-35.45599,6.6023364,-12.248147,7.282023,13.575362,1.7687407,12.843682,9.542793,23.516619,-35.563293,55.304356,12.827808,-4.7542753,14.709872,-27.726208,-23.687328,17.38745,77.883026,-4.263228,6.500809,2.5546916
1413,-1.383079171180725,4.591205596923828,77.96571350097656,0.8374053014243525,-2.991184664302996,-76.43611940967928,0.9106763,7.602709,2.57483,7.933534,-6.4857917,-9.481074,12.70174,-9.961681,-35.484093,6.605735,-12.232262,7.291009,13.610688,1.7394354,12.844902,9.491434,23.52711,-35.6001,55.323006,12.820977,-4.746801,14.718155,-27.804848,-23.61286,17.468588,77.89106,-4.3232045,6.5094724,2.5326478
1414,-1.3587478399276733,4.602313995361328,77.97549438476562,0.8537300637386543,-2.954935982382369,-76.40527572144507,0.8291543,7.5517263,2.547085,7.9825473,-6.4962616,-9.373584,12.654194,-10.010729,-35.503166,6.6124754,-12.218184,7.2884884,13.634756,1.6908078,12.828224,9.445987,23.544752,-35.630676,55.346256,12.833736,-4.732023,14.7289915,-27.904163,-23.512592,17.57278,77.92692,-4.343247,6.507438,2.5135472
1415,-1.334882378578186,4.613077163696289,77.9817123413086,0.8699956500043904,-2.9199841361218977,-76.37817789030912,0.75200516,7.502469,2.5234983,8.027385,-6.5060134,-9.269553,12.606415,-10.059348,-35.517933,6.6196933,-12.204059,7.285818,13.651545,1.638018,12.812987,9.41002,23.568766,-35.648262,55.36238,12.853987,-4.7178764,14.740535,-28.012678,-23.40155,17.678976,77.970375,-4.364509,6.50478,2.490886
1416,-1.3106199502944946,4.625672817230225,77.98416900634766,0.8810977810073468,-2.904459379881821,-76.35529866556605,0.71373194,7.460035,2.506016,8.040765,-6.506739,-9.213127,12.583326,-10.100439,-35.533028,6.625452,-12.188969,7.2941637,13.685831,1.6118672,12.824674,9.362151,23.583956,-35.66859,55.373234,12.871221,-4.712875,14.751077,-28.07808,-23.337677,17.742569,77.95533,-4.429296,6.513145,2.4695737
1417,-1.2867684364318848,4.641504287719727,77.98087310791016,0.883660517369071,-2.9207837852698555,-76.33844623003814,0.7400822,7.42714,2.4980605,8.002498,-6.49344,-9.234938,12.6024885,-10.130397,-35.549465,6.624269,-12.169359,7.320394,13.704038,1.5948361,12.859052,9.346345,23.604965,-35.653522,55.363056,12.884555,-4.721301,14.765214,-28.180738,-23.235378,17.78917,77.97791,-4.5768204,6.535696,2.416984
1418,-1.262467861175537,4.658005714416504,77.97389221191406,0.8816233236968958,-2.9571336423679333,-76.32723079175007,0.80600643,7.400941,2.4976285,7.934693,-6.473564,-9.304888,12.646741,-10.153306,-35.564342,6.621698,-12.149215,7.357255,13.745806,1.6160523,12.924132,9.312789,23.609314,-35.647774,55.347515,12.902317,-4.7402935,14.778622,-28.22405,-23.208912,17.791157,77.917816,-4.7680435,6.5706,2.3735719
1419,-1.2373480796813965,4.676201343536377,77.96605682373047,0.8784993507634744,-2.9932673080362213,-76.31697739048715,0.87289405,7.376491,2.4979033,7.864666,-6.4523835,-9.377,12.69124,-10.173993,-35.5788,6.6168504,-12.127248,7.3947253,13.763371,1.6064787,12.976207,9.298568,23.626139,-35.61374,55.340565,12.914243,-4.756976,14.795183,-28.325438,-23.098452,17.810911,77.937294,-4.9587564,6.602415,2.3049946
1420,-1.2116940021514893,4.693291664123535,77.96385192871094,0.8775543363705459,-3.0097702789069087,-76.303849168439,0.9006809,7.349589,2.4921465,7.8251314,-6.438471,-9.404711,12.709498,-10.198238,-35.592247,6.6149244,-12.105565,7.423039,13.785556,1.59878,13.013072,9.271192,23.638824,-35.59517,55.338326,12.911676,-4.76381,14.80504,-28.397486,-23.02672,17.848434,77.92637,-5.0779357,6.624623,2.2606459
1421,-1.188046932220459,4.707848072052002,77.96724700927734,0.8805559925622347,-2.994610004963461,-76.2829992713042,0.86534625,7.3168178,2.4739227,7.8347645,-6.4354854,-9.360334,12.687952,-10.228938,-35.60743,6.6176915,-12.085507,7.4374166,13.791065,1.5621886,13.013664,9.246849,23.661156,-35.574894,55.34472,12.884789,-4.7516203,14.806934,-28.489252,-22.931606,17.948185,77.94972,-5.0775595,6.633281,2.2306538
1422,-1.163818120956421,4.720032691955566,77.97566986083984,0.8876660712886123,-2.9610841523096068,-76.25782534361826,0.79225165,7.28114,2.4484665,7.8748493,-6.439661,-9.273587,12.642799,-10.262747,-35.623417,6.623698,-12.066935,7.4437943,13.801741,1.5215083,12.9992695,9.208783,23.683128,-35.56801,55.357956,12.84094,-4.7283735,14.802284,-28.554844,-22.861736,18.057697,77.94806,-5.00994,6.6347904,2.221419
1423,-1.141418218612671,4.730442523956299,77.98587799072266,0.8917004468648413,-2.925051167362219,-76.23675785328327,0.7163807,7.248005,2.426544,7.9168105,-6.4456806,-9.184654,12.59286,-10.294816,-35.63536,6.62905,-12.046678,7.448362,13.825203,1.488306,12.986111,9.155086,23.699598,-35.574646,55.37985,12.796205,-4.706879,14.797426,-28.594584,-22.820055,18.155697,77.92136,-4.9339924,6.630045,2.2183506
1424,-1.1170833110809326,4.742074012756348,77.99337768554688,0.8924462635948602,-2.902881677085796,-76.22789334730325,0.6719673,7.2230945,2.4184146,7.9333444,-6.448604,-9.133797,12.55674,-10.320568,-35.6386,6.6331167,-12.02487,7.4572096,13.845035,1.469809,12.985949,9.119029,23.716175,-35.569683,55.38525,12.76678,-4.699017,14.798031,-28.648466,-22.777748,18.240025,77.91285,-4.914848,6.617212,2.2012737
1425,-1.0942682027816772,4.759608745574951,77.9958267211914,0.8854915063981429,-2.902584994010255,-76.23631101896191,0.6767366,7.2098613,2.4300795,7.910687,-6.447886,-9.140779,12.54362,-10.336634,-35.630337,6.6332827,-11.999293,7.4733014,13.86702,1.4695544,13.006995,9.095718,23.73143,-35.554214,55.380276,12.756765,-4.7163043,14.808689,-28.710363,-22.734621,18.296099,77.91749,-4.997083,6.594511,2.1593978
1426,-1.0724740028381348,4.77801513671875,77.99172973632812,0.8739126683297653,-2.9141665306150233,-76.25675927105262,0.7096168,7.2046137,2.4549265,7.864938,-6.4454074,-9.181117,12.541341,-10.346792,-35.61338,6.6337657,-11.97286,7.492951,13.891753,1.481633,13.039583,9.079613,23.74388,-35.53242,55.369972,12.759766,-4.7492375,14.825502,-28.772652,-22.693851,18.325562,77.9282,-5.1469116,6.562829,2.103395
1427,-1.051451325416565,4.799443244934082,77.9861831665039,0.8607184227269622,-2.92681199950817,-76.28168458720931,0.74595004,7.202732,2.4844482,7.8170385,-6.4427695,-9.228862,12.53946,-10.3538885,-35.592346,6.6317925,-11.944812,7.512154,13.923487,1.4950775,13.072499,9.055634,23.755062,-35.517113,55.36631,12.769422,-4.7799525,14.8431,-28.815893,-22.660059,18.344194,77.92214,-5.2836943,6.5308213,2.0462217
1428,-1.0298572778701782,4.820316314697266,77.98002624511719,0.8506101200863002,-2.931125062217544,-76.30377694548326,0.7665479,7.198333,2.510886,7.778949,-6.436119,-9.25775,12.525459,-10.364816,-35.570633,6.6352034,-11.920001,7.527211,13.940096,1.503376,13.100063,9.039812,23.76753,-35.48883,55.351852,12.784795,-4.791252,14.852934,-28.895073,-22.618925,18.387318,77.950264,-5.340744,6.497162,2.0040414
1429,-1.0131815671920776,4.841984748840332,77.9793472290039,0.8440933215610116,-2.9216719897636696,-76.3195659087623,0.7584624,7.1908517,2.5295582,7.762105,-6.426332,-9.260653,12.495711,-10.3782215,-35.55052,6.638461,-11.895946,7.5366693,13.954114,1.4994164,13.115601,9.013744,23.781193,-35.461563,55.342262,12.811807,-4.7693233,14.852546,-28.954044,-22.579853,18.43126,77.94916,-5.279718,6.4689527,1.9866315
1430,-0.9942511320114136,4.859084606170654,77.98250579833984,0.8387199720825042,-2.904679639330205,-76.33344778077368,0.73538166,7.1824694,2.5456426,7.7564263,-6.4139333,-9.251445,12.457147,-10.392134,-35.529636,6.6409354,-11.871827,7.542721,13.970334,1.4927242,13.126536,8.978457,23.793528,-35.43782,55.33473,12.84968,-4.7266254,14.84567,-29.002495,-22.551888,18.471138,77.932655,-5.1436753,6.441088,1.9869423
1431,-0.9719237685203552,4.872749328613281,77.9888916015625,0.8340941902761984,-2.885909523082183,-76.3504062852372,0.7085831,7.1753407,2.5649295,7.755005,-6.403354,-9.236292,12.413778,-10.406504,-35.505207,6.6461535,-11.849381,7.546533,13.998488,1.4882026,13.136961,8.926409,23.800217,-35.428196,55.34039,12.884195,-4.6844325,14.839293,-29.027342,-22.541288,18.49975,77.89643,-4.997522,6.418155,1.9881382
1432,-0.9525494575500488,4.887598991394043,77.99738311767578,0.8282329356576748,-2.869838477361267,-76.37429684553447,0.6883948,7.170703,2.592621,7.7521415,-6.3993177,-9.221173,12.369422,-10.421775,-35.474934,6.656412,-11.828616,7.549296,14.004954,1.4863272,13.145424,8.910111,23.816536,-35.400154,55.319366,12.896657,-4.6633983,14.8346615,-29.084812,-22.52007,18.564842,77.90394,-4.8964114,6.401635,1.9661117
1433,-0.9319881200790405,4.905745983123779,78.00310516357422,0.8214504000534393,-2.8572414255159346,-76.41090762053274,0.6746341,7.170474,2.635069,7.7513595,-6.407615,-9.201733,12.324918,-10.435981,-35.43466,6.6657863,-11.806625,7.549482,14.039768,1.4873958,13.157068,8.866762,23.82213,-35.398712,55.330204,12.884361,-4.676724,14.844121,-29.106907,-22.516449,18.603159,77.895,-4.891717,6.4007277,1.914031
1434,-0.9145472049713135,4.924621105194092,78.00624084472656,0.8141535825019464,-2.8450405052485093,-76.45641654661887,0.6621056,7.173118,2.687759,7.75572,-6.425337,-9.176652,12.271911,-10.454319,-35.385597,6.690034,-11.791669,7.5472083,14.064812,1.4937705,13.163086,8.842488,23.833502,-35.39797,55.32919,12.842643,-4.7112036,14.857868,-29.1506,-22.513824,18.68982,77.91903,-4.9074774,6.409849,1.840887
1435,-0.8962439298629761,4.941123962402344,78.00518798828125,0.8060613397657985,-2.8359030726833687,-76.50124184946893,0.6546912,7.1765237,2.7395184,7.754775,-6.4405403,-9.1569605,12.22694,-10.468496,-35.338657,6.703291,-11.770929,7.5457015,14.097425,1.4989331,13.172374,8.811321,23.836937,-35.397457,55.33628,12.812063,-4.7447996,14.871852,-29.16713,-22.514633,18.721586,77.927605,-4.964687,6.417738,1.7647699
1436,-0.8795501589775085,4.961012840270996,78.00237274169922,0.7983691720230439,-2.830807267996107,-76.5388279348674,0.6540339,7.17808,2.781998,7.7448025,-6.4462056,-9.153422,12.188613,-10.4821005,-35.299046,6.719772,-11.752213,7.5480585,14.092691,1.5162641,13.181313,8.807339,23.85006,-35.37808,55.313923,12.779186,-4.7653728,14.865208,-29.221102,-22.522251,18.817545,77.969894,-4.942699,6.4118714,1.7034742
1437,-0.8630697727203369,4.979379653930664,77.99877166748047,0.7879025058639727,-2.8352191772375193,-76.56408331755368,0.66856503,7.178418,2.8090754,7.7173553,-6.436109,-9.181572,12.171254,-10.489137,-35.272953,6.7252116,-11.727959,7.5586386,14.069739,1.5365915,13.203071,8.818311,23.863894,-35.32472,55.268505,12.785198,-4.7600775,14.82968,-29.255941,-22.535479,18.867237,77.98837,-4.899446,6.3875947,1.6642445
1438,-0.8465203642845154,5.000395774841309,77.99568176269531,0.7771470793793549,-2.8459404530157952,-76.58296994944855,0.69500893,7.1781316,2.827829,7.675729,-6.4150643,-9.231393,12.167509,-10.491628,-35.25472,6.722241,-11.698909,7.574499,14.054371,1.5568076,13.221404,8.805992,23.870314,-35.287605,55.250694,12.798421,-4.740553,14.780091,-29.273079,-22.545902,18.874653,78.011986,-4.847837,6.3504887,1.6290349
1439,-0.8332123160362244,5.021793842315674,77.99583435058594,0.7669393146707141,-2.855330190739717,-76.59805553732261,0.71757877,7.1759467,2.8424466,7.6364756,-6.3926044,-9.275697,12.161866,-10.496118,-35.239788,6.723342,-11.672864,7.588467,14.014209,1.5775199,13.250976,8.818813,23.880352,-35.21656,55.201126,12.831788,-4.7171054,14.732225,-29.29099,-22.567396,18.88088,78.019485,-4.789412,6.311369,1.6052228
1440,-0.81730055809021,5.038418769836426,78.00028228759766,0.7597290506179433,-2.8535707132760098,-76.61396150730164,0.71651083,7.1714907,2.8584785,7.619682,-6.3803463,-9.287613,12.13859,-10.506129,-35.222427,6.731347,-11.651891,7.592783,13.975014,1.5907385,13.269443,8.825098,23.894096,-35.162495,55.164204,12.855609,-4.7033224,14.7126465,-29.296001,-22.600351,18.898579,78.02205,-4.713062,6.2751403,1.5835526
1441,-0.8012063503265381,5.0534586906433105,78.00797271728516,0.7593393442634531,-2.8316495482977384,-76.62988417574067,0.6745311,7.162095,2.8757453,7.6386695,-6.382872,-9.24359,12.082342,-10.527737,-35.20198,6.7564874,-11.64157,7.580688,13.941643,1.5919045,13.266955,8.816895,23.912859,-35.14576,55.14919,12.860953,-4.700713,14.740507,-29.285503,-22.648754,18.928398,78.02108,-4.6224637,6.244369,1.5649055
1442,-0.7881562113761902,5.069460391998291,78.01554107666016,0.7615720881095941,-2.796283066337161,-76.64428545221803,0.60468936,7.14917,2.8919342,7.682884,-6.3953147,-9.163478,12.006691,-10.555809,-35.181255,6.788748,-11.636058,7.5576825,13.908144,1.5812922,13.246482,8.795045,23.92882,-35.153458,55.16155,12.857685,-4.7034693,14.801269,-29.271444,-22.693647,18.95869,78.0336,-4.5248814,6.2141867,1.5458882
1443,-0.7767916321754456,5.086742401123047,78.02245330810547,0.7644304555468154,-2.7630605757038005,-76.6596360738225,0.538145,7.1367297,2.9090402,7.725652,-6.4077334,-9.085218,11.932877,-10.583765,-35.15986,6.8225584,-11.632566,7.535238,13.879542,1.578508,13.231715,8.77608,23.953053,-35.171513,55.160194,12.84875,-4.708706,14.863857,-29.228964,-22.770447,18.982372,78.01672,-4.4086647,6.185769,1.5333089
1444,-0.7654972672462463,5.103207111358643,78.0237045288086,0.7643512683525464,-2.7473027730841064,-76.67842757391163,0.5059763,7.128309,2.928946,7.741608,-6.411318,-9.046604,11.884148,-10.604458,-35.13756,6.8466897,-11.624606,7.5248675,13.845186,1.5818955,13.225989,8.761642,23.97046,-35.177174,55.16612,12.842421,-4.715329,14.906723,-29.195215,-22.834557,18.984205,78.02455,-4.29754,6.155085,1.5097548
1445,-0.7547481656074524,5.120126724243164,78.02030944824219,0.7582596687624431,-2.760616158283153,-76.70354063689796,0.52918994,7.126947,2.9540422,7.716489,-6.402815,-9.073932,11.87787,-10.611987,-35.114155,6.8516655,-11.606856,7.5341415,13.811935,1.6059043,13.247458,8.75744,23.988329,-35.168793,55.156826,12.839726,-4.724208,14.91775,-29.1486,-22.91447,18.961065,78.02122,-4.172642,6.1253443,1.4754708
1446,-0.7453915476799011,5.140793800354004,78.0135498046875,0.7497183409904885,-2.792295091776109,-76.73290143044757,0.58704066,7.1300187,2.9825237,7.6662235,-6.3869953,-9.141576,11.898429,-10.611234,-35.08982,6.8451343,-11.584142,7.55534,13.778459,1.6426966,13.284747,8.75786,24.004387,-35.153553,55.143753,12.838833,-4.736232,14.911955,-29.094337,-23.003155,18.91453,78.01695,-4.042183,6.0955687,1.4335414
1447,-0.7336261868476868,5.162153720855713,78.01001739501953,0.7414189105154363,-2.8242886575838013,-76.76162548705487,0.64608866,7.132843,3.0103776,7.61484,-6.370155,-9.209699,11.919889,-10.610477,-35.06536,6.838816,-11.562371,7.577277,13.74636,1.6827749,13.322349,8.757326,24.020668,-35.141617,55.12832,12.834479,-4.7477655,14.899394,-29.023094,-23.110813,18.86293,78.001625,-3.904249,6.063684,1.4008777
1448,-0.7227514386177063,5.181412696838379,78.00873565673828,0.7377211753296872,-2.839137953296903,-76.78475143806992,0.67097044,7.1310964,3.0329103,7.5900283,-6.3596716,-9.238396,11.918556,-10.616432,-35.04204,6.839275,-11.544979,7.5886836,13.696813,1.7051448,13.333403,8.761947,24.032114,-35.126442,55.125885,12.822501,-4.7548175,14.89323,-28.96948,-23.19689,18.83394,78.02362,-3.774317,6.0262513,1.3800247
1449,-0.7127418518066406,5.1947808265686035,78.0129623413086,0.7394039145977513,-2.824821135923594,-76.79771502782354,0.63919294,7.121825,3.0457656,7.6082754,-6.359009,-9.202541,11.876181,-10.635641,-35.02009,6.8602195,-11.539509,7.583333,13.6493635,1.7214423,13.323923,8.760367,24.050098,-35.128902,55.110737,12.796999,-4.753402,14.887455,-28.872185,-23.332567,18.815212,78.00079,-3.6349056,5.981385,1.405472
1450,-0.703665018081665,5.206101894378662,78.01994323730469,0.7456512160682685,-2.793548409572126,-76.80418851954883,0.5749179,7.10767,3.052509,7.650041,-6.362909,-9.128199,11.811847,-10.661343,-34.999435,6.887837,-11.538699,7.5682025,13.58041,1.7156742,13.284825,8.765358,24.063341,-35.12564,55.112904,12.763171,-4.745791,14.88482,-28.80104,-23.431322,18.818855,78.030365,-3.5004442,5.9285836,1.4400628
1451,-0.6932812333106995,5.214709281921387,78.02799987792969,0.7512412907120618,-2.761971247767412,-76.81198412542807,0.5093147,7.093719,3.060488,7.6956487,-6.3693314,-9.052376,11.746968,-10.687314,-34.977993,6.915802,-11.5385475,7.5522013,13.51673,1.718561,13.251115,8.774173,24.08104,-35.124336,55.098663,12.727916,-4.740902,14.881592,-28.704409,-23.568117,18.8202,78.02877,-3.3676016,5.8783956,1.4867147
1452,-0.684397280216217,5.223240852355957,78.03325653076172,0.7543373082791142,-2.7477913657666764,-76.82888901117559,0.4773822,7.0854344,3.0771823,7.7187624,-6.3731027,-9.01213,11.703727,-10.706322,-34.954014,6.9375987,-11.5358305,7.544052,13.473316,1.7410498,13.239435,8.780496,24.10003,-35.128662,55.073444,12.698408,-4.7465987,14.882314,-28.573116,-23.74427,18.78281,77.98565,-3.2656105,5.8389053,1.525046
1453,-0.6777149438858032,5.236386299133301,78.03337097167969,0.7519752272062398,-2.7603785928381157,-76.8592570827472,0.50048006,7.084738,3.106835,7.7014213,-6.3709903,-9.0278425,11.696132,-10.714487,-34.92785,6.9462676,-11.526596,7.5485554,13.422192,1.7648958,13.240201,8.801681,24.109545,-35.106228,55.062687,12.673625,-4.770691,14.894611,-28.483297,-23.869795,18.734705,78.00024,-3.20284,5.8125815,1.5166136
1454,-0.6698722243309021,5.253594875335693,78.02774810791016,0.7474068583846253,-2.789327000327727,-76.89817777524146,0.5539608,7.089194,3.1442983,7.6658983,-6.368758,-9.076183,11.709939,-10.715865,-34.900154,6.9464464,-11.513162,7.5602746,13.386311,1.8080101,13.261999,8.823108,24.117281,-35.081764,55.040493,12.65153,-4.8077364,14.909626,-28.365128,-24.0332,18.66014,77.97926,-3.1587498,5.7969456,1.5007634
1455,-0.6644660234451294,5.270608901977539,78.0213623046875,0.7414963732620456,-2.8200986767260554,-76.9395070640965,0.6116358,7.0950885,3.1843863,7.6281095,-6.36558,-9.129006,11.725123,-10.716233,-34.869984,6.947622,-11.501008,7.5724115,13.351462,1.85409,13.283662,8.842901,24.12086,-35.063087,55.024685,12.6378,-4.84311,14.930436,-28.238766,-24.205639,18.578312,77.95487,-3.1385005,5.7827153,1.4851184
1456,-0.6597645878791809,5.287439823150635,78.01820373535156,0.739071760431391,-2.8387922532742698,-76.97709681853307,0.64606756,7.098891,3.2214222,7.6066265,-6.362062,-9.15802,11.724576,-10.720101,-34.83673,6.9516845,-11.4912815,7.5781593,13.303304,1.8899755,13.289406,8.863991,24.12243,-35.053654,55.02027,12.639583,-4.8623896,14.957799,-28.121185,-24.370792,18.53045,77.94768,-3.1218264,5.760745,1.4816022
1457,-0.6537715792655945,5.298344612121582,78.01727294921875,0.7408944439165718,-2.8381903683523473,-77.00821486482256,0.64511675,7.098775,3.2539947,7.607092,-6.3554926,-9.152188,11.696417,-10.731313,-34.79883,6.9662714,-11.488039,7.5747538,13.236843,1.9116563,13.273095,8.887696,24.12447,-35.055733,55.026226,12.667167,-4.8550644,14.995428,-28.010525,-24.528858,18.518677,77.95484,-3.1208959,5.7273974,1.4944073
1458,-0.6493767499923706,5.30747127532959,78.02129364013672,0.7462686683179193,-2.8271847097131184,-77.03664765530814,0.62330735,7.0975566,3.284625,7.623033,-6.348633,-9.127797,11.654256,-10.745002,-34.757607,6.9836125,-11.487531,7.5661073,13.169502,1.9344178,13.249834,8.908112,24.127083,-35.07383,55.031883,12.714659,-4.83129,15.039511,-27.879366,-24.714722,18.524439,77.93978,-3.1268842,5.6888046,1.5249435
1459,-0.647541344165802,5.316256046295166,78.02806854248047,0.7504377033853502,-2.814933823602999,-77.06538298218464,0.5986742,7.096769,3.3152034,7.6438284,-6.3438487,-9.097399,11.609419,-10.759301,-34.71441,7.0034842,-11.488205,7.5555606,13.098331,1.9551132,13.222819,8.92966,24.129387,-35.097633,55.042057,12.761803,-4.806987,15.08384,-27.749704,-24.902864,18.537464,77.931274,-3.140524,5.64891,1.5634944
1460,-0.645513117313385,5.325221061706543,78.03438568115234,0.7546713588342319,-2.811674261737495,-77.09782481443325,0.58753484,7.0976806,3.3472922,7.6612377,-6.34419,-9.073535,11.575649,-10.770753,-34.67154,7.0225277,-11.488467,7.5463996,13.023709,1.9749403,13.199178,8.9601755,24.130371,-35.113205,55.05266,12.795264,-4.7982445,15.120495,-27.630886,-25.080332,18.544857,77.940575,-3.1583443,5.612531,1.6050519
1461,-0.6442918181419373,5.335677623748779,78.03862762451172,0.7544666448276642,-2.820355877018266,-77.13581530512484,0.5947733,7.101414,3.3817112,7.676286,-6.3544955,-9.056761,11.553831,-10.779672,-34.6277,7.045278,-11.488468,7.5385895,12.954821,2.0031693,13.184889,8.993645,24.129454,-35.131947,55.063637,12.804372,-4.819183,15.153809,-27.505402,-25.268663,18.52834,77.94827,-3.1826322,5.580573,1.6600342
1462,-0.6430938243865967,5.345659255981445,78.03809356689453,0.752947587336211,-2.8357024725255733,-77.17703630824803,0.6124939,7.106785,3.4174292,7.689919,-6.3704324,-9.041381,11.542861,-10.783899,-34.58367,7.060519,-11.4841385,7.530499,12.883753,2.03083,13.172091,9.031488,24.127121,-35.151375,55.080208,12.800031,-4.8575425,15.187285,-27.384457,-25.452566,18.503036,77.96849,-3.2166889,5.5503902,1.7229334
1463,-0.6400555968284607,5.353199481964111,78.03419494628906,0.7518317711728588,-2.854446262733,-77.2193959261041,0.6341083,7.1130223,3.4532754,7.704422,-6.3879213,-9.030282,11.535818,-10.787748,-34.54009,7.07684,-11.481399,7.52369,12.817706,2.063749,13.164539,9.066502,24.122982,-35.17308,55.09209,12.791522,-4.8919997,15.205054,-27.25296,-25.656078,18.484129,77.97503,-3.239473,5.523395,1.7919859
1464,-0.6395091414451599,5.362817287445068,78.02915954589844,0.7510493166782225,-2.8731579710777337,-77.2601342660348,0.6579721,7.1186757,3.488605,7.7124853,-6.3978915,-9.026381,11.529649,-10.793085,-34.49897,7.0948668,-11.482643,7.519552,12.747483,2.0956578,13.158582,9.103885,24.116093,-35.181763,55.094273,12.791061,-4.900462,15.194002,-27.119246,-25.860292,18.461113,77.97372,-3.2767637,5.5008025,1.854497
1465,-0.6373087167739868,5.372758388519287,78.02467346191406,0.7518400998947622,-2.8933158430583594,-77.29820084779254,0.6876107,7.1232204,3.5229657,7.7094297,-6.395809,-9.037668,11.531774,-10.797649,-34.462997,7.104783,-11.484664,7.5206327,12.67242,2.126652,13.158368,9.144867,24.106098,-35.163555,55.077744,12.8015375,-4.865477,15.129533,-26.987225,-26.069426,18.456482,77.96404,-3.305336,5.4837,1.9071338
1466,-0.6355690956115723,5.38264274597168,78.02281951904297,0.7544265094679333,-2.916164124770546,-77.33521208131656,0.7236133,7.1274185,3.556869,7.6981683,-6.3864155,-9.060149,11.539999,-10.802044,-34.430466,7.111381,-11.488153,7.5255513,12.586603,2.1522305,13.159264,9.19491,24.094278,-35.120148,55.049927,12.817046,-4.8023634,15.0267315,-26.86993,-26.261715,18.46037,77.96758,-3.342044,5.470738,1.9493239
1467,-0.6342484354972839,5.390552997589111,78.02442932128906,0.7575607982890346,-2.9372974115569765,-77.37228505138071,0.75582397,7.1319766,3.5905006,7.6911836,-6.3785014,-9.0788765,11.548103,-10.804982,-34.3978,7.113653,-11.490338,7.529256,12.505742,2.1854002,13.1630125,9.2387705,24.078344,-35.08949,55.020878,12.836523,-4.7396483,14.928188,-26.733397,-26.486906,18.467005,77.94177,-3.374835,5.460936,1.9994893
1468,-0.6368718147277832,5.39668607711792,78.02901458740234,0.7592160523701689,-2.952120556640038,-77.41115212730625,0.7752719,7.137763,3.6242754,7.6979394,-6.3796096,-9.078865,11.543227,-10.809762,-34.360474,7.125318,-11.495791,7.52694,12.426202,2.2153292,13.154825,9.275003,24.061668,-35.09599,55.015026,12.854237,-4.704501,14.880195,-26.595358,-26.710608,18.465837,77.92087,-3.4268906,5.4508324,2.0519776
1469,-0.6385757327079773,5.400834560394287,78.03565216064453,0.7632295459977669,-2.9557103274436924,-77.45268953550284,0.77217305,7.1439486,3.658384,7.727172,-6.3949113,-9.044472,11.518262,-10.817321,-34.316715,7.145144,-11.50312,7.514189,12.348956,2.2377784,13.127684,9.301832,24.047441,-35.158802,55.04142,12.872502,-4.709812,14.908937,-26.459827,-26.935158,18.477114,77.91072,-3.4891543,5.438876,2.1123123
1470,-0.6395593881607056,5.404148578643799,78.04057312011719,0.7673000044240255,-2.9511395263783213,-77.49592915759469,0.75353265,7.150284,3.6926677,7.771638,-6.4193115,-8.987555,11.478756,-10.8274355,-34.268555,7.1726007,-11.513279,7.4946866,12.272805,2.255013,13.087796,9.323089,24.035799,-35.2597,55.08688,12.890911,-4.7389355,14.985264,-26.321054,-27.161036,18.484556,77.90235,-3.5725212,5.426852,2.1776032
1471,-0.6419797539710999,5.408624172210693,78.044189453125,0.770356405693011,-2.94814864389313,-77.53934827083238,0.73701715,7.1586447,3.726656,7.815439,-6.4438868,-8.934521,11.442007,-10.834725,-34.219604,7.1982155,-11.522382,7.475459,12.196369,2.273182,13.048635,9.3444195,24.024942,-35.36641,55.13299,12.905601,-4.7749515,15.071919,-26.179474,-27.387615,18.48057,77.89065,-3.662935,5.4165535,2.238389
1472,-0.6461676955223083,5.412216663360596,78.04180145263672,0.7711870277433697,-2.956109165604068,-77.58112927217093,0.7424051,7.1705594,3.7602606,7.8396044,-6.458928,-8.911821,11.423075,-10.834789,-34.17284,7.214749,-11.526314,7.463553,12.116845,2.297902,13.022445,9.369755,24.012667,-35.44833,55.164577,12.909367,-4.800936,15.131921,-26.042774,-27.614996,18.472956,77.87741,-3.7347875,5.409609,2.284595
1473,-0.6513484716415405,5.420604705810547,78.03582763671875,0.7669023792848847,-2.984468703947207,-77.6212642389606,0.7854751,7.1866775,3.7938783,7.8341446,-6.459796,-8.939268,11.436947,-10.8241,-34.12843,7.2143264,-11.52016,7.4650035,12.030105,2.3347788,13.019987,9.404967,23.995775,-35.489647,55.173313,12.895077,-4.8173556,15.157558,-25.912672,-27.840155,18.444523,77.862465,-3.7939723,5.406385,2.3085868
1474,-0.6572020053863525,5.429549694061279,78.02838134765625,0.7601383528325649,-3.025882293757383,-77.66045853892008,0.8524652,7.2065783,3.8273957,7.809799,-6.4515324,-8.998592,11.469504,-10.806846,-34.084316,7.208818,-11.5106325,7.474628,11.936464,2.3796887,13.030943,9.445764,23.974123,-35.50838,55.17194,12.867536,-4.8315377,15.168454,-25.789019,-28.06216,18.399124,77.849106,-3.852016,5.4061117,2.3167315
1475,-0.6626147031784058,5.437993049621582,78.02420043945312,0.7521494676955373,-3.064172076731781,-77.69850350761067,0.91596854,7.2281017,3.8599932,7.7846904,-6.4421864,-9.058725,11.497875,-10.7888975,-34.04187,7.2067285,-11.503881,7.4828653,11.840755,2.4226637,13.038797,9.484437,23.949526,-35.520607,55.171627,12.843511,-4.8375125,15.16724,-25.668556,-28.283194,18.361044,77.83621,-3.9016488,5.4088073,2.3208146
1476,-0.6673495769500732,5.441318511962891,78.02386474609375,0.7455655832370576,-3.083418626124443,-77.73501445089624,0.9479267,7.2499046,3.8902216,7.7775726,-6.4394693,-9.088661,11.503989,-10.77187,-34.003117,7.2043467,-11.499344,7.4798894,11.746904,2.4551175,13.0269575,9.514058,23.924778,-35.54251,55.18219,12.838297,-4.829114,15.156747,-25.546564,-28.506489,18.349113,77.82064,-3.9423866,5.4143853,2.333066
1477,-0.6746204495429993,5.441934108734131,78.02790069580078,0.7421766007560581,-3.0704404450688805,-77.76808786664941,0.9255339,7.270854,3.915486,7.8024626,-6.4481754,-9.066561,11.469261,-10.759923,-33.96987,7.210566,-11.503204,7.459033,11.656869,2.4703152,12.983222,9.532137,23.901983,-35.57727,55.2054,12.869338,-4.7930684,15.125354,-25.41786,-28.73513,18.37702,77.79615,-3.9735627,5.428177,2.3600461
1478,-0.6831779479980469,5.442136287689209,78.03634643554688,0.739352232822652,-3.0368832602160682,-77.79840830482088,0.86812174,7.2920947,3.9370284,7.84787,-6.4638953,-9.013492,11.407997,-10.750654,-33.940655,7.2235904,-11.513353,7.426781,11.568979,2.4747572,12.919798,9.541794,23.881447,-35.619316,55.23476,12.921062,-4.7364793,15.075578,-25.287247,-28.970076,18.43876,77.76581,-3.988279,5.448373,2.394775
1479,-0.6950341463088989,5.4431257247924805,78.043701171875,0.7357371174584818,-3.003364945134607,-77.82983527608505,0.81293285,7.315306,3.960074,7.8903117,-6.4795127,-8.962745,11.349878,-10.737564,-33.912243,7.2294474,-11.520352,7.3934455,11.483094,2.4799516,12.856719,9.550743,23.861677,-35.661858,55.262257,12.971293,-4.684004,15.029786,-25.15528,-29.2084,18.49892,77.73198,-3.9973743,5.464554,2.429729
1480,-0.7068406939506531,5.442366600036621,78.04623413085938,0.7294952332777701,-2.9910088397246484,-77.86626730440754,0.7943098,7.343164,3.9894412,7.911933,-6.4907694,-8.947738,11.316466,-10.7195425,-33.879917,7.2358456,-11.527063,7.3692527,11.397742,2.4966815,12.812947,9.5637455,23.84095,-35.701916,55.28361,12.9927025,-4.66015,15.011477,-25.025137,-29.447144,18.52081,77.70037,-4.0158973,5.4661756,2.4564478
1481,-0.7179833650588989,5.446115970611572,78.04251098632812,0.7158903406921515,-3.013260794712902,-77.90884629338872,0.835965,7.376429,4.0271015,7.89945,-6.4957952,-8.990966,11.328514,-10.692175,-33.844856,7.23345,-11.528162,7.3599944,11.3138485,2.5312545,12.801046,9.583953,23.817743,-35.73867,55.29812,12.968556,-4.683966,15.036985,-24.897535,-29.683723,18.48709,77.67705,-4.0410233,5.446744,2.4682393
1482,-0.7282149791717529,5.4532341957092285,78.03358459472656,0.6996858219675037,-3.056499888291722,-77.95526349232654,0.9150155,7.413888,4.070148,7.864722,-6.496673,-9.070067,11.372698,-10.655232,-33.809544,7.2145305,-11.520298,7.359035,11.23119,2.576607,12.807605,9.606079,23.792366,-35.7763,55.31128,12.913976,-4.738207,15.090882,-24.768303,-29.917973,18.409355,77.6563,-4.078004,5.4133573,2.4705
1483,-0.7398988604545593,5.459040641784668,78.02559661865234,0.6808112419996176,-3.1000105380155305,-78.00483216693368,0.9959763,7.4535117,4.116854,7.828714,-6.496598,-9.151106,11.413286,-10.618303,-33.76929,7.2013445,-11.514625,7.358468,11.150492,2.6223292,12.814386,9.627126,23.765913,-35.81084,55.32199,12.861729,-4.792732,15.148341,-24.636238,-30.15235,18.317753,77.62959,-4.124605,5.3750396,2.4732878
1484,-0.7482902407646179,5.45994234085083,78.02117156982422,0.6673593951956289,-3.123292879304288,-78.05668200451123,1.0429693,7.4927053,4.1650457,7.81406,-6.5001326,-9.199996,11.424057,-10.585318,-33.72124,7.194352,-11.5114355,7.3501973,11.0744095,2.6574285,12.80402,9.639655,23.74128,-35.84442,55.33114,12.839166,-4.817484,15.184944,-24.512842,-30.392698,18.282555,77.59885,-4.1379027,5.340527,2.4862065
1485,-0.7598005533218384,5.461930751800537,78.02163696289062,0.6570447139114075,-3.1140596106382086,-78.10978774605607,1.0359795,7.5304327,4.2140975,7.831196,-6.5074744,-9.197445,11.388242,-10.558653,-33.66322,7.1958423,-11.510983,7.3306503,10.998877,2.678729,12.766186,9.645592,23.718307,-35.871593,55.33395,12.867122,-4.7929416,15.189524,-24.38718,-30.639051,18.288307,77.54985,-4.15151,5.3128905,2.5167603
1486,-0.7732769250869751,5.463474750518799,78.02671813964844,0.6487450807655715,-3.0852475241313497,-78.16479851284822,0.9975951,7.568144,4.2649946,7.8669715,-6.516922,-9.164957,11.325897,-10.534136,-33.597664,7.198467,-11.509791,7.3045335,10.92467,2.6919055,12.712607,9.647871,23.696737,-35.89295,55.330463,12.926832,-4.7390256,15.176544,-24.263487,-30.891502,18.32624,77.49069,-4.1565084,5.2869906,2.5582108
1487,-0.7894622087478638,5.462911128997803,78.03389739990234,0.6421332553038532,-3.0551797748338783,-78.22371584025626,0.9574313,7.6074977,4.318588,7.9049573,-6.527843,-9.129845,11.258822,-10.509295,-33.52781,7.203737,-11.509653,7.2765107,10.853292,2.7046804,12.658353,9.649231,23.676134,-35.911263,55.322323,12.988087,-4.684737,15.158475,-24.141813,-31.147089,18.371931,77.423546,-4.152891,5.26113,2.6022346
1488,-0.8035718202590942,5.460306644439697,78.03910827636719,0.630873380233108,-3.04114741383199,-78.28821914828112,0.94455004,7.650469,4.375487,7.9292693,-6.539123,-9.119521,11.212747,-10.479137,-33.457615,7.2054896,-11.508735,7.2507586,10.784307,2.7245395,12.617313,9.654447,23.655668,-35.927288,55.311016,13.021291,-4.6591463,15.147615,-24.015848,-31.400763,18.380594,77.34531,-4.1622953,5.2342596,2.6402748
1489,-0.8169902563095093,5.459259986877441,78.04076385498047,0.615906702643752,-3.0517682680327547,-78.36177294936252,0.9739287,7.6990137,4.4375854,7.931158,-6.5510464,-9.146647,11.196479,-10.441932,-33.385944,7.2036424,-11.506472,7.227997,10.723685,2.7539842,12.597274,9.661583,23.636694,-35.94422,55.296867,13.008543,-4.6786065,15.145266,-23.898197,-31.652723,18.373161,77.27428,-4.1474543,5.204977,2.6710286
1490,-0.8344156742095947,5.465615272521973,78.0378189086914,0.5982031960746005,-3.0762537352983457,-78.4425519496231,1.0267276,7.751313,4.5039062,7.922318,-6.5647025,-9.194803,11.195814,-10.40046,-33.31158,7.2013,-11.504251,7.205981,10.66684,2.7888699,12.588382,9.673005,23.618645,-35.957268,55.277367,12.969919,-4.7249494,15.144896,-23.77494,-31.90068,18.327583,77.194824,-4.1462407,5.1748004,2.6990159
1491,-0.851945698261261,5.471198558807373,78.03321838378906,0.5809017437415198,-3.103942767686921,-78.52415113860884,1.0860891,7.8043375,4.5714993,7.9089975,-6.576625,-9.247851,11.201266,-10.357036,-33.23748,7.1945615,-11.5006075,7.1852384,10.6129265,2.821978,12.582405,9.682414,23.603159,-35.971066,55.25838,12.929702,-4.7741585,15.150545,-23.658998,-32.147713,18.296782,77.10973,-4.1268053,5.143809,2.720364
1492,-0.8678792119026184,5.473692893981934,78.02655792236328,0.5646233486742109,-3.124180445830841,-78.60050249860193,1.1314521,7.854862,4.636938,7.9047766,-6.587252,-9.2895,11.197505,-10.317866,-33.165386,7.192624,-11.500456,7.166352,10.55112,2.8489826,12.568677,9.693675,23.588726,-35.981407,55.24136,12.912739,-4.8027177,15.164687,-23.529211,-32.390526,18.241682,76.988815,-4.1532025,5.1136737,2.7335353
1493,-0.8821740746498108,5.476630687713623,78.02192687988281,0.554907521944263,-3.1345560326420667,-78.66719703924792,1.15911,7.9003463,4.698064,7.9086037,-6.5924435,-9.316184,11.185386,-10.283303,-33.098663,7.1887283,-11.500974,7.1522827,10.480324,2.8672724,12.54458,9.7041025,23.575102,-35.98915,55.22793,12.932816,-4.800951,15.19369,-23.379267,-32.628098,18.161243,76.8256,-4.2305474,5.083276,2.7325034
1494,-0.9005518555641174,5.476192474365234,78.02069854736328,0.5457121168537523,-3.140229942616523,-78.72839448745015,1.1807257,7.942829,4.7572894,7.9116783,-6.591608,-9.336336,11.172542,-10.25017,-33.03547,7.1793265,-11.50044,7.1417613,10.408325,2.8780203,12.517024,9.70885,23.564325,-35.99958,55.219177,12.972474,-4.782436,15.234912,-23.239508,-32.86476,18.111773,76.65282,-4.2918634,5.051767,2.7191331
1495,-0.9183557033538818,5.477028846740723,78.0217514038086,0.5372970801288373,-3.1434682229065984,-78.79077364785957,1.1967678,7.986475,4.817459,7.922144,-6.594379,-9.351599,11.1564045,-10.216455,-32.970917,7.169311,-11.499498,7.1290607,10.331211,2.8875263,12.485591,9.71995,23.553759,-36.00407,55.209362,13.016695,-4.7588425,15.2756195,-23.085985,-33.09517,18.028978,76.44811,-4.39606,5.0223756,2.70544
1496,-0.9357671141624451,5.473056316375732,78.0254898071289,0.5262197925068605,-3.1462610309109147,-78.86107607960369,1.2133095,8.034892,4.8822103,7.935484,-6.6034365,-9.363796,11.1345215,-10.180492,-32.90004,7.1662555,-11.501531,7.1083646,10.255326,2.8980494,12.452292,9.735086,23.543621,-36.007675,55.202312,13.045605,-4.7417192,15.304828,-22.927494,-33.319134,17.926666,76.221275,-4.5210586,4.9973435,2.700918
1497,-0.951582670211792,5.470439910888672,78.03121185302734,0.5130673052383253,-3.145861099457436,-78.94202064685183,1.2255793,8.089066,4.9528008,7.9567685,-6.623487,-9.366048,11.101185,-10.142567,-32.821495,7.172289,-11.506353,7.073678,10.18583,2.908066,12.41594,9.749231,23.535759,-36.01658,55.199703,13.049132,-4.731974,15.317776,-22.791128,-33.540855,17.862041,75.9921,-4.612969,4.9837775,2.7148037
1498,-0.9706504344940186,5.466564178466797,78.03482055664062,0.4966210673538861,-3.142089459459124,-79.02994678264169,1.2323816,8.147339,5.027237,7.9861965,-6.651701,-9.359961,11.059145,-10.103145,-32.737926,7.1848173,-11.513699,7.029514,10.114719,2.917667,12.37468,9.7699995,23.528522,-36.021095,55.197285,13.041999,-4.724285,15.320171,-22.65655,-33.758434,17.794024,75.74251,-4.717828,4.9785104,2.7401786
1499,-0.9919432997703552,5.463472366333008,78.03661346435547,0.4800088801810811,-3.141338396793986,-79.12092909931378,1.2452435,8.208395,5.1040516,8.012922,-6.680018,-9.35963,11.021532,-10.059978,-32.650787,7.1932387,-11.519081,6.9860115,10.047406,2.9276996,12.338292,9.789722,23.52241,-36.026142,55.19801,13.032736,-4.7202206,15.320506,-22.537207,-33.970036,17.742064,75.49225,-4.8062606,4.9685903,2.7600868
1500,-1.0156108140945435,5.461305141448975,78.0335922241211,0.46252540892451344,-3.149693661948569,-79.21149716586257,1.2753032,8.270677,5.1820073,8.027082,-6.701583,-9.379244,10.999447,-10.011997,-32.561424,7.1902823,-11.519271,6.9534492,9.976053,2.9400833,12.310509,9.815224,23.514917,-36.023643,55.200253,13.031561,-4.7215905,15.325679,-22.40624,-34.16716,17.638184,75.231575,-4.9421015,4.9345865,2.7579763
1501,-1.0395588874816895,5.462986469268799,78.02552032470703,0.44359405232902177,-3.1751669426910785,-79.30023122462278,1.3356153,8.3347225,5.2611074,8.019297,-6.7110806,-9.434437,11.002432,-9.958049,-32.467728,7.1773987,-11.515644,6.9393773,9.896213,2.957193,12.296623,9.852088,23.503746,-36.007053,55.205956,13.039255,-4.736528,15.341742,-22.232948,-34.34295,17.428713,74.938736,-5.1707544,4.8636913,2.7278125
1502,-1.063342809677124,5.466671943664551,78.01900482177734,0.4242708823035658,-3.212254437392422,-79.38903197771155,1.4170045,8.400679,5.3419757,7.9972878,-6.713992,-9.513592,11.023666,-9.898248,-32.370205,7.1529107,-11.506468,6.9367533,9.8265705,2.972835,12.298498,9.878597,23.4946,-35.99561,55.22296,13.048449,-4.761038,15.366275,-22.1057,-34.50609,17.263859,74.6883,-5.3486624,4.7667427,2.6762013
1503,-1.0824683904647827,5.461292743682861,78.01437377929688,0.4051900318848071,-3.2470931769101816,-79.47972949432653,1.4960952,8.46753,5.424374,7.976269,-6.716699,-9.590467,11.041863,-9.838212,-32.271736,7.128981,-11.497989,6.9337425,9.748165,2.9848988,12.294399,9.915751,23.484877,-35.974335,55.23894,13.066799,-4.779855,15.385962,-21.971878,-34.645866,17.062984,74.421165,-5.572495,4.6713552,2.6082962
1504,-1.1085728406906128,5.457207202911377,78.01445770263672,0.38636397008540163,-3.265463986498739,-79.5738139595967,1.548454,8.535184,5.507432,7.9743743,-6.727685,-9.6388645,11.03835,-9.7811575,-32.17584,7.112337,-11.494495,6.9184113,9.6623125,2.9819503,12.268297,9.960663,23.478144,-35.946983,55.255325,13.099571,-4.776741,15.392331,-21.878721,-34.743465,16.895937,74.17569,-5.793557,4.6039267,2.5220263
1505,-1.1352341175079346,5.450258731842041,78.0185317993164,0.3709591031640994,-3.257422256585382,-79.67332603142574,1.5567898,8.602436,5.5912147,8.00337,-6.750789,-9.637654,10.997166,-9.731614,-32.082924,7.109322,-11.498354,6.884376,9.564274,2.975711,12.210227,10.019525,23.46915,-35.91495,55.26183,13.14603,-4.738972,15.371908,-21.717999,-34.830025,16.623327,73.83212,-6.13788,4.5862684,2.4398253
1506,-1.1635280847549438,5.443015098571777,78.02398681640625,0.35732189683718135,-3.2321398625863016,-79.77677242025658,1.5366924,8.670029,5.6758323,8.052936,-6.781959,-9.6054735,10.9326315,-9.685773,-31.991596,7.113294,-11.506622,6.8389606,9.501555,2.9670138,12.146027,10.043044,23.462101,-35.918484,55.279682,13.20218,-4.6773553,15.33669,-21.548088,-34.934807,16.34642,73.4552,-6.459776,4.599417,2.3588607
1507,-1.186413049697876,5.432388782501221,78.02947235107422,0.3415247134050686,-3.2061039000952465,-79.88106982174521,1.5170735,8.739896,5.7613416,8.101203,-6.81374,-9.575765,10.866887,-9.638356,-31.901192,7.119743,-11.5165615,6.791256,9.424569,2.9574971,12.073791,10.083706,23.455235,-35.909813,55.28904,13.268719,-4.614759,15.298955,-21.3791,-35.009224,16.06715,73.074814,-6.792764,4.611243,2.2529917
1508,-1.2105518579483032,5.421687602996826,78.02981567382812,0.32171094845174786,-3.195395923607573,-79.9829501232772,1.5262499,8.814175,5.8479,8.126516,-6.838414,-9.582038,10.826589,-9.581001,-31.812004,7.112624,-11.519486,6.750233,9.347556,2.953295,12.01303,10.125692,23.4487,-35.89992,55.2959,13.343887,-4.573805,15.2743225,-21.18713,-35.05902,15.785829,72.6901,-7.091238,4.590698,2.1057687
1509,-1.239886999130249,5.419163227081299,78.02523040771484,0.29527304466111864,-3.210101589728191,-80.08167869929963,1.5823292,8.89453,5.936354,8.115419,-6.852671,-9.647724,10.822399,-9.512061,-31.724243,7.096987,-11.517984,6.7198186,9.266437,2.9598699,11.974718,10.174421,23.444363,-35.885517,55.294456,13.4366255,-4.5665946,15.264004,-21.052265,-35.0783,15.589767,72.37095,-7.2672133,4.5230246,1.893816
1510,-1.2694462537765503,5.414923667907715,78.01744079589844,0.2656450552074596,-3.2397747541316635,-80.17873601074042,1.6667813,8.979491,6.0265074,8.081464,-6.8605433,-9.750083,10.841361,-9.434091,-31.638124,7.072441,-11.512089,6.694687,9.203516,2.9737194,11.955843,10.204447,23.439087,-35.881737,55.298943,13.54989,-4.579464,15.260773,-20.846672,-35.08824,15.323913,71.99176,-7.4332604,4.428648,1.6383878
1511,-1.2991242408752441,5.410752773284912,78.01002502441406,0.23564182232471684,-3.269639848686525,-80.27516843114675,1.7515743,9.065797,6.116925,8.048117,-6.8684793,-9.853367,10.861875,-9.354063,-31.551544,7.0448465,-11.504665,6.670135,9.152878,2.9855917,11.935642,10.223241,23.434662,-35.891247,55.307014,13.655936,-4.5947804,15.269164,-20.607489,-35.086346,15.059446,71.59881,-7.5838437,4.324553,1.3738306
1512,-1.3285865783691406,5.404647350311279,78.00542449951172,0.2088357071868795,-3.285015433876176,-80.37199827842988,1.8103392,9.150306,6.206314,8.035374,-6.881206,-9.921737,10.862326,-9.278522,-31.462318,7.021608,-11.500579,6.6414013,9.126055,2.9814343,11.904964,10.219783,23.434998,-35.920185,55.321987,13.7362795,-4.594772,15.294596,-20.392778,-35.077515,14.8920965,71.25417,-7.671504,4.2280045,1.1346184
1513,-1.3592411279678345,5.391232013702393,78.00572967529297,0.1880111304598189,-3.2764451479608936,-80.46344263945682,1.8198297,9.229469,6.2873173,8.065161,-6.9050417,-9.930826,10.83064,-9.21287,-31.375076,7.009185,-11.504776,6.6078897,9.077797,2.9660556,11.844085,10.242546,23.436422,-35.929314,55.310234,13.791936,-4.568269,15.338493,-20.201303,-35.06741,14.863341,70.94306,-7.727239,4.147239,0.93631333
1514,-1.3940277099609375,5.380456924438477,78.00916290283203,0.1713390811655141,-3.253548783882189,-80.55064453341312,1.8024098,9.3054,6.3633046,8.115403,-6.9329243,-9.904643,10.783102,-9.150868,-31.289764,6.9948225,-11.509323,6.5718894,9.048676,2.9324143,11.77462,10.240119,23.441227,-35.95171,55.30728,13.833597,-4.5264463,15.401821,-19.994753,-35.052128,14.903573,70.635056,-7.737768,4.0729904,0.7550755
1515,-1.4262902736663818,5.366049289703369,78.0135726928711,0.15280386971521512,-3.2310986163052466,-80.64622426223188,1.78639,9.386323,6.446553,8.169701,-6.964577,-9.879978,10.731877,-9.08626,-31.195559,6.9837093,-11.515009,6.533071,9.027547,2.9057994,11.7119255,10.241401,23.44535,-35.970814,55.29103,13.858004,-4.4888034,15.467857,-19.802216,-35.036312,14.968492,70.35651,-7.728613,3.9898474,0.5894682
1516,-1.458467960357666,5.350728511810303,78.0151138305664,0.12829289079391637,-3.223358474619823,-80.76223407500139,1.8042461,9.478823,6.550275,8.201809,-6.99423,-9.893656,10.692424,-9.011261,-31.082455,6.9718466,-11.517626,6.491011,9.001459,2.889869,11.653916,10.272746,23.453085,-35.985893,55.262978,13.847227,-4.4729834,15.5257635,-19.707397,-34.983208,15.086236,70.20216,-7.6816096,3.8854127,0.4179504
1517,-1.4910931587219238,5.33880090713501,78.01278686523438,0.09466175270802488,-3.2384592023679724,-80.90637657168571,1.8742748,9.587956,6.682381,8.198452,-7.020929,-9.968727,10.673052,-8.920448,-30.944036,6.9567943,-11.514428,6.4432945,8.979323,2.8876119,11.631636,10.320185,23.456387,-35.970314,55.22616,13.805222,-4.497616,15.580775,-19.680729,-34.89064,15.176304,70.13839,-7.6170154,3.7427607,0.246537
1518,-1.5293408632278442,5.331479072570801,78.00828552246094,0.05415953103520385,-3.267074479283976,-81.07060272895426,1.9770725,9.708394,6.834964,8.172278,-7.0451155,-10.0811615,10.6640415,-8.819211,-30.786896,6.9404917,-11.507671,6.3908668,8.96591,2.888838,11.62604,10.371926,23.453785,-35.943134,55.195656,13.733744,-4.547756,15.639514,-19.711575,-34.759262,15.275358,70.16125,-7.523617,3.5738142,0.07436526
1519,-1.5681111812591553,5.331311225891113,78.00133514404297,0.01179632223060313,-3.299423812695568,-81.24383432404349,2.0861151,9.833518,6.9964123,8.148519,-7.071998,-10.197155,10.655469,-8.715093,-30.620358,6.926293,-11.501088,6.338488,8.97976,2.9136536,11.638558,10.406667,23.447746,-35.940617,55.15563,13.662756,-4.5974727,15.678775,-19.712284,-34.668537,15.337119,70.158646,-7.4464407,3.4068162,-0.07598753
1520,-1.6044931411743164,5.325218677520752,77.994873046875,-0.02545450586833501,-3.3254530269756013,-81.41465769062533,2.1763015,9.9558325,7.155197,8.148064,-7.103556,-10.282999,10.640542,-8.614849,-30.454422,6.9100966,-11.494585,6.2907505,8.995959,2.932316,11.642636,10.4277,23.43798,-35.9552,55.130665,13.629103,-4.6183314,15.6861925,-19.724245,-34.562584,15.403218,70.166145,-7.4425817,3.2700486,-0.22753035
1521,-1.63996422290802,5.3144941329956055,77.99047088623047,-0.059332576800532666,-3.3420967430805995,-81.58772037805453,2.243168,10.07549,7.316348,8.1774845,-7.139856,-10.323902,10.611374,-8.521106,-30.282686,6.898145,-11.491249,6.2503557,9.004931,2.924069,11.624805,10.432901,23.42112,-35.98847,55.149483,13.644029,-4.5925956,15.655119,-19.815962,-34.387222,15.54108,70.27179,-7.529162,3.168182,-0.40003666
1522,-1.6762524843215942,5.306118488311768,77.99008178710938,-0.09023491413826866,-3.3552233472873345,-81.76674331497371,2.2980661,10.195967,7.4831147,8.228047,-7.1812544,-10.339722,10.574177,-8.42998,-30.102585,6.8885775,-11.488755,6.214501,9.041958,2.932099,11.620932,10.419477,23.408638,-36.054504,55.154358,13.690221,-4.5397987,15.585935,-19.887966,-34.26185,15.680184,70.3537,-7.6527987,3.0880616,-0.55187213
1523,-1.713483214378357,5.295238018035889,77.98989868164062,-0.12071309872637666,-3.3667805993148927,-81.93839814306013,2.3477373,10.313853,7.6421385,8.28163,-7.22282,-10.348884,10.538605,-8.339852,-29.930338,6.8774533,-11.487557,6.1789856,9.066731,2.9326599,11.604803,10.404228,23.388462,-36.115906,55.17429,13.752225,-4.4836936,15.503629,-19.973091,-34.096634,15.790882,70.44353,-7.8327417,3.0287979,-0.7105503
1524,-1.7536368370056152,5.285574913024902,77.99119567871094,-0.15004737102312019,-3.3788929106782617,-82.08964237988835,2.3966336,10.425622,7.7800407,8.324701,-7.2620926,-10.3697405,10.507646,-8.253706,-29.780699,6.8759294,-11.495404,6.139976,9.083522,2.9380572,11.58636,10.387863,23.366238,-36.161797,55.18351,13.819302,-4.449656,15.421825,-19.9995,-33.933716,15.787989,70.43871,-8.046181,2.9902003,-0.86183274
1525,-1.7934508323669434,5.273419380187988,77.99126434326172,-0.1810465887973065,-3.392842226445579,-82.22416568800314,2.4491336,10.532322,7.9002786,8.353812,-7.3015223,-10.405324,10.484935,-8.168348,-29.65184,6.8768525,-11.509615,6.0920053,9.099065,2.9547615,11.570201,10.364109,23.344374,-36.203793,55.180794,13.889981,-4.4473863,15.328714,-19.972021,-33.780895,15.657477,70.33775,-8.276726,2.9845068,-0.98982304
1526,-1.834760069847107,5.258787155151367,77.98959350585938,-0.21071299130302856,-3.407375820964806,-82.34662630850649,2.5023916,10.635346,8.007722,8.373984,-7.340089,-10.446571,10.467192,-8.083904,-29.537619,6.8784137,-11.527712,6.0384927,9.115315,2.968292,11.548181,10.326379,23.320065,-36.24885,55.189613,13.969437,-4.461811,15.224582,-19.911873,-33.604385,15.422689,70.18509,-8.553923,3.0080712,-1.1107019
1527,-1.8759645223617554,5.248465538024902,77.98515319824219,-0.23929759378193702,-3.4201242874060886,-82.44500045567175,2.5489924,10.7307,8.091161,8.387041,-7.3716974,-10.493326,10.456419,-8.0028715,-29.448126,6.878914,-11.548009,5.9888573,9.1195345,2.9836733,11.521693,10.297586,23.296757,-36.269836,55.17653,14.05384,-4.482963,15.132123,-19.795145,-33.43494,15.118828,69.944466,-8.863405,3.035949,-1.2402639
1528,-1.918152928352356,5.240147590637207,77.97711181640625,-0.2653726372410932,-3.428581389238422,-82.50753384150526,2.5829952,10.813251,8.13994,8.392012,-7.3895802,-10.545174,10.455215,-7.928028,-29.3936,6.8765926,-11.56994,5.9524546,9.104773,2.9800444,11.478034,10.279878,23.270775,-36.249916,55.155373,14.138839,-4.499049,15.083579,-19.593204,-33.243237,14.740663,69.602005,-9.23786,3.0444388,-1.4155298
1529,-1.96230947971344,5.2296366691589355,77.96653747558594,-0.2879158028707015,-3.436617961853624,-82.52963056012015,2.6100552,10.882888,8.149381,8.38258,-7.387946,-10.612205,10.469837,-7.8592696,-29.378428,6.8713646,-11.59311,5.9363475,9.05976,2.9698842,11.4255495,10.291265,23.243513,-36.169308,55.099037,14.234653,-4.510877,15.090142,-19.297249,-33.05543,14.287519,69.120155,-9.692322,3.0311582,-1.6377535
1530,-2.001671314239502,5.214383602142334,77.9578857421875,-0.30699205425189946,-3.4439751890526487,-82.51821316309729,2.6315012,10.941619,8.125937,8.360936,-7.372085,-10.691088,10.497232,-7.795401,-29.39664,6.864131,-11.618686,5.934044,8.996495,2.9545646,11.366097,10.317112,23.214499,-36.047405,55.020077,14.340056,-4.5230107,15.135517,-18.92038,-32.86791,13.755366,68.51844,-10.209259,3.0086882,-1.8928645
1531,-2.043964147567749,5.201834678649902,77.9544677734375,-0.32456668465454686,-3.442384865739823,-82.47807983607014,2.6328409,10.989428,8.074718,8.339089,-7.3494678,-10.761799,10.5240755,-7.7380815,-29.442307,6.856115,-11.64596,5.934704,8.91743,2.93198,11.291108,10.353841,23.18469,-35.89707,54.92302,14.4340315,-4.531795,15.197322,-18.475925,-32.681362,13.181551,67.83889,-10.738047,2.974253,-2.1677024
1532,-2.082609176635742,5.185933589935303,77.9549331665039,-0.33721736207973785,-3.423782890358202,-82.4141507647538,2.5997202,11.026752,8.000657,8.330613,-7.328933,-10.804204,10.537032,-7.6882977,-29.510012,6.848248,-11.6736,5.9275775,8.824,2.9012828,11.193226,10.400355,23.155407,-35.72857,54.80973,14.496941,-4.533635,15.252853,-17.981852,-32.498306,12.611727,67.12546,-11.22087,2.925427,-2.4484212
1533,-2.120614767074585,5.162553787231445,77.95909881591797,-0.3453313493744942,-3.3773746033143457,-82.31930738021644,2.510193,11.050902,7.895944,8.350418,-7.315695,-10.795934,10.524282,-7.6487255,-29.606167,6.842398,-11.702436,5.9077225,8.71201,2.8610578,11.059489,10.457107,23.12562,-35.53398,54.67273,14.536042,-4.512034,15.288584,-17.419804,-32.316555,12.011882,66.349174,-11.706734,2.8793175,-2.7269812
1534,-2.156763792037964,5.143327236175537,77.96318054199219,-0.3503746472007102,-3.31029168957885,-82.19375740657483,2.3787365,11.062084,7.761148,8.385778,-7.303066,-10.753374,10.496643,-7.6178823,-29.731255,6.836079,-11.732123,5.8817396,8.579283,2.8161433,10.898493,10.528601,23.095737,-35.309906,54.507545,14.556192,-4.474374,15.318069,-16.792995,-32.145615,11.383562,65.49836,-12.196193,2.8329148,-3.0087674
1535,-2.191115617752075,5.123076915740967,77.96471405029297,-0.3529504333261186,-3.2414544607921854,-82.0531594397462,2.242096,11.066794,7.61283,8.416953,-7.286904,-10.714819,10.471888,-7.5902495,-29.870499,6.829464,-11.763239,5.856001,8.442544,2.762684,10.732459,10.6015625,23.066662,-35.081635,54.343826,14.538274,-4.452167,15.363072,-16.137995,-31.968384,10.792118,64.65356,-12.582185,2.7445457,-3.3120794
1536,-2.2289397716522217,5.1080803871154785,77.96157836914062,-0.3559754268935569,-3.189475660949621,-81.91318343859658,2.1411123,11.070385,7.468494,8.415422,-7.258205,-10.718483,10.46861,-7.5612974,-30.008698,6.8214297,-11.795575,5.8370247,8.29879,2.7086022,10.5854435,10.687517,23.041323,-34.8583,54.183815,14.459609,-4.478103,15.440763,-15.521324,-31.793411,10.349874,63.909504,-12.733464,2.5711703,-3.6477523
1537,-2.2627272605895996,5.0962958335876465,77.95419311523438,-0.36278955475915453,-3.1628879181150564,-81.7669667334086,2.0916765,11.071937,7.322472,8.364249,-7.2105303,-10.79377,10.5002365,-7.529664,-30.152634,6.8102617,-11.8297,5.830055,8.135831,2.659651,10.465614,10.802592,23.019943,-34.62354,54.007763,14.290923,-4.582413,15.570938,-14.94824,-31.630857,10.093595,63.28389,-12.5646105,2.2822719,-4.033831
1538,-2.295009136199951,5.085363388061523,77.94298553466797,-0.36944248637736526,-3.1504917062365974,-81.60981103798835,2.070636,11.069058,7.169131,8.2805605,-7.149424,-10.91384,10.553325,-7.498579,-30.306425,6.799281,-11.866882,5.8306003,7.9548607,2.6189313,10.361319,10.943909,23.000666,-34.376602,53.809036,14.050389,-4.741727,15.736332,-14.383254,-31.49106,9.966576,62.71992,-12.157548,1.9038342,-4.450876
1539,-2.325636386871338,5.070893287658691,77.93495178222656,-0.375298725406094,-3.1420092521390837,-81.46067553461513,2.057275,11.06748,7.024787,8.196228,-7.089507,-11.032798,10.608169,-7.467859,-30.451775,6.787438,-11.902858,5.829977,7.7670045,2.5678015,10.261705,11.092244,22.980814,-34.133717,53.633175,13.798101,-4.9066916,15.904106,-13.870878,-31.340157,9.956965,62.25268,-11.642142,1.4734031,-4.872885
1540,-2.3541250228881836,5.053368091583252,77.93107604980469,-0.3810033620214379,-3.12669580481554,-81.33848306287751,2.0259674,11.073157,6.9048605,8.152878,-7.0503426,-11.104496,10.644265,-7.4374676,-30.570559,6.7779365,-11.936574,5.819715,7.5961294,2.5166202,10.164143,11.2321415,22.961065,-33.930424,53.49424,13.585452,-5.028658,16.034897,-13.42017,-31.204664,10.0400305,61.8752,-11.12619,1.0274746,-5.253905
1541,-2.381528615951538,5.033193111419678,77.9311752319336,-0.383022396954176,-3.095072367038901,-81.2410162899482,1.9572939,11.083301,6.806786,8.166902,-7.036064,-11.097733,10.648488,-7.412029,-30.663374,6.7733316,-11.968812,5.7953844,7.4386663,2.450307,10.058143,11.362685,22.940477,-33.757465,53.403465,13.41748,-5.091952,16.123734,-13.047382,-31.078203,10.266187,61.59986,-10.633173,0.59920555,-5.5994797
1542,-2.4084970951080322,5.011096000671387,77.93433380126953,-0.38368645779444505,-3.054847223952047,-81.16039960187864,1.8651956,11.097004,6.723679,8.22175,-7.0397973,-11.043493,10.634364,-7.389541,-30.738373,6.771078,-11.999568,5.762129,7.288405,2.3772151,9.949518,11.490679,22.918972,-33.608086,53.34483,13.266854,-5.1234436,16.188313,-12.732712,-30.968868,10.625429,61.415745,-10.103749,0.16015536,-5.9219155
1543,-2.436643123626709,4.9920854568481445,77.93809509277344,-0.3852658592369929,-3.022146644936037,-81.10751096255464,1.7879509,11.119837,6.6674643,8.282543,-7.052111,-10.988796,10.61908,-7.36332,-30.787489,6.770065,-12.027288,5.7261486,7.1652746,2.321079,9.85835,11.60266,22.895765,-33.512146,53.31655,13.145504,-5.1371727,16.229332,-12.442355,-30.880615,10.996109,61.296402,-9.538589,-0.3409284,-6.200686
1544,-2.4628326892852783,4.978989601135254,77.9376449584961,-0.3953620026333985,-3.0127262487921027,-81.09256205546843,1.76308,11.158038,6.6497755,8.315616,-7.0639586,-10.980879,10.62034,-7.325766,-30.802938,6.768689,-12.050328,5.693417,7.0492115,2.2899861,9.791919,11.707142,22.858465,-33.46163,53.33174,13.070839,-5.1471925,16.251543,-12.224695,-30.772476,11.33001,61.29368,-8.935818,-0.95388365,-6.4331555
1545,-2.486464023590088,4.970353126525879,77.93365478515625,-0.4167122594635322,-3.038489598621452,-81.12858044328608,1.8159118,11.218106,6.68433,8.305417,-7.0753355,-11.04946,10.648052,-7.271564,-30.774242,6.7670403,-12.065947,5.6653643,6.972578,2.2969465,9.766054,11.778872,22.80686,-33.501156,53.4139,13.033599,-5.1640882,16.268164,-12.042358,-30.650827,11.549824,61.38906,-8.255577,-1.7376082,-6.583608
1546,-2.51076340675354,4.963628768920898,77.92597961425781,-0.44529590138546854,-3.0884243565550404,-81.20655142523094,1.9216843,11.294739,6.761665,8.271418,-7.0900664,-11.1636,10.691774,-7.2052608,-30.708372,6.7654486,-12.07625,5.638685,6.933662,2.3321412,9.771478,11.818779,22.745998,-33.621983,53.554173,13.027041,-5.1779113,16.273472,-11.890248,-30.526384,11.705735,61.57034,-7.509763,-2.6487234,-6.661756
1547,-2.538729667663574,4.958376884460449,77.9153060913086,-0.47478262973309626,-3.1441295798010085,-81.30427971681557,2.040836,11.376803,6.858564,8.236966,-7.1075234,-11.27942,10.735095,-7.137051,-30.623463,6.7637973,-12.083854,5.612894,6.916754,2.37611,9.78492,11.831361,22.673859,-33.788956,53.73353,13.071241,-5.1709557,16.246216,-11.759692,-30.3921,11.829982,61.814022,-6.8043547,-3.5851274,-6.7229414
1548,-2.564988613128662,4.953601837158203,77.90731811523438,-0.4983188885113502,-3.1873681675899324,-81.39959546789387,2.129873,11.453783,6.9506865,8.233886,-7.131967,-11.3530035,10.762028,-7.076189,-30.537283,6.7648897,-12.095188,5.587244,6.9179416,2.4289236,9.809337,11.846015,22.629625,-33.96631,53.851784,13.178703,-5.126936,16.14896,-11.592101,-30.306805,11.928052,62.017902,-6.2205935,-4.4457483,-6.800489
1549,-2.595689296722412,4.946074485778809,77.90172576904297,-0.5128612040419297,-3.2141605156814625,-81.4908431263528,2.1779435,11.521562,7.0363474,8.274511,-7.1643505,-11.362463,10.768766,-7.0278935,-30.450386,6.7663674,-12.111139,5.562549,6.9332857,2.4492354,9.792996,11.791354,22.545416,-34.190117,54.069935,13.378674,-5.0150137,15.974574,-11.476571,-30.14974,12.060321,62.332912,-5.854656,-5.1955333,-6.9716887
1550,-2.623774766921997,4.938014030456543,77.89813995361328,-0.5212228269008948,-3.2342800137016696,-81.58860307776506,2.208452,11.586218,7.1269565,8.339377,-7.2015085,-11.334591,10.762368,-6.987216,-30.354147,6.77086,-12.129838,5.538843,6.958429,2.4696088,9.78413,11.728553,22.469135,-34.42615,54.27417,13.664629,-4.855799,15.721042,-11.377264,-30.00569,12.195428,62.679672,-5.611933,-5.893035,-7.171377
1551,-2.6501762866973877,4.927749156951904,77.90116882324219,-0.528962399328523,-3.2489169915182434,-81.68862347544018,2.2297208,11.652056,7.2176895,8.411551,-7.2416844,-11.298765,10.74832,-6.9456544,-30.25486,6.7750516,-12.146993,5.514128,6.994969,2.4963217,9.775037,11.665146,22.399763,-34.674393,54.45929,13.969216,-4.699867,15.458249,-11.261126,-29.86649,12.288312,63.022896,-5.423688,-6.5720835,-7.3778334
1552,-2.6757287979125977,4.915362358093262,77.90425109863281,-0.5433745314716031,-3.2592888104784064,-81.78700008360406,2.25151,11.722761,7.304311,8.471,-7.2810717,-11.284216,10.730907,-6.8959327,-30.158327,6.7789025,-12.159941,5.48641,7.0319414,2.5428364,9.770977,11.632472,22.349005,-34.907898,54.578674,14.231337,-4.5981836,15.248512,-11.095786,-29.750439,12.303882,63.307396,-5.208976,-7.2688527,-7.556368
1553,-2.7058327198028564,4.906717777252197,77.9061279296875,-0.5663740950580936,-3.2658011355871857,-81.8885676617641,2.2814438,11.802369,7.390937,8.503631,-7.316272,-11.300309,10.709122,-6.83272,-30.061214,6.780864,-12.164305,5.4525166,7.0883102,2.584302,9.74034,11.563902,22.272726,-35.182648,54.758728,14.446778,-4.5684443,15.137804,-10.916263,-29.555815,12.213265,63.625,-4.9996037,-7.9917727,-7.743985
1554,-2.7398617267608643,4.900505065917969,77.9041976928711,-0.5957759463227807,-3.267608950387608,-81.99344638567442,2.3116996,11.888227,7.4779963,8.525811,-7.351854,-11.330864,10.680874,-6.761175,-29.961887,6.7830477,-12.16379,5.414466,7.143586,2.637239,9.709107,11.513275,22.205853,-35.45499,54.90424,14.65033,-4.5834565,15.070074,-10.72211,-29.356203,12.061092,63.9337,-4.797863,-8.721644,-7.925488
1555,-2.7684807777404785,4.894315242767334,77.89994812011719,-0.6245882620377821,-3.264615256373844,-82.09061219961963,2.3368976,11.971325,7.5571265,8.541336,-7.3826647,-11.367353,10.650716,-6.6900287,-29.869625,6.7837744,-12.162597,5.377825,7.2021103,2.684284,9.670218,11.468326,22.14132,-35.706726,55.032158,14.816609,-4.615912,15.027754,-10.492493,-29.136192,11.859771,64.21379,-4.6091213,-9.456085,-8.099091
1556,-2.7957990169525146,4.885630130767822,77.89226531982422,-0.6485358396432307,-3.2568270800213934,-82.16881491005378,2.3519583,12.043249,7.619928,8.555364,-7.405028,-11.401216,10.622196,-6.6276093,-29.793638,6.7852526,-12.167933,5.348191,7.2500253,2.719375,9.625945,11.445695,22.080845,-35.893898,55.119415,14.924097,-4.640284,14.985798,-10.214003,-28.910679,11.645015,64.431496,-4.4219546,-10.192466,-8.251945
1557,-2.822368860244751,4.878972053527832,77.88381958007812,-0.6635228616960885,-3.246247771653311,-82.22654990977107,2.3633265,12.101256,7.6673822,8.560278,-7.413432,-11.437861,10.598483,-6.5767727,-29.733004,6.7859845,-12.18034,5.3297358,7.2866855,2.7412655,9.576612,11.451054,22.022066,-36.003014,55.156723,14.956319,-4.6510873,14.940191,-9.878778,-28.678682,11.404539,64.57964,-4.235742,-10.936256,-8.3643675
1558,-2.850813150405884,4.869313716888428,77.87689971923828,-0.6737316387778989,-3.2322453217274685,-82.26924367730096,2.3700347,12.150425,7.702414,8.558651,-7.4125648,-11.479194,10.5779505,-6.5316753,-29.684198,6.7857676,-12.19782,5.3184404,7.315453,2.755824,9.522136,11.476343,21.964518,-36.057198,55.15556,14.926688,-4.6616454,14.902953,-9.499413,-28.437744,11.134408,64.67647,-4.0499935,-11.686642,-8.447219
1559,-2.8793041706085205,4.856423854827881,77.8746109008789,-0.6822245964324147,-3.2104386931400173,-82.29648912630024,2.362655,12.191623,7.721957,8.556577,-7.406836,-11.511359,10.554006,-6.491879,-29.65072,6.7840605,-12.215872,5.3079247,7.333669,2.761495,9.459909,11.516018,21.908188,-36.06391,55.13157,14.86823,-4.6742826,14.874123,-9.085698,-28.193438,10.867133,64.72642,-3.8674228,-12.431731,-8.536187
1560,-2.906485080718994,4.841314315795898,77.87739562988281,-0.6881031467932223,-3.176356787429857,-82.30757789785896,2.32775,12.226055,7.722121,8.568086,-7.404772,-11.520787,10.518751,-6.4575663,-29.637669,6.7853174,-12.233691,5.293154,7.337622,2.7590024,9.38851,11.565014,21.852713,-36.031,55.09826,14.812437,-4.691435,14.853742,-8.6498,-27.954302,10.640921,64.734276,-3.685429,-13.159754,-8.665983
1561,-2.929349422454834,4.821254730224609,77.88327026367188,-0.6926785512391569,-3.1223655734380906,-82.30159917277341,2.2496936,12.252406,7.6989856,8.60612,-7.4114413,-11.489442,10.465897,-6.4287286,-29.648685,6.785792,-12.249362,5.269552,7.3264027,2.7456193,9.302709,11.626195,21.796904,-35.94558,55.050076,14.764616,-4.713296,14.838734,-8.192236,-27.72827,10.472975,64.69579,-3.5024703,-13.873538,-8.835137
1562,-2.9540817737579346,4.806645393371582,77.88902282714844,-0.6929253169414623,-3.0532921492736502,-82.2792025794249,2.141661,12.270169,7.6560073,8.655699,-7.4188886,-11.429302,10.399785,-6.4061503,-29.680357,6.7859273,-12.263658,5.241291,7.3003507,2.7247999,9.205333,11.701174,21.73915,-35.80792,54.982006,14.708615,-4.738936,14.829819,-7.70784,-27.515877,10.343689,64.608925,-3.3184316,-14.5778,-9.026888
1563,-2.9780468940734863,4.799537181854248,77.89104461669922,-0.6940692515962801,-2.982340545283158,-82.24211115992017,2.027802,12.282714,7.5991125,8.702316,-7.424293,-11.371604,10.336477,-6.3858814,-29.726809,6.785717,-12.277845,5.214558,7.263918,2.7240176,9.114939,11.79679,21.690054,-35.650738,54.87248,14.640737,-4.770237,14.825304,-7.1768713,-27.357368,10.229218,64.44846,-3.1128922,-15.262293,-9.236684
1564,-3.000288486480713,4.789043426513672,77.88916778564453,-0.6975140936697455,-2.9227384660929823,-82.19204827124385,1.9354913,12.29253,7.5349517,8.724424,-7.4210744,-11.34765,10.292922,-6.3644004,-29.781929,6.782743,-12.291932,5.1953316,7.209435,2.7052102,9.020522,11.86644,21.619083,-35.49285,54.835514,14.57333,-4.8062544,14.848212,-6.6575637,-27.136724,10.120628,64.30828,-2.9378376,-15.920328,-9.521122
1565,-3.017944574356079,4.776920318603516,77.88278198242188,-0.7062496564419354,-2.8842428879554785,-82.12677518680968,1.8838071,12.301475,7.463957,8.704163,-7.4029446,-11.382335,10.280186,-6.3395467,-29.846142,6.7790694,-12.306377,5.1870923,7.1414223,2.7068713,8.944543,11.9422245,21.549282,-35.340267,54.797756,14.487123,-4.858876,14.8978815,-6.107459,-26.934195,10.014038,64.13015,-2.7376418,-16.550718,-9.857433
1566,-3.035128593444824,4.766451358795166,77.8746109008789,-0.717062103592369,-2.857518748378672,-82.04612792134729,1.8528444,12.30815,7.382682,8.66017,-7.376639,-11.45336,10.288395,-6.3129263,-29.921986,6.7724285,-12.319864,5.1859183,7.061468,2.7145376,8.876179,12.014449,21.474155,-35.182377,54.775097,14.387011,-4.923836,14.971751,-5.531892,-26.729881,9.912503,63.92166,-2.5321953,-17.158474,-10.245463
1567,-3.0509207248687744,4.756962776184082,77.86949920654297,-0.7273174994835698,-2.828571923744781,-81.95559049438383,1.8180014,12.309584,7.2935224,8.612278,-7.347422,-11.521446,10.297114,-6.2902308,-30.005869,6.7654243,-12.334254,5.187319,6.9697685,2.7249932,8.805774,12.084486,21.400011,-35.03086,54.759872,14.289471,-4.980541,15.044821,-4.940782,-26.537907,9.815604,63.679565,-2.3464236,-17.73999,-10.669389
1568,-3.0639660358428955,4.743203639984131,77.86735534667969,-0.7317956384155574,-2.7831000321575434,-81.86031422201827,1.7506313,12.303811,7.197642,8.590106,-7.3261824,-11.5472765,10.286216,-6.276532,-30.094446,6.759846,-12.350534,5.1867094,6.865976,2.7246766,8.718162,12.139857,21.323761,-34.89903,54.77297,14.212505,-5.00757,15.0976715,-4.358352,-26.342419,9.725941,63.423595,-2.2169263,-18.291891,-11.125662
1569,-3.078402042388916,4.727121353149414,77.86930084228516,-0.7261515875880084,-2.7100855589056834,-81.75839502866185,1.6281562,12.286873,7.0917125,8.611397,-7.317182,-11.501218,10.241942,-6.276891,-30.188564,6.7557993,-12.3694315,5.181941,6.7491283,2.7095745,8.606737,12.181556,21.251602,-34.78783,54.80483,14.160607,-4.9864097,15.121401,-3.7843804,-26.15532,9.65448,63.147514,-2.1515245,-18.815449,-11.62929
1570,-3.0869522094726562,4.712357521057129,77.87357330322266,-0.7146324881063131,-2.619582509983156,-81.64796406676209,1.4703399,12.261218,6.9761553,8.658047,-7.3145227,-11.41068,10.177966,-6.287129,-30.289412,6.751529,-12.389422,5.1757364,6.6196404,2.6859188,8.480246,12.214159,21.183622,-34.691277,54.850544,14.123951,-4.9325705,15.128076,-3.210531,-25.975065,9.596355,62.848927,-2.1337357,-19.312351,-12.179788
1571,-3.0932116508483887,4.692577838897705,77.878173828125,-0.70363052127499,-2.5287497025059547,-81.53470840321287,1.3122598,12.233312,6.8581553,8.704317,-7.312879,-11.3216915,10.115022,-6.2995234,-30.394276,6.7490506,-12.411258,5.170809,6.480697,2.6635888,8.350824,12.243998,21.118708,-34.611195,54.91035,14.096837,-4.8762255,15.124632,-2.631901,-25.796993,9.52598,62.524586,-2.1510863,-19.774372,-12.739262
1572,-3.100604295730591,4.672744274139404,77.8782730102539,-0.6975435173879857,-2.455554234510581,-81.42432113901855,1.1953236,12.208876,6.746321,8.712979,-7.301723,-11.280111,10.075744,-6.305963,-30.50042,6.74551,-12.432518,5.1701193,6.337242,2.652253,8.231207,12.2740965,21.05567,-34.55303,54.987225,14.071857,-4.847527,15.1184025,-2.0461535,-25.61452,9.418912,62.175926,-2.188097,-20.195463,-13.269624
1573,-3.1090288162231445,4.654278755187988,77.87537384033203,-0.7010920557410778,-2.410638769070062,-81.31649932098158,1.1368911,12.192001,6.6411424,8.673964,-7.281497,-11.316047,10.075994,-6.300695,-30.610966,6.7374487,-12.451243,5.175665,6.19035,2.6576462,8.129247,12.302598,20.994133,-34.52585,55.089195,14.044413,-4.868186,15.114242,-1.448276,-25.423595,9.260364,61.79657,-2.2379882,-20.577417,-13.766794
1574,-3.113886833190918,4.6379265785217285,77.86849975585938,-0.7109463521264737,-2.382741274781404,-81.20889545816166,1.1164618,12.178156,6.5395164,8.600468,-7.253553,-11.398913,10.100462,-6.2894897,-30.726007,6.72737,-12.469117,5.1855,6.0393367,2.6720996,8.036713,12.325753,20.934767,-34.527016,55.21541,14.018453,-4.917395,15.107861,-0.8388503,-25.223299,9.064096,61.38477,-2.3093753,-20.919682,-14.24995
1575,-3.114677906036377,4.622039794921875,77.85826110839844,-0.7199702445755924,-2.3555617849708805,-81.10377748907294,1.1003288,12.163934,6.440306,8.524187,-7.225521,-11.484309,10.125793,-6.2791147,-30.838566,6.71777,-12.487284,5.1964097,5.8855743,2.683535,7.941492,12.346609,20.878454,-34.539406,55.353733,14.002677,-4.9616513,15.093097,-0.23292334,-25.016396,8.848886,60.966465,-2.4127438,-21.222376,-14.71753
1576,-3.1127350330352783,4.602384090423584,77.85101318359375,-0.7231078241423345,-2.312732991161647,-81.00330300786699,1.0547439,12.145643,6.3423305,8.476214,-7.204217,-11.527866,10.129528,-6.27593,-30.941654,6.709827,-12.505978,5.205054,5.7286563,2.681927,7.831344,12.369873,20.8256,-34.5455,55.49044,14.004927,-4.967703,15.063132,0.36037278,-24.805172,8.631211,60.56043,-2.5607502,-21.484148,-15.1665945
1577,-3.1133081912994385,4.581326007843018,77.84664916992188,-0.7186109944493632,-2.246439733318461,-80.9039810728402,0.9624904,12.118889,6.2399197,8.472333,-7.1923747,-11.504731,10.102176,-6.2846975,-31.036293,6.705657,-12.528069,5.210171,5.5653496,2.6616278,7.6998014,12.394208,20.777046,-34.542603,55.62321,14.040001,-4.908833,15.006792,0.93444985,-24.591282,8.415454,60.16806,-2.7820344,-21.687166,-15.609536
1578,-3.1136608123779297,4.55819034576416,77.84719848632812,-0.7075473625209603,-2.166692778398791,-80.80597946026808,0.8437689,12.086842,6.13543,8.49284,-7.1850863,-11.443021,10.057249,-6.300576,-31.12531,6.7024884,-12.551349,5.21375,5.393697,2.6323886,7.5556145,12.42409,20.733685,-34.53572,55.75064,14.099713,-4.80911,14.929184,1.4969428,-24.380388,8.195092,59.775898,-3.0567002,-21.83694,-16.040367
1579,-3.1116316318511963,4.530651569366455,77.85150146484375,-0.6954177106754048,-2.083565648159524,-80.71746348131725,0.7261962,12.05518,6.04087,8.512609,-7.1793146,-11.377183,10.006224,-6.3169527,-31.204355,6.699304,-12.572937,5.217364,5.2235293,2.5959344,7.406026,12.453533,20.692146,-34.52894,55.886673,14.156686,-4.710395,14.853338,2.047231,-24.157656,7.968743,59.401115,-3.3325741,-21.968105,-16.43893
1580,-3.1092123985290527,4.5010504722595215,77.8554458618164,-0.6887895947453132,-2.007417288447308,-80.6464230571207,0.63284886,12.030856,5.967301,8.513345,-7.1742287,-11.341897,9.959129,-6.328189,-31.268791,6.6982718,-12.59138,5.2226896,5.0553465,2.5650942,7.2623987,12.493933,20.653008,-34.516773,56.01947,14.182156,-4.6552153,14.797666,2.5871632,-23.93403,7.7456355,59.048622,-3.542855,-22.116167,-16.775381
1581,-3.105363607406616,4.4737348556518555,77.85591125488281,-0.6893505779690877,-1.9412401497438463,-80.59678970689448,0.5794113,12.016355,5.921551,8.473075,-7.164116,-11.354345,9.92092,-6.3296776,-31.317074,6.6951528,-12.602781,5.2301993,4.8894105,2.5440826,7.125886,12.549054,20.614332,-34.498737,56.152348,14.162563,-4.668693,14.773823,3.1152282,-23.707912,7.51527,58.721592,-3.6578853,-22.286995,-17.020693
1582,-3.099332571029663,4.449155330657959,77.85358428955078,-0.6952033420748669,-1.8792922337126892,-80.5635950342983,0.54590297,12.008775,5.8953953,8.416033,-7.155514,-11.393587,9.884637,-6.325862,-31.351707,6.691308,-12.60909,5.2390156,4.72391,2.528488,6.9915485,12.613283,20.57554,-34.477512,56.28765,14.113645,-4.7238107,14.769269,3.6318855,-23.478203,7.2781878,58.41434,-3.714284,-22.463894,-17.195742
1583,-3.091783046722412,4.428220748901367,77.84864044189453,-0.7001789198835859,-1.819732392969691,-80.54210430929253,0.5221492,12.003436,5.8817935,8.353918,-7.146665,-11.436473,9.847754,-6.3215604,-31.374619,6.6886187,-12.614592,5.2484355,4.56211,2.5109627,6.860389,12.678167,20.537365,-34.4535,56.423504,14.056721,-4.783881,14.768604,4.1397023,-23.248852,7.0544877,58.12632,-3.752604,-22.648565,-17.350737
1584,-3.083115577697754,4.407327175140381,77.84180450439453,-0.703237641350889,-1.7602911997302444,-80.52765931649643,0.4912464,11.996697,5.872238,8.311981,-7.142488,-11.460371,9.807188,-6.321955,-31.387558,6.687913,-12.621908,5.2578106,4.405082,2.4859166,6.7333865,12.734265,20.501167,-34.430584,56.55856,14.006899,-4.8126526,14.756201,4.643709,-23.025518,6.8646975,57.853897,-3.8145661,-22.842543,-17.53568
1585,-3.074134349822998,4.384268283843994,77.83760070800781,-0.700512050368138,-1.700508203025461,-80.51670969669233,0.45182008,11.986075,5.862944,8.288744,-7.1378865,-11.457622,9.763207,-6.328451,-31.39191,6.688497,-12.632652,5.2672095,4.2531867,2.450842,6.61199,12.781549,20.467405,-34.402843,56.688766,13.966094,-4.794027,14.726099,5.1429043,-22.812494,6.71876,57.601196,-3.916676,-23.039585,-17.768503
1586,-3.065708637237549,4.359657287597656,77.83657836914062,-0.6963456441441094,-1.6414993475661412,-80.51248828344163,0.40946686,11.974432,5.8583894,8.277928,-7.134372,-11.441086,9.716973,-6.3383594,-31.386415,6.6897373,-12.644257,5.2769356,4.1035204,2.4112713,6.495409,12.825,20.43542,-34.371235,56.8145,13.923793,-4.7497354,14.686779,5.636457,-22.608992,6.606089,57.366497,-4.033822,-23.241013,-18.020147
1587,-3.0556640625,4.334178447723389,77.8388900756836,-0.6895556632699831,-1.5839401771073147,-80.52044115125199,0.36934468,11.96418,5.8650613,8.2755575,-7.1368446,-11.417756,9.669063,-6.3488326,-31.36927,6.690499,-12.654609,5.2864056,3.956652,2.3705707,6.3818526,12.866808,20.404875,-34.34257,56.937057,13.889103,-4.699724,14.644324,6.12305,-22.415442,6.5169835,57.145046,-4.1411715,-23.4591,-18.269983
1588,-3.0454001426696777,4.309027671813965,77.84379577636719,-0.6858502107293657,-1.528053379269968,-80.54600759015972,0.34006715,11.957815,5.8900285,8.269509,-7.1452866,-11.394987,9.616847,-6.359825,-31.338177,6.694903,-12.662575,5.295245,3.8130958,2.3333132,6.270183,12.908887,20.375187,-34.32454,57.056923,13.869653,-4.6639442,14.604898,6.601037,-22.230675,6.443251,56.931736,-4.2117786,-23.706675,-18.496777
1589,-3.0327951908111572,4.282790184020996,77.84793853759766,-0.6827491840274416,-1.4711055180303023,-80.59117552916695,0.3164353,11.955307,5.933955,8.265056,-7.164656,-11.368849,9.558249,-6.36989,-31.293497,6.699325,-12.665665,5.302641,3.6724994,2.3011873,6.157291,12.954403,20.346685,-34.319767,57.172348,13.871378,-4.6488957,14.571272,7.070368,-22.060404,6.3872437,56.728092,-4.224032,-23.995152,-18.690075
1590,-3.0201199054718018,4.256646156311035,77.84960174560547,-0.6791811813790456,-1.4137739270459386,-80.65279221972791,0.29768243,11.95585,5.99365,8.262302,-7.191059,-11.33773,9.494509,-6.3800387,-31.236082,6.704502,-12.665516,5.3089848,3.537735,2.2676609,6.0433393,12.994221,20.317652,-34.327744,57.293938,13.888232,-4.643436,14.541505,7.5304985,-21.892387,6.3494167,56.54043,-4.2023864,-24.315414,-18.86633
1591,-3.0065181255340576,4.229931831359863,77.84856414794922,-0.6752632625439043,-1.362372894237955,-80.72894021706237,0.29149598,11.959575,6.0692544,8.259807,-7.2223644,-11.311096,9.433274,-6.389794,-31.164888,6.7105293,-12.664283,5.315739,3.4062836,2.2372983,5.9357476,13.032643,20.28937,-34.341732,57.411003,13.911663,-4.6414995,14.509568,7.9852643,-21.734526,6.3230267,56.356243,-4.173168,-24.649355,-19.032442
1592,-2.990602970123291,4.207169532775879,77.84586334228516,-0.6736347242828222,-1.3232055013160855,-80.8176869672196,0.30758914,11.967251,6.161074,8.250797,-7.2534204,-11.298714,9.382759,-6.3976703,-31.079397,6.71602,-12.662755,5.324198,3.2783313,2.2113962,5.8408365,13.067125,20.261374,-34.35847,57.52249,13.932706,-4.636997,14.470793,8.438047,-21.583733,6.298664,56.166115,-4.1683297,-24.978811,-19.199211
1593,-2.9753823280334473,4.186767101287842,77.84111785888672,-0.6753086313106068,-1.3019787013573998,-80.9189406929046,0.3586418,11.979192,6.272536,8.224055,-7.2794,-11.314933,9.350784,-6.4030547,-30.978516,6.720997,-12.662399,5.3359475,3.155527,2.1917093,5.763771,13.098867,20.233923,-34.377583,57.627872,13.948734,-4.6325536,14.418851,8.89605,-21.443363,6.2711287,55.965225,-4.1881313,-25.306381,-19.360666
1594,-2.959496259689331,4.1643571853637695,77.83607482910156,-0.6776312115467056,-1.2942125226683718,-81.03360423242529,0.4348468,11.995276,6.4018645,8.188985,-7.3056717,-11.35067,9.330525,-6.4064517,-30.863005,6.726498,-12.662213,5.349723,3.0405102,2.1734188,5.6989074,13.122101,20.205294,-34.40326,57.73706,13.965841,-4.62973,14.359681,9.354149,-21.3032,6.2433543,55.76362,-4.2237535,-25.639093,-19.518055
1595,-2.937889575958252,4.138453960418701,77.8333969116211,-0.6784618342140156,-1.2901459889359326,-81.16133206964817,0.51706684,12.013487,6.5437922,8.159232,-7.3359017,-11.380294,9.309169,-6.4108334,-30.734173,6.733575,-12.661134,5.3633027,2.9269724,2.1557727,5.639327,13.141883,20.177855,-34.432083,57.839127,13.984887,-4.621524,14.30239,9.8028,-21.169708,6.223601,55.560688,-4.280384,-25.965624,-19.68313
1596,-2.919581413269043,4.118173599243164,77.8349380493164,-0.6787869047869619,-1.2798038896660724,-81.3017208483585,0.58380044,12.031899,6.6924224,8.154645,-7.377729,-11.37814,9.274793,-6.4179826,-30.593325,6.741848,-12.657868,5.374119,2.8010535,2.149251,5.5816374,13.183156,20.158752,-34.44983,57.894756,14.009406,-4.6015344,14.251309,10.232091,-21.07885,6.2282395,55.348087,-4.3452296,-26.27432,-19.856968
1597,-2.9009079933166504,4.090577602386475,77.8393325805664,-0.6730835866456446,-1.2565813044685994,-81.45609973993449,0.621731,12.0478525,6.8451777,8.18567,-7.433052,-11.319496,9.216603,-6.431451,-30.437777,6.7521214,-12.6516075,5.3812575,2.6884975,2.112364,5.509636,13.187148,20.13218,-34.478584,57.98688,14.061265,-4.54965,14.2217865,10.627749,-20.938204,6.2357006,55.15923,-4.4840183,-26.554632,-20.082699
1598,-2.882148265838623,4.058081150054932,77.8453140258789,-0.6649884022255402,-1.226860083828876,-81.6241909758716,0.6430247,12.063244,7.0052767,8.244063,-7.500297,-11.223945,9.144007,-6.4486713,-30.267694,6.7641373,-12.643609,5.3860617,2.5718672,2.074161,5.436742,13.197595,20.112865,-34.5031,58.05272,14.128029,-4.476535,14.197284,11.00371,-20.812813,6.258668,54.966557,-4.65171,-26.81441,-20.326368
1599,-2.8605778217315674,4.043002605438232,77.85076904296875,-0.658130702494177,-1.2015848110201905,-81.80325689111739,0.6711053,12.082458,7.176311,8.306912,-7.5732656,-11.132371,9.073983,-6.464015,-30.08914,6.774539,-12.632913,5.389863,2.4461167,2.0510778,5.37344,13.226357,20.10096,-34.521378,58.081398,14.177838,-4.416083,14.179169,11.369933,-20.72621,6.2993164,54.766968,-4.813182,-27.072178,-20.569326
1600,-2.839531660079956,4.025974273681641,77.85163879394531,-0.6556990407954106,-1.1919494728614601,-81.99034192942358,0.7382699,12.107204,7.3640013,8.334688,-7.6375027,-11.085686,9.022513,-6.4738607,-29.907665,6.785817,-12.622671,5.3936462,2.329129,2.0148618,5.319326,13.234746,20.086662,-34.546146,58.14093,14.188766,-4.3994746,14.183725,11.718534,-20.60178,6.344959,54.601456,-4.988361,-27.346561,-20.83204
1601,-2.817981243133545,4.006430625915527,77.85070037841797,-0.6619460022692886,-1.206621118650553,-82.18381203083,0.86326563,12.140436,7.5717773,8.309496,-7.6894207,-11.115401,9.00452,-6.473589,-29.72936,6.793833,-12.611485,5.398197,2.2070377,1.9938962,5.288955,13.257304,20.075861,-34.56583,58.184937,14.127434,-4.460319,14.218082,12.066808,-20.491491,6.3888803,54.441395,-5.141427,-27.65411,-21.082287
1602,-2.795036554336548,3.9871137142181396,77.84520721435547,-0.6732656500407731,-1.237992781362134,-82.38537916550325,1.0267087,12.17953,7.7963643,8.252178,-7.734862,-11.192945,9.007136,-6.4669,-29.549646,6.8013515,-12.600185,5.4026656,2.081111,1.9811659,5.2747836,13.2850485,20.0667,-34.58425,58.22111,14.014606,-4.5731716,14.276442,12.409184,-20.389088,6.4352517,54.287937,-5.2895937,-27.98095,-21.331516
1603,-2.7719473838806152,3.9701874256134033,77.83885955810547,-0.685485502181225,-1.2714288381259737,-82.59778347603195,1.1946123,12.220347,8.031692,8.199609,-7.7837505,-11.268667,9.008937,-6.4594684,-29.35883,6.8079624,-12.586379,5.406346,1.9569411,1.9747925,5.2646294,13.312912,20.060345,-34.60494,58.24352,13.902538,-4.6846952,14.32764,12.738175,-20.312117,6.507893,54.14403,-5.430913,-28.30045,-21.592133
1604,-2.7428860664367676,3.949808359146118,77.83588409423828,-0.6929271961851344,-1.2928176006367749,-82.82363187416216,1.3350289,12.25829,8.2719145,8.1834345,-7.8421583,-11.292888,8.987425,-6.4578495,-29.14682,6.818178,-12.571592,5.408391,1.8484443,1.943565,5.239206,13.3084345,20.056616,-34.638382,58.291195,13.844668,-4.7398114,14.34961,13.030391,-20.211466,6.630685,54.04409,-5.598149,-28.585365,-21.902405
1605,-2.714751720428467,3.92446231842041,77.83708190917969,-0.6898073155217447,-1.2925752917984115,-83.0624173672981,1.425372,12.288959,8.510138,8.2272005,-7.915476,-11.231883,8.929873,-6.467622,-28.909912,6.8307047,-12.554514,5.4080563,1.752916,1.9007711,5.1956263,13.284619,20.061363,-34.684765,58.32912,13.865932,-4.7060785,14.318398,13.295991,-20.137157,6.8238616,53.964523,-5.77863,-28.817984,-22.269043
1606,-2.6892805099487305,3.901599645614624,77.84541320800781,-0.683267932226748,-1.2801192208153613,-83.31323938471773,1.4882455,12.315908,8.751432,8.306971,-7.997778,-11.119063,8.851263,-6.483367,-28.653803,6.8441963,-12.535906,5.405889,1.6633568,1.8479671,5.1411858,13.25038,20.073296,-34.735004,58.358765,13.937034,-4.618318,14.253684,13.533325,-20.077974,7.076146,53.90945,-5.9688144,-29.015762,-22.679638
1607,-2.664531946182251,3.877223014831543,77.85460662841797,-0.6769095226695137,-1.2699821805237443,-83.57832921959776,1.5586714,12.347139,9.007492,8.387944,-8.083678,-11.005182,8.769935,-6.496368,-28.382269,6.858401,-12.514894,5.403502,1.5800565,1.7997515,5.090055,13.210304,20.088415,-34.792397,58.38338,14.0134945,-4.526133,14.179732,13.752529,-20.035303,7.3436003,53.872486,-6.1477113,-29.20531,-23.08536
1608,-2.6386306285858154,3.856416702270508,77.86077880859375,-0.6800648577184127,-1.2764114893453766,-83.86016439147228,1.6708483,12.389817,9.290142,8.437316,-8.168076,-10.940978,8.705006,-6.4974275,-28.099354,6.871079,-12.4895525,5.4025702,1.4993101,1.7639483,5.0548086,13.171148,20.104544,-34.85353,58.409275,14.053194,-4.4784718,14.122889,13.952082,-19.998814,7.5928717,53.8601,-6.297152,-29.413395,-23.443487
1609,-2.6108200550079346,3.8355917930603027,77.86270141601562,-0.6963189948308612,-1.3094473570844838,-84.1604096094733,1.8478109,12.449326,9.606929,8.435,-8.248811,-10.95643,8.672028,-6.4789143,-27.80693,6.879794,-12.459778,5.4037013,1.420095,1.7422833,5.041679,13.137027,20.122265,-34.921116,58.442135,14.027409,-4.504148,14.093814,14.131946,-19.960724,7.8192,53.87853,-6.388925,-29.653948,-23.730831
1610,-2.5823349952697754,3.8180880546569824,77.85977935791016,-0.7212752624103503,-1.3594929206282755,-84.47746568558523,2.0674028,12.51993,9.950516,8.401337,-8.328017,-11.0189085,8.6554785,-6.448557,-27.502655,6.8888907,-12.426829,5.406174,1.3511508,1.7310085,5.0442615,13.095603,20.139643,-35.000988,58.483685,13.965967,-4.5717325,14.077757,14.299244,-19.925528,8.028701,53.917953,-6.443216,-29.910995,-23.972853
1611,-2.5511932373046875,3.8041133880615234,77.85334777832031,-0.7471448517903694,-1.4114532683673504,-84.80841781201465,2.295854,12.592352,10.310018,8.363149,-8.406497,-11.086186,8.636545,-6.41595,-27.1844,6.8969197,-12.390619,5.4087486,1.2938305,1.7266285,5.0539694,13.038624,20.154137,-35.085976,58.528618,13.912858,-4.6399074,14.062739,14.453663,-19.89825,8.216284,53.968586,-6.5170555,-30.16702,-24.203663
1612,-2.526250123977661,3.781348943710327,77.84782409667969,-0.7651803232736668,-1.4499674272465013,-85.15074662217187,2.4978845,12.657872,10.674198,8.350612,-8.487285,-11.115852,8.593395,-6.3923573,-26.849905,6.907347,-12.3529005,5.4103613,1.2432151,1.7105209,5.0505004,12.9649,20.173689,-35.174732,58.577927,13.90095,-4.665459,14.04134,14.573434,-19.865643,8.413289,54.05173,-6.660285,-30.40269,-24.473307
1613,-2.496201992034912,3.7626848220825195,77.84773254394531,-0.773656963726821,-1.4673239219659957,-85.50599175979413,2.6596322,12.712204,11.041903,8.372715,-8.568768,-11.088149,8.515734,-6.3825717,-26.495235,6.9185195,-12.312828,5.4108143,1.211093,1.6913216,5.0462,12.857747,20.192287,-35.262447,58.621872,13.975073,-4.6243706,14.000699,14.675279,-19.840717,8.5726595,54.136894,-6.9175897,-30.612482,-24.78818
1614,-2.461245536804199,3.7462527751922607,77.85233306884766,-0.7747021982726631,-1.4719954640451143,-85.87476136813663,2.7994957,12.7606535,11.418198,8.414752,-8.6509285,-11.02843,8.415193,-6.380437,-26.122917,6.9302077,-12.269827,5.410773,1.1880134,1.6659935,5.0282607,12.733604,20.211845,-35.3602,58.67153,14.090588,-4.541721,13.953544,14.739124,-19.819056,8.7301655,54.264545,-7.242407,-30.80616,-25.138746
1615,-2.429877519607544,3.7371628284454346,77.85961151123047,-0.7746095479843396,-1.476113830455304,-86.25337108151601,2.941526,12.8085375,11.802662,8.45736,-8.733134,-10.961758,8.309613,-6.3780384,-25.739351,6.9422946,-12.225072,5.4102807,1.1728019,1.6380136,5.0076795,12.601362,20.2378,-35.46088,58.721054,14.202617,-4.4563146,13.908856,14.785305,-19.794409,8.893077,54.40758,-7.5861645,-30.98818,-25.49053
1616,-2.3982672691345215,3.724569797515869,77.86724853515625,-0.7806795066898881,-1.4913218477569308,-86.63754954170734,3.1038394,12.861723,12.193551,8.492109,-8.820318,-10.913006,8.2171545,-6.367333,-25.351746,6.952401,-12.177937,5.4095,1.1630052,1.6136761,4.996725,12.47396,20.272354,-35.54669,58.761158,14.27542,-4.4077168,13.873936,14.8295355,-19.767807,9.061264,54.543373,-7.9028955,-31.166363,-25.804367
1617,-2.3674240112304688,3.7042558193206787,77.87128448486328,-0.7950608313443398,-1.5244857206721845,-87.0316435815368,3.3019235,12.923259,12.596975,8.508901,-8.912517,-10.890672,8.144821,-6.344491,-24.95591,6.9615154,-12.128849,5.4072614,1.162241,1.6051925,5.0025015,12.342455,20.300123,-35.61895,58.80441,14.296887,-4.4133162,13.8468895,14.880948,-19.75316,9.221332,54.66115,-8.187177,-31.343758,-26.064434
1618,-2.3366053104400635,3.685457229614258,77.87129974365234,-0.8148111784767403,-1.5680257002235463,-87.4357996252525,3.519426,12.990202,13.010945,8.520738,-9.010411,-10.881272,8.082517,-6.3138895,-24.550356,6.9698567,-12.077978,5.4038305,1.1549655,1.5948573,5.0081196,12.231719,20.346203,-35.677673,58.82964,14.277923,-4.4476757,13.82531,14.9042,-19.736057,9.417005,54.804504,-8.452023,-31.51607,-26.30404
1619,-2.3014779090881348,3.669707775115967,77.87201690673828,-0.8333848137465777,-1.6124091620191454,-87.84063868106618,3.7415562,13.055523,13.425157,8.525842,-9.105591,-10.875759,8.022166,-6.2818336,-24.145348,6.9763184,-12.02506,5.401845,1.1527492,1.5897819,5.0193996,12.114073,20.391102,-35.72286,58.85146,14.245706,-4.4933467,13.815724,14.929028,-19.727182,9.607868,54.933212,-8.700169,-31.68206,-26.516476
1620,-2.2653470039367676,3.662870407104492,77.87142944335938,-0.8516953675819033,-1.6475763464248399,-88.236617325376,3.9471917,13.113785,13.827939,8.532094,-9.193506,-10.865359,7.952996,-6.2547793,-23.751028,6.983272,-11.971525,5.4038625,1.1514573,1.5855315,5.025929,11.980403,20.429033,-35.759567,58.882496,14.208675,-4.5310044,13.828318,14.959643,-19.724854,9.802447,55.04308,-8.923263,-31.83886,-26.711327
1621,-2.2302725315093994,3.654820203781128,77.86868286132812,-0.8643061480302484,-1.6728133448458031,-88.62304831671376,4.1362476,13.163371,14.216637,8.53752,-9.271306,-10.849996,7.8760023,-6.233442,-23.368189,6.9898243,-11.917826,5.411772,1.1334407,1.5742286,5.023429,11.862175,20.476908,-35.768433,58.894245,14.157409,-4.559608,13.871648,14.969904,-19.727398,10.036397,55.158142,-9.097052,-31.990658,-26.889923
1622,-2.1923155784606934,3.639185905456543,77.8669204711914,-0.8765718280131377,-1.6926834619580184,-89.00460027830344,4.317538,13.207476,14.597409,8.539351,-9.341478,-10.833749,7.7950444,-6.2149034,-22.991781,6.9949365,-11.862367,5.4238725,1.100344,1.5578135,5.02191,11.7648115,20.544987,-35.74137,58.873352,14.093229,-4.589714,13.934629,14.966234,-19.737951,10.301311,55.26549,-9.229599,-32.13716,-27.045446
1623,-2.1569557189941406,3.6298654079437256,77.86904907226562,-0.8859692855167314,-1.705371132700247,-89.37896893709635,4.487211,13.246214,14.971598,8.540397,-9.408125,-10.813095,7.70683,-6.1994076,-22.62428,6.9998126,-11.805926,5.4369936,1.0926669,1.5490502,5.014393,11.614854,20.583576,-35.740402,58.9002,14.030514,-4.6114616,14.011328,14.987185,-19.74846,10.529698,55.348732,-9.370858,-32.271187,-27.187399
1624,-2.1197285652160645,3.6196463108062744,77.87324523925781,-0.8951155235808362,-1.7082741772458139,-89.74375529035345,4.641745,13.279787,15.340372,8.5405,-9.473164,-10.784813,7.608617,-6.187346,-22.268362,7.0040936,-11.748127,5.4480042,1.0604577,1.536218,4.996386,11.4769535,20.62618,-35.717094,58.912518,13.989059,-4.6127214,14.081419,14.977074,-19.765743,10.79179,55.452133,-9.529118,-32.383575,-27.335712
1625,-2.0778636932373047,3.606355667114258,77.87958526611328,-0.9000259988849952,-1.697207242484759,-90.10049095451647,4.7750893,13.306224,15.707013,8.543542,-9.539004,-10.739126,7.4935417,-6.181088,-21.923397,7.008033,-11.688009,5.454527,0.99543095,1.5164751,4.968436,11.369543,20.688492,-35.652416,58.880997,13.985081,-4.578909,14.137176,14.93304,-19.79898,11.098129,55.5673,-9.718804,-32.473366,-27.494839
1626,-2.0316221714019775,3.5958282947540283,77.8886947631836,-0.9045993220304357,-1.6745974236059353,-90.44957053983259,4.8881392,13.327746,16.068981,8.553042,-9.606462,-10.68069,7.364523,-6.1791086,-21.588675,7.0126243,-11.626435,5.4586525,0.9563588,1.4999157,4.930475,11.212901,20.730108,-35.617207,58.887203,13.999181,-4.519794,14.1957,14.906127,-19.827362,11.36707,55.667194,-9.949103,-32.545483,-27.655035
1627,-1.9873850345611572,3.584510564804077,77.89569854736328,-0.9079930725269999,-1.6481942566995105,-90.78773112151936,4.9966974,13.344296,16.422266,8.551935,-9.666624,-10.627914,7.234677,-6.1788955,-21.26515,7.014937,-11.563548,5.464474,0.8780718,1.481463,4.890777,11.090804,20.78702,-35.540344,58.85685,14.01841,-4.4625626,14.248849,14.847729,-19.872358,11.684956,55.78006,-10.154298,-32.597763,-27.80398
1628,-1.9519232511520386,3.582627296447754,77.89944458007812,-0.913048518190572,-1.626115010444593,-91.11141217029216,5.110768,13.359396,16.76086,8.537219,-9.718695,-10.598933,7.1150045,-6.176435,-20.9541,7.018332,-11.503444,5.4757304,0.8240878,1.470339,4.8553853,10.9212675,20.82585,-35.50431,58.87203,14.015712,-4.4346337,14.305486,14.817186,-19.903812,11.9555,55.877865,-10.334044,-32.630367,-27.926884
1629,-1.9118859767913818,3.581089973449707,77.89891052246094,-0.922803640930401,-1.6128048149390175,-91.42014265666934,5.241311,13.373605,17.085564,8.495232,-9.755928,-10.611818,7.013452,-6.1692185,-20.655983,7.01952,-11.444755,5.4953427,0.74881786,1.4639468,4.8284297,10.763103,20.867868,-35.45505,58.883133,13.98637,-4.4560013,14.370403,14.780136,-19.936275,12.239572,55.97803,-10.448743,-32.637684,-28.017893
1630,-1.8712173700332642,3.5791401863098145,77.89592742919922,-0.9352056413994054,-1.6032283332737916,-91.71568408070141,5.378778,13.385562,17.398325,8.434297,-9.781902,-10.652278,6.9215007,-6.1601706,-20.370054,7.019991,-11.387025,5.52064,0.6519009,1.4598291,4.8082895,10.622171,20.923117,-35.388325,58.873672,13.940459,-4.5077147,14.437881,14.732905,-19.97392,12.540815,56.077694,-10.516236,-32.62197,-28.083208
1631,-1.8276978731155396,3.5751917362213135,77.89260864257812,-0.9481939726705249,-1.5909501569484972,-91.99747433646642,5.507071,13.394021,17.69657,8.373575,-9.805354,-10.690662,6.8297157,-6.1525717,-20.09641,7.0201507,-11.33039,5.5469294,0.583499,1.4570972,4.784907,10.425748,20.959938,-35.365635,58.913383,13.889218,-4.5590863,14.49585,14.709684,-19.99592,12.795819,56.16933,-10.589442,-32.594036,-28.135754
1632,-1.7812352180480957,3.5714383125305176,77.89291381835938,-0.9572001586824795,-1.5693905192447717,-92.26528184233531,5.608549,13.397898,17.977333,8.333556,-9.835415,-10.69727,6.728017,-6.150639,-19.834822,7.02046,-11.274415,5.5695944,0.4920984,1.4452742,4.7510457,10.237561,21.003557,-35.32242,58.942253,13.858512,-4.5789714,14.518306,14.657717,-20.020824,13.086372,56.288685,-10.666819,-32.562424,-28.18902
1633,-1.7342922687530518,3.566500663757324,77.8980712890625,-0.9611398365799532,-1.5352069206541659,-92.52115173413178,5.6740828,13.396537,18.240204,8.326706,-9.877407,-10.650602,6.6099086,-6.1571465,-19.582367,7.021569,-11.218964,5.5865073,0.38515434,1.4229772,4.707871,10.050861,21.060236,-35.26342,58.95357,13.859896,-4.5481977,14.483779,14.582694,-20.053,13.407791,56.425114,-10.764532,-32.531143,-28.252
1634,-1.688501000404358,3.5617918968200684,77.90614318847656,-0.9607886886509798,-1.4923404514991763,-92.76447237958125,5.713956,13.390989,18.486506,8.341044,-9.926588,-10.570998,6.473197,-6.1725507,-19.338959,7.043398,-11.175408,5.6004925,0.29406825,1.3981045,4.656716,9.8231125,21.107609,-35.232845,58.99331,13.874158,-4.487051,14.41318,14.515577,-20.079653,13.71061,56.562096,-10.882186,-32.495213,-28.315357
1635,-1.644330620765686,3.5562009811401367,77.91302490234375,-0.960441067296846,-1.4456840666940627,-92.99140518919113,5.743209,13.382184,18.71653,8.353801,-9.972679,-10.491281,6.329344,-6.192133,-19.11064,7.0798492,-11.140832,5.614311,0.2008468,1.3711368,4.6006002,9.581327,21.148739,-35.206467,59.0475,13.889022,-4.4239025,14.337589,14.446541,-20.102427,14.003292,56.710327,-10.993107,-32.450375,-28.358875
1636,-1.6031572818756104,3.5503268241882324,77.91692352294922,-0.9635746847998481,-1.3997958476521528,-93.19803870509102,5.7754226,13.371419,18.930264,8.343995,-10.005948,-10.444604,6.1980624,-6.2082925,-18.904318,7.1064587,-11.1027355,5.6306524,0.08511512,1.3437082,4.5424075,9.358353,21.191963,-35.16012,59.094597,13.888997,-4.3869987,14.287741,14.36846,-20.122932,14.298397,56.876568,-11.067735,-32.392193,-28.361427
1637,-1.5611377954483032,3.5480003356933594,77.91725158691406,-0.9714528859941987,-1.3591708491996064,-93.38443034220396,5.8234434,13.359798,19.132116,8.296846,-10.021423,-10.452525,6.086333,-6.217874,-18.721678,7.1226735,-11.061675,5.6496143,-0.037033252,1.3177907,4.4871335,9.138298,21.232477,-35.1132,59.15306,13.862708,-4.3931036,14.278245,14.297362,-20.136896,14.571629,57.050816,-11.090739,-32.322273,-28.29827
1638,-1.5154671669006348,3.5514864921569824,77.91661071777344,-0.983718397046595,-1.3202795198215656,-93.5522783842289,5.877319,13.346065,19.320776,8.2253685,-10.024151,-10.493179,5.9875784,-6.2242775,-18.559502,7.128778,-11.016764,5.669987,-0.16339307,1.2909915,4.431304,8.914549,21.26937,-35.067192,59.22523,13.822009,-4.424036,14.2901325,14.230548,-20.143227,14.828778,57.234364,-11.079811,-32.242157,-28.18765
1639,-1.4722672700881958,3.5592398643493652,77.91351318359375,-0.9939246955463333,-1.2755438298681205,-93.69993948070928,5.9158974,13.328451,19.48739,8.153183,-10.021948,-10.534341,5.8876905,-6.2332077,-18.416397,7.1349072,-10.97343,5.692356,-0.30513087,1.2604938,4.367784,8.695099,21.306091,-35.008335,59.292946,13.779672,-4.4553576,14.307647,14.14805,-20.14116,15.07992,57.442795,-11.073691,-32.148052,-28.07227
1640,-1.4297012090682983,3.562100648880005,77.91221618652344,-0.999952062003262,-1.2175904201112242,-93.82543087848693,5.9184384,13.305983,19.623032,8.102944,-10.02166,-10.543981,5.778444,-6.248674,-18.291431,7.1372557,-10.929133,5.717244,-0.45104343,1.2290342,4.290962,8.464517,21.334675,-34.945324,59.35687,13.749502,-4.463138,14.315859,14.058494,-20.13092,15.300115,57.67005,-11.119283,-32.036972,-27.990183
1641,-1.3858541250228882,3.561556816101074,77.91626739501953,-0.999299626215216,-1.1416953888347843,-93.9274816355422,5.874099,13.276026,19.722162,8.083124,-10.024655,-10.505145,5.651032,-6.2744417,-18.18267,7.1393437,-10.884526,5.7470956,-0.6181942,1.1913141,4.195796,8.238897,21.359838,-34.85621,59.40093,13.740834,-4.4333386,14.307476,13.9361515,-20.11187,15.517648,57.93802,-11.224954,-31.907913,-27.964949
1642,-1.345055103302002,3.560633897781372,77.9199447631836,-0.9940072088568929,-1.0527540693937083,-94.00724093472157,5.797037,13.23934,19.791025,8.078874,-10.026472,-10.437744,5.5131617,-6.3075776,-18.091238,7.139969,-10.839914,5.7807975,-0.8129021,1.1434565,4.0861177,8.025893,21.387032,-34.7334,59.427532,13.747965,-4.381466,14.290997,13.776072,-20.077974,15.744109,58.25094,-11.368053,-31.762249,-27.974634
1643,-1.3033853769302368,3.5593338012695312,77.92711639404297,-0.9875139428616726,-0.9578032771355774,-94.06733094253677,5.702329,13.200458,19.837852,8.079464,-10.026905,-10.3646145,5.3743057,-6.343659,-18.019726,7.139984,-10.796671,5.8138576,-0.98959404,1.105266,3.9711587,7.785647,21.40198,-34.637505,59.464005,13.749843,-4.326934,14.276254,13.648363,-20.048998,15.904551,58.543247,-11.538605,-31.60116,-27.976475
1644,-1.2639213800430298,3.562356472015381,77.93386840820312,-0.9833567211170582,-0.8638329775496104,-94.10999417002088,5.608709,13.161346,19.87173,8.068766,-10.023652,-10.308765,5.246198,-6.378138,-17.971582,7.136903,-10.755074,5.841576,-1.2078022,1.0563124,3.8470838,7.5781984,21.420563,-34.49226,59.49098,13.759764,-4.2882376,14.271395,13.464463,-19.989365,16.085236,58.89945,-11.716577,-31.42443,-27.96362
1645,-1.225570797920227,3.5680930614471436,77.93841552734375,-0.9833633205016762,-0.7724779980978933,-94.13142084200034,5.5184164,13.122315,19.890972,8.04311,-10.016795,-10.276414,5.1312413,-6.411428,-17.953892,7.1344895,-10.717747,5.85967,-1.409627,1.0191593,3.7236235,7.3449707,21.430542,-34.383644,59.53726,13.748498,-4.2740254,14.287282,13.323441,-19.932194,16.186567,59.223858,-11.903991,-31.228743,-27.901915
1646,-1.186552882194519,3.571467399597168,77.942138671875,-0.9857609271741423,-0.6801522259131695,-94.13179688436152,5.4232078,13.082348,19.892197,8.009163,-10.006084,-10.255473,5.0233274,-6.4451823,-17.962887,7.13276,-10.683522,5.8715067,-1.6223153,0.98150486,3.5934017,7.1084228,21.435118,-34.271816,59.5936,13.732442,-4.2730083,14.316981,13.174247,-19.859184,16.256956,59.568283,-12.108245,-31.01488,-27.819422
1647,-1.1508386135101318,3.575636148452759,77.94406127929688,-0.988633764315658,-0.5860619771942932,-94.12009974818896,5.3241343,13.041224,19.882084,7.9709344,-9.992269,-10.240495,4.9190135,-6.479135,-17.984535,7.128998,-10.650505,5.8844657,-1.8338574,0.93577033,3.4545574,6.865597,21.435001,-34.152626,59.65885,13.722848,-4.274768,14.343573,13.005581,-19.75099,16.303965,59.94998,-12.336962,-30.791363,-27.737873
1648,-1.1107840538024902,3.574085235595703,77.94310760498047,-0.9911067885772293,-0.4894346589616148,-94.1054077896142,5.222114,13.00044,19.867186,7.9316506,-9.975242,-10.226363,4.816646,-6.511491,-18.004885,7.1153226,-10.613189,5.9060993,-2.029286,0.9040996,3.3155293,6.6239314,21.4297,-34.03122,59.69844,13.719698,-4.2701764,14.344687,12.860225,-19.658543,16.315012,60.3097,-12.574718,-30.56739,-27.653257
1649,-1.0716477632522583,3.573863983154297,77.9410400390625,-0.9932892874702476,-0.38797197027245967,-94.08450162646878,5.1145477,12.958436,19.84436,7.888378,-9.951417,-10.217166,4.7147675,-6.5432067,-18.025476,7.0904346,-10.571328,5.9418025,-2.2213,0.8791059,3.171567,6.3903847,21.418602,-33.88712,59.713806,13.73846,-4.2557454,14.305741,12.716229,-19.564322,16.301805,60.66907,-12.8308525,-30.34017,-27.576155
1650,-1.0321831703186035,3.5729427337646484,77.93962860107422,-0.9965603193281032,-0.2829872207603791,-94.05449678581928,5.003381,12.914896,19.811846,7.837493,-9.920082,-10.2139635,4.6155305,-6.5739417,-18.051882,7.0561676,-10.526022,5.986374,-2.4129453,0.8528903,3.0193586,6.154687,21.40011,-33.728123,59.72664,13.770935,-4.236744,14.24239,12.561448,-19.448458,16.26449,61.049786,-13.112628,-30.106213,-27.505915
1651,-0.9953505992889404,3.5729191303253174,77.93978881835938,-0.9996316731129679,-0.1784289860678329,-94.02453236734196,4.8905897,12.872952,19.778004,7.793295,-9.892527,-10.206159,4.5178785,-6.6040177,-18.07642,7.019884,-10.480587,6.031579,-2.5904574,0.8434716,2.8725178,5.9286036,21.382284,-33.56927,59.70382,13.795724,-4.217343,14.174307,12.430843,-19.363003,16.206486,61.405407,-13.384462,-29.874617,-27.42213
1652,-0.9554405808448792,3.5691514015197754,77.94197845458984,-1.0032079929483178,-0.07875217210711302,-94.0038034430838,4.783497,12.833281,19.75207,7.7600336,-9.874962,-10.183303,4.4161143,-6.6346684,-18.090597,6.9998913,-10.444053,6.0689826,-2.7499287,0.8379098,2.7312384,5.707664,21.359735,-33.405167,59.66502,13.811553,-4.200807,14.128866,12.292133,-19.275671,16.155252,61.784412,-13.643674,-29.652357,-27.33662
1653,-0.9169873595237732,3.565284252166748,77.94725036621094,-1.006760176540079,0.017403905257701753,-93.99744494492198,4.677343,12.798559,19.737776,7.749795,-9.8748,-10.132785,4.3055873,-6.6656895,-18.088205,6.999508,-10.417806,6.093462,-2.8890867,0.82261527,2.5840943,5.4764614,21.320665,-33.231533,59.643948,13.821564,-4.1820626,14.112484,12.114984,-19.144943,16.11454,62.237617,-13.92512,-29.443123,-27.272135
1654,-0.874466061592102,3.5605485439300537,77.9509048461914,-1.0131653225400594,0.11173516677399652,-93.99966620095321,4.5698776,12.767798,19.729752,7.757018,-9.887088,-10.063756,4.194679,-6.6946225,-18.07554,6.9990125,-10.391616,6.1104608,-3.0052953,0.82252634,2.4424498,5.2576933,21.283247,-33.057816,59.58406,13.818047,-4.161526,14.105889,11.958773,-19.040876,16.05922,62.67669,-14.201388,-29.243917,-27.198841
1655,-0.8345179557800293,3.547119379043579,77.95148468017578,-1.0183816823637752,0.1999917180201837,-94.00298407080246,4.471585,12.73653,19.722828,7.7613235,-9.899247,-9.997413,4.0918846,-6.723294,-18.062483,6.9976735,-10.366554,6.1274405,-3.108705,0.8318958,2.3133073,5.0442324,21.247988,-32.89253,59.49928,13.798704,-4.149761,14.115576,11.810962,-18.95716,16.00983,63.10912,-14.434351,-29.046799,-27.108488
1656,-0.7957813143730164,3.536449432373047,77.94921112060547,-1.0230305387845537,0.27757659340139546,-93.99942452584023,4.3899345,12.701651,19.711329,7.7489595,-9.9021845,-9.955714,4.003713,-6.7539835,-18.05836,6.997235,-10.344106,6.151783,-3.206677,0.83722925,2.1966333,4.8174405,21.201956,-32.741497,59.431023,13.773252,-4.1570992,14.152075,11.646792,-18.857367,15.985879,63.56878,-14.599981,-28.842443,-27.003693
1657,-0.7571457624435425,3.542166233062744,77.94385528564453,-1.027470624456877,0.34371209966456395,-93.98427133052975,4.3304267,12.662623,19.691616,7.705246,-9.887304,-9.957512,3.9351134,-6.785768,-18.069738,6.995248,-10.324145,6.187536,-3.2940083,0.8491105,2.10053,4.589065,21.161144,-32.61516,59.34564,13.722384,-4.1981874,14.22514,11.496701,-18.775175,15.97613,64.01162,-14.660849,-28.626,-26.856087
1658,-0.7204366326332092,3.5434842109680176,77.93682098388672,-1.0321491345810667,0.40056461376427427,-93.96260850671938,4.2865324,12.621455,19.667112,7.644921,-9.8635845,-9.986865,3.8806534,-6.8180914,-18.090073,6.993582,-10.306913,6.229989,-3.372213,0.8670727,2.0211976,4.361594,21.124166,-32.504524,59.242058,13.649191,-4.263714,14.327796,11.352912,-18.704496,15.979789,64.44918,-14.645258,-28.403593,-26.67884
1659,-0.682309091091156,3.5375375747680664,77.93180084228516,-1.0346202318602078,0.4485511825752564,-93.94141598791175,4.2526183,12.578005,19.643827,7.5848684,-9.840165,-10.013107,3.8359463,-6.8526883,-18.110163,6.991498,-10.290314,6.273673,-3.4421327,0.87406677,1.9464172,4.1133747,21.067513,-32.40575,59.17478,13.586956,-4.327516,14.440124,11.17537,-18.602573,16.012321,64.94219,-14.60379,-28.181013,-26.517776
1660,-0.6434146761894226,3.5300638675689697,77.93158721923828,-1.032914211513217,0.4886947964801737,-93.9279015622167,4.2177353,12.533382,19.626856,7.5514164,-9.831403,-10.0051775,3.7950997,-6.8916607,-18.120457,6.990187,-10.273079,6.3133225,-3.4883869,0.88724476,1.8927615,3.873888,21.024698,-32.33473,59.0724,13.53788,-4.3637924,14.523935,11.018662,-18.53076,16.049133,65.40954,-14.549539,-27.971611,-26.370087
1661,-0.6027638912200928,3.519385576248169,77.93451690673828,-1.0254739945020779,0.5232538482916991,-93.92490036239418,4.17129,12.488112,19.61648,7.5646877,-9.846754,-9.9387865,3.7533438,-6.936826,-18.116968,6.9909267,-10.2560425,6.34653,-3.5175762,0.8949699,1.8504788,3.6276875,20.97885,-32.28333,58.967247,13.527227,-4.35367,14.577911,10.841394,-18.460117,16.122684,65.91307,-14.508428,-27.781223,-26.27485
1662,-0.5624831914901733,3.5158891677856445,77.93926239013672,-1.0138586768123115,0.5511658930640991,-93.92843958888344,4.1244,12.440508,19.611132,7.599687,-9.873515,-9.835816,3.7146153,-6.9866986,-18.105377,6.991836,-10.238331,6.37659,-3.5279465,0.9036308,1.8249329,3.386939,20.939949,-32.24984,58.836136,13.540236,-4.3148894,14.613018,10.665732,-18.405842,16.216803,66.42041,-14.45632,-27.6041,-26.204283
1663,-0.5246204137802124,3.512582302093506,77.94281005859375,-1.000463873305369,0.5679370648556961,-93.93486599955584,4.0897303,12.39177,19.61026,7.637407,-9.904406,-9.734674,3.6871865,-7.037821,-18.090399,6.993107,-10.220981,6.4061346,-3.5228953,0.9167213,1.8212451,3.153218,20.912071,-32.23824,58.685215,13.542542,-4.2759953,14.6334505,10.508464,-18.369585,16.305283,66.89703,-14.366338,-27.427946,-26.117155
1664,-0.4863545298576355,3.512742042541504,77.94343566894531,-0.9876144784388196,0.5687260087098378,-93.94051269708481,4.086907,12.340466,19.614906,7.644524,-9.924431,-9.673573,3.6791072,-7.0877256,-18.076756,6.9943213,-10.203847,6.4380593,-3.520958,0.92711127,1.8259147,2.914051,20.867168,-32.23453,58.57937,13.518083,-4.266867,14.652107,10.338762,-18.314344,16.396488,67.37958,-14.216863,-27.239,-25.992247
1665,-0.44692671298980713,3.5183944702148438,77.94129943847656,-0.9786197045360475,0.546990364539158,-93.94602228567855,4.1289625,12.289951,19.627748,7.609439,-9.9315195,-9.682414,3.699234,-7.1316967,-18.0646,6.9950056,-10.186422,6.4727707,-3.4998245,0.94389504,1.8538146,2.661675,20.816236,-32.267117,58.503292,13.430834,-4.3054185,14.666087,10.193857,-18.254576,16.44768,67.82479,-13.986063,-27.030436,-25.801239
1666,-0.40791332721710205,3.5250608921051025,77.93721008300781,-0.9712867075647363,0.5070661870631484,-93.95285080307207,4.2047977,12.238973,19.647697,7.545962,-9.930125,-9.73415,3.734544,-7.174718,-18.050879,7.0099773,-10.176686,6.508956,-3.465021,0.96959025,1.9102848,2.424433,20.781036,-32.318638,58.405636,13.303479,-4.3727417,14.666528,10.077831,-18.213863,16.475235,68.219635,-13.685707,-26.81087,-25.558325
1667,-0.372089147567749,3.529944896697998,77.93241882324219,-0.9603959961023305,0.46068247559675995,-93.95838203650864,4.286566,12.184011,19.668125,7.4840145,-9.928808,-9.782403,3.7739367,-7.2232294,-18.037878,7.031579,-10.171035,6.546607,-3.41602,0.98850304,1.9708061,2.170428,20.73264,-32.397003,58.345814,13.178261,-4.4403396,14.66392,9.96442,-18.161045,16.493141,68.607925,-13.367391,-26.59047,-25.306276
1668,-0.33715614676475525,3.5311129093170166,77.9312973022461,-0.9411170783711645,0.4195478631870087,-93.96045906570761,4.3464203,12.122071,19.68264,7.452273,-9.934865,-9.780835,3.8014219,-7.2851214,-18.02726,7.063041,-10.171929,6.585657,-3.3590245,0.99676436,2.0283556,1.9117324,20.676037,-32.488297,58.30667,13.098103,-4.479664,14.657737,9.860292,-18.107224,16.506884,68.9666,-13.0721655,-26.37693,-25.06556
1669,-0.29911381006240845,3.531024694442749,77.93423461914062,-0.9081322048426063,0.38877318251627985,-93.96048752200254,4.3663974,12.050415,19.68983,7.4781775,-9.957188,-9.695224,3.8084228,-7.3677588,-18.015501,7.10753,-10.18178,6.6278825,-3.297391,0.9911061,2.084151,1.6656477,20.62118,-32.577427,58.262222,13.096067,-4.473485,14.640272,9.764192,-18.06609,16.520288,69.28075,-12.810673,-26.161047,-24.819859
1670,-0.26043766736984253,3.532726764678955,77.9403076171875,-0.8650236669394157,0.3614239229025379,-93.95915839335503,4.36667,11.9702015,19.693914,7.535803,-9.987214,-9.557465,3.8047886,-7.465515,-18.002958,7.161921,-10.198012,6.672811,-3.2325711,0.9764849,2.1455176,1.4363235,20.57401,-32.666298,58.205647,13.141835,-4.440247,14.611271,9.678024,-18.039343,16.532793,69.55138,-12.557215,-25.941927,-24.560232
1671,-0.2188151776790619,3.5351600646972656,77.94679260253906,-0.8209348194850311,0.331377265521653,-93.95246376501682,4.368679,11.888148,19.693655,7.590808,-10.015345,-9.4204,3.805357,-7.5654263,-17.997133,7.217033,-10.215645,6.7168097,-3.1648908,0.96137536,2.2110314,1.2086005,20.52207,-32.767014,58.162918,13.189328,-4.405085,14.58322,9.60635,-18.016544,16.546368,69.7979,-12.294919,-25.745455,-24.321339
1672,-0.17733336985111237,3.5418617725372314,77.95275115966797,-0.7848659814505345,0.2925186422800949,-93.93620103469338,4.392015,11.811417,19.687397,7.613872,-10.035009,-9.336725,3.823854,-7.6546865,-18.005577,7.266182,-10.230728,6.756283,-3.0937793,0.9567006,2.2785003,0.9683419,20.4446,-32.884796,58.164097,13.202025,-4.3933372,14.569392,9.553569,-17.989248,16.564648,70.039894,-12.003115,-25.597824,-24.137127
1673,-0.13851740956306458,3.5508620738983154,77.95586395263672,-0.7614516104299704,0.2386536882773533,-93.90867204795858,4.4533668,11.741918,19.675402,7.58188,-10.040479,-9.339128,3.870644,-7.7271276,-18.033403,7.3057704,-10.240954,6.7881856,-3.0348003,0.96487933,2.363412,0.7524494,20.376593,-32.9974,58.155327,13.155432,-4.4207554,14.570111,9.518068,-17.96993,16.611425,70.270256,-11.644184,-25.520224,-24.009802
1674,-0.10178830474615097,3.560750961303711,77.95574951171875,-0.7454326423227711,0.17455702906246423,-93.87207155590852,4.539924,11.6751995,19.658714,7.5131097,-10.035874,-9.393185,3.936159,-7.790743,-18.07572,7.3407106,-10.249359,6.815162,-2.986709,0.9785806,2.4670303,0.5696997,20.33215,-33.101044,58.115555,13.074506,-4.470119,14.575799,9.499755,-17.958189,16.674685,70.474106,-11.242092,-25.49455,-23.920195
1675,-0.06956633180379868,3.568394184112549,77.95252990722656,-0.7305640659562657,0.11058302318911446,-93.82897364570879,4.624091,11.610351,19.635078,7.443914,-10.02978,-9.451293,4.0062947,-7.8519416,-18.125069,7.370689,-10.256394,6.8419356,-2.9331112,0.9930892,2.5599287,0.37079316,20.262363,-33.22723,58.126266,12.989335,-4.5193806,14.584831,9.4949045,-17.940384,16.736286,70.671715,-10.8454895,-25.488203,-23.869755
1676,-0.038489241153001785,3.5744519233703613,77.95018005371094,-0.7100584942098219,0.05671304423406197,-93.78174968166108,4.682105,11.54446,19.603476,7.4048886,-10.028768,-9.465252,4.064014,-7.9189696,-18.173605,7.4035244,-10.2671995,6.873282,-2.8772633,1.0048012,2.6392846,0.16898774,20.171803,-33.358475,58.16328,12.941516,-4.5428762,14.582163,9.503602,-17.920685,16.768917,70.84396,-10.515251,-25.468943,-23.849844
1677,-0.007353135850280523,3.5760841369628906,77.94804382324219,-0.6799238614585946,0.016407369578332116,-93.73039671208376,4.7022877,11.476443,19.562431,7.41412,-10.0368595,-9.411915,4.1055074,-7.9960566,-18.218876,7.436315,-10.280072,6.9131765,-2.8309844,1.005914,2.7137048,0.008417712,20.109304,-33.474403,58.15293,12.942936,-4.5277367,14.551625,9.523277,-17.909012,16.783243,70.97018,-10.273247,-25.426584,-23.871542
1678,0.020961547270417213,3.579946994781494,77.94874572753906,-0.6455009808021027,-0.01613018632525333,-93.67395428582589,4.700083,11.4075165,19.51337,7.4498935,-10.048451,-9.320308,4.138442,-8.07847,-18.265137,7.4701853,-10.295814,6.9581423,-2.7734308,1.0044742,2.7744935,-0.16500463,20.023506,-33.612217,58.177956,12.97197,-4.4896,14.511943,9.564502,-17.89455,16.767857,71.06986,-10.0948925,-25.378975,-23.939001
1679,0.05078429356217384,3.5873398780822754,77.9515151977539,-0.6117348940965333,-0.0441129662869741,-93.61304885630348,4.6870093,11.340218,19.457998,7.4944177,-10.061759,-9.221283,4.167933,-8.160373,-18.314543,7.502521,-10.311759,7.0019684,-2.716458,1.0029202,2.8284047,-0.336566,19.927011,-33.754173,58.224735,13.008471,-4.4455414,14.468879,9.617901,-17.881254,16.736797,71.14898,-9.926809,-25.337776,-24.0106
1680,0.08159085363149643,3.589709758758545,77.95620727539062,-0.5833708904669683,-0.07083215493208596,-93.54860928296698,4.679169,11.275601,19.398518,7.520555,-10.070381,-9.14542,4.199048,-8.235291,-18.36973,7.5327334,-10.327387,7.0383654,-2.6648455,1.0028619,2.8795528,-0.49679446,19.827908,-33.890545,58.287487,13.033735,-4.4122825,14.429496,9.678947,-17.869427,16.700026,71.21297,-9.714906,-25.31441,-24.04473
1681,0.11187835782766342,3.5932137966156006,77.96017456054688,-0.5602633553899259,-0.09563868954501602,-93.48171132580106,4.677467,11.215232,19.336443,7.5245457,-10.075855,-9.101329,4.2294674,-8.301244,-18.430096,7.562722,-10.343222,7.0621357,-2.6342158,0.99871147,2.9378276,-0.602308,19.769632,-33.98934,58.30329,13.043823,-4.392884,14.38831,9.738028,-17.862255,16.673843,71.251724,-9.438007,-25.308828,-24.029196
1682,0.13844463229179382,3.5971012115478516,77.96174621582031,-0.5416731506515756,-0.11737999370751594,-93.41178632331697,4.6754355,11.157699,19.270418,7.5181127,-10.079735,-9.072222,4.2582417,-8.36159,-18.494867,7.591364,-10.358889,7.0779104,-2.5774362,1.0013024,2.9792776,-0.7584926,19.654438,-34.127247,58.41783,13.044077,-4.3808827,14.359581,9.826105,-17.848827,16.605207,71.2737,-9.141992,-25.315409,-23.993402
1683,0.16368691623210907,3.6001033782958984,77.96067810058594,-0.5256627450130545,-0.13834324304436743,-93.33636227518907,4.6723814,11.102036,19.197668,7.5081177,-10.081439,-9.051956,4.290663,-8.418743,-18.56544,7.6162148,-10.374077,7.09378,-2.5357168,1.0036546,3.0178728,-0.8974229,19.539892,-34.25827,58.541294,13.040835,-4.3720484,14.329714,9.911252,-17.83758,16.544737,71.29362,-8.823311,-25.337925,-23.937336
1684,0.18570537865161896,3.6036510467529297,77.95655822753906,-0.5092290314207045,-0.16071522045858846,-93.25291009413712,4.6700444,11.0458555,19.115952,7.496988,-10.078375,-9.033707,4.3315077,-8.475257,-18.643103,7.634995,-10.387764,7.1180115,-2.5059385,1.0034381,3.0530884,-1.0264612,19.42887,-34.404243,58.678802,13.02889,-4.3635583,14.296807,9.993491,-17.826492,16.493357,71.32326,-8.493236,-25.380003,-23.865025
1685,0.21071681380271912,3.607740879058838,77.95051574707031,-0.4915146163956848,-0.18908323192321122,-93.15711254139765,4.6723394,10.9889345,19.020496,7.4856052,-10.069278,-9.023528,4.390103,-8.531287,-18.731531,7.644564,-10.399729,7.155925,-2.4934478,0.99805856,3.089178,-1.1398733,19.327927,-34.567028,58.82614,12.990574,-4.3615003,14.263758,10.073328,-17.81502,16.45697,71.366776,-8.143139,-25.452236,-23.76899
1686,0.23244057595729828,3.6087281703948975,77.94536590576172,-0.47444497952109144,-0.2210031648038841,-93.05140120811876,4.678179,10.9319935,18.91383,7.47061,-10.054918,-9.022233,4.4601197,-8.586058,-18.82882,7.6490517,-10.411321,7.2022343,-2.4820256,0.9931596,3.1175163,-1.2704427,19.20276,-34.762035,59.030113,12.930764,-4.3656716,14.236388,10.161462,-17.799368,16.41412,71.420204,-7.778635,-25.548992,-23.652294
1687,0.2524525821208954,3.610342025756836,77.94441223144531,-0.4580783261699588,-0.24797749638958946,-92.94401476200842,4.6771836,10.876456,18.804928,7.4580097,-10.039918,-9.016115,4.526565,-8.639323,-18.92835,7.6505175,-10.421399,7.2487693,-2.4764893,0.98692036,3.1375287,-1.3952472,19.076519,-34.964706,59.248604,12.88692,-4.3622293,14.201994,10.241896,-17.782326,16.376787,71.48063,-7.4093657,-25.65028,-23.529266
1688,0.26941877603530884,3.6108975410461426,77.94618225097656,-0.4406827858876748,-0.26127009966904763,-92.84287736048246,4.656928,10.824543,18.702032,7.457826,-10.031152,-8.991244,4.573445,-8.691228,-19.023195,7.653939,-10.430586,7.28733,-2.4675438,0.98059803,3.142443,-1.5212193,18.949162,-35.17642,59.478863,12.889925,-4.337609,14.152852,10.310082,-17.763302,16.336294,71.5453,-7.055347,-25.736242,-23.417143
1689,0.2865900695323944,3.6097590923309326,77.95005798339844,-0.42350825269130643,-0.2511510834011219,-92.74975862015151,4.6015644,10.776338,18.606215,7.4789457,-10.031074,-8.930376,4.5845246,-8.744065,-19.111637,7.665527,-10.44061,7.3136396,-2.454879,0.9730621,3.1251655,-1.645821,18.82439,-35.393845,59.717304,12.9651,-4.2787757,14.078299,10.359759,-17.742098,16.297352,71.6178,-6.7196465,-25.80013,-23.326427
1690,0.3040754497051239,3.607573986053467,77.95394897460938,-0.4075363810663745,-0.22467734585898042,-92.66041864769652,4.5221004,10.7306795,18.513342,7.514569,-10.036609,-8.845227,4.5736766,-8.79638,-19.197472,7.678034,-10.44907,7.3326483,-2.4377723,0.9648094,3.0884268,-1.7772443,18.690987,-35.624332,59.981487,13.0905905,-4.196354,13.987018,10.397818,-17.716995,16.255772,71.69989,-6.395858,-25.853264,-23.247726
1691,0.3215652108192444,3.604288339614868,77.95439147949219,-0.39191232562665557,-0.19863280332508548,-92.57408096867513,4.4470706,10.687528,18.424736,7.545144,-10.041513,-8.766224,4.564078,-8.845321,-19.281425,7.6888633,-10.456973,7.3504853,-2.419857,0.9570788,3.0481532,-1.9045789,18.555834,-35.86121,60.252502,13.230721,-4.1117826,13.894555,10.43051,-17.689226,16.210587,71.78216,-6.0776677,-25.90285,-23.164333
1692,0.33885157108306885,3.6021411418914795,77.95195007324219,-0.3797965281175842,-0.18988907314715447,-92.48999010922545,4.4028397,10.647422,18.341333,7.5573897,-10.042929,-8.723557,4.578218,-8.888519,-19.36446,7.696144,-10.465142,7.373283,-2.4004776,0.9515704,3.018864,-2.0222542,18.419767,-36.100407,60.518642,13.353298,-4.046152,13.817721,10.466325,-17.657942,16.156546,71.85532,-5.7598515,-25.955982,-23.059832
1693,0.35414642095565796,3.596958637237549,77.94807434082031,-0.3721830746252738,-0.2096960317719664,-92.405075820968,4.411188,10.609963,18.26268,7.532134,-10.035197,-8.742526,4.6341467,-8.92379,-19.451721,7.695795,-10.473414,7.4049554,-2.38101,0.94971585,3.0094523,-2.1264093,18.282413,-36.344444,60.78194,13.450395,-4.012771,13.763906,10.512187,-17.621243,16.087364,71.917534,-5.425209,-26.023111,-22.91881
1694,0.36751946806907654,3.5958759784698486,77.94139099121094,-0.36678981111514014,-0.24684223414388998,-92.320773153237,4.4516,10.5755415,18.188076,7.4850187,-10.02298,-8.801168,4.7167096,-8.952513,-19.541513,7.6886196,-10.480923,7.4414043,-2.36072,0.95008993,3.0102956,-2.2241497,18.144232,-36.59911,61.049587,13.534794,-3.99769,13.723556,10.562131,-17.578775,16.006117,71.97405,-5.083021,-26.097282,-22.7537
1695,0.37907037138938904,3.5956811904907227,77.93614959716797,-0.3645937544978381,-0.28451693654804217,-92.24273606517419,4.494435,10.544184,18.11962,7.4393954,-10.011789,-8.859389,4.797163,-8.978101,-19.62305,7.6822205,-10.488226,7.4769206,-2.3356705,0.9490226,3.0089011,-2.312028,18.005985,-36.846386,61.30594,13.6244955,-3.9811583,13.686692,10.604457,-17.532515,15.924624,72.0255,-4.7640553,-26.159681,-22.59049
1696,0.39208856225013733,3.5939488410949707,77.93270111083984,-0.35938666757113735,-0.30593664079662375,-92.17678819952226,4.5088673,10.515954,18.058979,7.420677,-10.007384,-8.876753,4.848999,-9.003618,-19.686327,7.6799803,-10.493947,7.5058355,-2.304,0.94386697,2.99332,-2.3854606,17.86915,-37.067055,61.533787,13.736641,-3.943328,13.643163,10.62849,-17.485008,15.8543215,72.07048,-4.501393,-26.191872,-22.454264
1697,0.4048653542995453,3.5894322395324707,77.93270111083984,-0.35039401028533806,-0.30102325951532977,-92.12475779773982,4.47429,10.48987,18.00521,7.4482703,-10.014479,-8.825242,4.8562136,-9.031986,-19.724026,7.6847715,-10.497801,7.5263343,-2.2671032,0.9322151,2.9552839,-2.4453037,17.73565,-37.259354,61.728455,13.89444,-3.867337,13.585551,10.625573,-17.44012,15.81272,72.10955,-4.3118925,-26.184528,-22.360115
1698,0.41722342371940613,3.586087703704834,77.93536376953125,-0.3401413108309738,-0.28046814572534506,-92.08340312452039,4.4119473,10.466071,17.958054,7.5025883,-10.027908,-8.732018,4.834728,-9.061241,-19.742872,7.695957,-10.501406,7.5416245,-2.235682,0.91607857,2.9094226,-2.4669821,17.62943,-37.41483,61.858692,14.085963,-3.767215,13.515902,10.602043,-17.404692,15.7982025,72.13294,-4.170454,-26.149048,-22.287222
1699,0.43028661608695984,3.5806808471679688,77.93834686279297,-0.33143163509246076,-0.2590606869776183,-92.05106278991565,4.3515487,10.446322,17.919817,7.556576,-10.0424185,-8.640039,4.810944,-9.08562,-19.754435,7.704226,-10.5027485,7.553043,-2.1887052,0.9016485,2.855549,-2.5000978,17.496838,-37.567738,62.00903,14.259054,-3.6717772,13.454988,10.574764,-17.358736,15.765414,72.15721,-4.061603,-26.099216,-22.223053
1700,0.4410223066806793,3.5783729553222656,77.9405746459961,-0.32934565511275077,-0.2516078023932131,-92.0263612439657,4.323348,10.432701,17.892834,7.58296,-10.053136,-8.592266,4.804962,-9.101478,-19.769217,7.7110887,-10.504504,7.5620418,-2.1390789,0.8926771,2.8147721,-2.511748,17.370407,-37.699623,62.13327,14.365678,-3.6081185,13.408023,10.550643,-17.31103,15.7016115,72.171875,-3.952343,-26.047974,-22.140978
1701,0.449201375246048,3.578634262084961,77.94022369384766,-0.33608808186785927,-0.2648958123532327,-92.0094499858815,4.342536,10.428553,17.87955,7.5669947,-10.058326,-8.61538,4.8303413,-9.103437,-19.793951,7.71109,-10.505641,7.5674443,-2.0826445,0.8917284,2.7922146,-2.501296,17.24877,-37.811142,62.231968,14.373791,-3.5881479,13.382997,10.536155,-17.255587,15.581598,72.17462,-3.8323178,-25.995117,-22.02655
1702,0.4538516402244568,3.5773050785064697,77.93611145019531,-0.349872970040343,-0.29020929319416044,-92.00111650599717,4.3923373,10.431361,17.878527,7.5226035,-10.059228,-8.68144,4.8726606,-9.095335,-19.821507,7.707299,-10.506186,7.5690145,-2.018016,0.89429146,2.7797074,-2.474664,17.131702,-37.90781,62.308826,14.312681,-3.595523,13.372915,10.522891,-17.191591,15.423979,72.16983,-3.716695,-25.93497,-21.895496
1703,0.4600834250450134,3.577345609664917,77.92961883544922,-0.363861551766929,-0.31856866237728476,-92.00002217564392,4.448327,10.436289,17.88493,7.477264,-10.060431,-8.751533,4.9148045,-9.085735,-19.842558,7.706339,-10.50798,7.5694895,-1.9463662,0.8943224,2.7697542,-2.4388087,17.020344,-37.99856,62.37049,14.228139,-3.615153,13.367047,10.506424,-17.12219,15.259842,72.16117,-3.6242685,-25.872438,-21.770947
1704,0.4668329954147339,3.576735019683838,77.92433166503906,-0.3713969741071409,-0.34112111469981854,-92.00486638916878,4.4878244,10.437882,17.89427,7.455928,-10.065528,-8.7868595,4.943115,-9.082445,-19.848448,7.707973,-10.509244,7.571694,-1.8715199,0.88748354,2.7565246,-2.3982017,16.920597,-38.092762,62.417416,14.160863,-3.6322508,13.353806,10.482142,-17.054539,15.124863,72.14953,-3.569652,-25.812632,-21.674366
1705,0.4741382896900177,3.5760257244110107,77.92337799072266,-0.3696171744735783,-0.3553110780207101,-92.01795582272521,4.5053854,10.434407,17.907888,7.4647756,-10.073888,-8.772592,4.950412,-9.088618,-19.83288,7.7159142,-10.510899,7.576387,-1.7888185,0.871388,2.736585,-2.3619592,16.827333,-38.199886,62.459602,14.116248,-3.645503,13.3318205,10.447068,-16.9876,15.028885,72.137,-3.568131,-25.75675,-21.618526
1706,0.4791998267173767,3.574537515640259,77.92425537109375,-0.3611799050891947,-0.3658278510484865,-92.03906282352301,4.5103693,10.429562,17.92676,7.4957848,-10.086858,-8.7309675,4.9445324,-9.099923,-19.801668,7.730788,-10.5148735,7.5820527,-1.715678,0.85428584,2.7229455,-2.2894747,16.769554,-38.28644,62.438606,14.077794,-3.6618404,13.300286,10.405068,-16.9411,14.969549,72.10346,-3.5969648,-25.701616,-21.579847
1707,0.4811980426311493,3.5740811824798584,77.92758178710938,-0.35021829585527336,-0.37498704933957744,-92.06345413289702,4.511569,10.423635,17.948017,7.533303,-10.100458,-8.6784315,4.9336786,-9.113301,-19.764286,7.747759,-10.519163,7.5880947,-1.6247233,0.8294342,2.7021818,-2.2401857,16.696478,-38.39484,62.44907,14.038578,-3.6792557,13.271467,10.361585,-16.876644,14.903279,72.08097,-3.6509426,-25.647806,-21.558443
