Frame,root_translateX,root_translateY,root_translateZ,root_rotateX,root_rotateY,root_rotateZ,left_hip_pitch_joint_dof,left_hip_roll_joint_dof,left_hip_yaw_joint_dof,left_knee_joint_dof,left_ankle_pitch_joint_dof,left_ankle_roll_joint_dof,right_hip_pitch_joint_dof,right_hip_roll_joint_dof,right_hip_yaw_joint_dof,right_knee_joint_dof,right_ankle_pitch_joint_dof,right_ankle_roll_joint_dof,waist_yaw_joint_dof,waist_roll_joint_dof,waist_pitch_joint_dof,left_shoulder_pitch_joint_dof,left_shoulder_roll_joint_dof,left_shoulder_yaw_joint_dof,left_elbow_joint_dof,left_wrist_roll_joint_dof,left_wrist_pitch_joint_dof,left_wrist_yaw_joint_dof,right_shoulder_pitch_joint_dof,right_shoulder_roll_joint_dof,right_shoulder_yaw_joint_dof,right_elbow_joint_dof,right_wrist_roll_joint_dof,right_wrist_pitch_joint_dof,right_wrist_yaw_joint_dof
0,1.2577497959136963,-1.6699069738388062,78.45874786376953,-0.5441484834360745,-0.7346921488544078,129.46577178315192,2.5677786,2.3721662,-1.530405,9.564753,-11.315652,-3.0709438,1.85065,-0.8693156,-3.2555218,7.4506884,-9.479541,3.5468755,8.619525,5.0449533,8.084929,-2.8100584,10.238744,-37.943077,60.77625,-7.7291884,8.959309,5.168098,-4.799968,-11.162593,26.554762,67.57968,-15.152989,3.4755368,-5.402008
1,1.2730193138122559,-1.6831570863723755,78.4653091430664,-0.5460919611481597,-0.6765331547684643,129.4448597669789,2.4986992,2.3787513,-1.5184891,9.5308695,-11.279232,-3.08819,1.7671233,-0.86069965,-3.2358065,7.4309115,-9.434772,3.5390556,8.613672,5.0534616,8.11718,-2.840537,10.236719,-37.957603,60.787586,-7.8005266,8.961071,5.190845,-4.8203363,-11.169066,26.5702,67.54898,-15.235474,3.5070946,-5.450727
2,1.287570834159851,-1.700410008430481,78.46771240234375,-0.5483709787699886,-0.6185120437298471,129.42257756140188,2.4304698,2.38569,-1.5058408,9.495818,-11.24278,-3.1064734,1.6833794,-0.8514595,-3.214829,7.4116077,-9.390144,3.530616,8.607209,5.063082,8.145341,-2.864532,10.235596,-37.972305,60.79493,-7.873537,8.96409,5.2146983,-4.8441615,-11.17406,26.58618,67.52741,-15.3252535,3.5345976,-5.5029006
3,1.3038240671157837,-1.7159018516540527,78.46907043457031,-0.5498694497588356,-0.5600542780038122,129.4031077738441,2.360141,2.3914244,-1.4946182,9.46291,-11.205975,-3.1225803,1.5988933,-0.8437987,-3.196228,7.393439,-9.346303,3.5235422,8.599042,5.0744185,8.180032,-2.9013054,10.232294,-38.00414,60.808937,-7.9641376,8.963944,5.241439,-4.8747644,-11.189806,26.622631,67.50431,-15.37947,3.5675168,-5.550567
4,1.3227195739746094,-1.732616662979126,78.46853637695312,-0.5493531808800051,-0.5034336873290178,129.39061268125616,2.288568,2.394555,-1.4873528,9.433809,-11.167585,-3.1334207,1.5174747,-0.83941287,-3.1837213,7.3748965,-9.303408,3.5197482,8.587534,5.0793595,8.217151,-2.936065,10.229514,-38.029003,60.82475,-8.036196,8.961128,5.2596273,-4.9037957,-11.206812,26.655949,67.48426,-15.40615,3.6112642,-5.5816803
5,1.3446601629257202,-1.7544068098068237,78.470458984375,-0.5455634351958608,-0.4488737286422861,129.38931026681746,2.213882,2.3928733,-1.486549,9.409496,-11.125729,-3.1368573,1.4410795,-0.8408933,-3.1800523,7.353058,-9.26089,3.5217805,8.567667,5.0786242,8.264775,-2.9752681,10.226103,-38.05121,60.843937,-8.100288,8.95273,5.2713017,-4.93231,-11.235243,26.705074,67.45455,-15.374969,3.6753109,-5.5988264
6,1.3649038076400757,-1.7750707864761353,78.47377014160156,-0.5393544823247638,-0.3959326495391075,129.39590645320934,2.136939,2.3877406,-1.4903265,9.389739,-11.082215,-3.1349854,1.3674886,-0.8464306,-3.1827412,7.3298144,-9.218495,3.5279775,8.541364,5.071054,8.321348,-3.0185885,10.224054,-38.066437,60.865444,-8.153954,8.940785,5.276493,-4.966723,-11.265718,26.758837,67.425186,-15.310341,3.7533348,-5.6058474
7,1.384412169456482,-1.7878180742263794,78.47981262207031,-0.5331866273966949,-0.3431315576883995,129.40361261303042,2.059395,2.3828893,-1.4942805,9.372616,-11.039769,-3.131039,1.294646,-0.8519282,-3.1873116,7.308226,-9.177806,3.5337148,8.516767,5.058375,8.376073,-3.0650823,10.2243805,-38.0869,60.891933,-8.201899,8.928498,5.278225,-5.008478,-11.285746,26.811121,67.414314,-15.230354,3.8308065,-5.597861
8,1.3985563516616821,-1.8004724979400635,78.48705291748047,-0.5294289533589714,-0.28962672240279874,129.40576416800494,1.9857013,2.3822622,-1.4939419,9.353927,-11.000389,-3.1282303,1.2223307,-0.85282767,-3.1894214,7.2873206,-9.137554,3.5344243,8.502022,5.044019,8.420329,-3.1047854,10.22511,-38.105312,60.916622,-8.226864,8.920709,5.2756453,-5.043595,-11.290499,26.835932,67.42032,-15.174581,3.8940477,-5.565294
9,1.4168930053710938,-1.8124003410339355,78.49188995361328,-0.5291872770186633,-0.23513609826716955,129.39945046463427,1.9139391,2.3874798,-1.4866927,9.339617,-10.968822,-3.126123,1.1488774,-0.8473708,-3.188015,7.2704825,-9.098687,3.526931,8.486222,5.040559,8.461244,-3.1532087,10.230144,-38.17364,60.941048,-8.300139,8.9122715,5.2845526,-5.0834785,-11.318296,26.91859,67.43361,-15.054436,3.9383028,-5.5059657
10,1.4313746690750122,-1.8210980892181396,78.49762725830078,-0.5310905460398945,-0.18134516069540244,129.38844502616612,1.845231,2.3965127,-1.475162,9.327925,-10.94199,-3.1234856,1.0763754,-0.8378249,-3.1854522,7.2565923,-9.061157,3.5143409,8.484647,5.037111,8.497886,-3.1978269,10.236282,-38.241596,60.960987,-8.350047,8.908042,5.287951,-5.109416,-11.340406,26.966047,67.44983,-14.949656,3.9686422,-5.417745
11,1.4434330463409424,-1.8291552066802979,78.500732421875,-0.5336979735023247,-0.12520964093820847,129.37675358361147,1.776571,2.4065037,-1.4639204,9.313562,-10.914751,-3.1219676,1.003314,-0.82723004,-3.1822717,7.2414446,-9.024252,3.5015602,8.482297,5.030672,8.529924,-3.2467427,10.240627,-38.30308,60.98805,-8.381044,8.904591,5.2845426,-5.1447763,-11.350698,27.005634,67.48699,-14.861652,3.996716,-5.3151364
12,1.4556955099105835,-1.8387151956558228,78.50337982177734,-0.535727677538085,-0.06294124759414362,129.36822661332783,1.7025416,2.4146836,-1.4570631,9.29564,-10.884792,-3.1231732,0.9280516,-0.81826913,-3.1789505,7.2192225,-8.986322,3.4935262,8.487452,5.023954,8.54445,-3.2922928,10.249787,-38.39886,61.014206,-8.424918,8.900495,5.282207,-5.162394,-11.366616,27.056042,67.51789,-14.7784605,4.0363865,-5.212281
13,1.4653016328811646,-1.843284249305725,78.50811767578125,-0.5361084554406949,0.009920011202805256,129.36423149496602,1.6185954,2.4195046,-1.4567032,9.27042,-10.848042,-3.1282127,0.84691846,-0.8123568,-3.1751204,7.18709,-8.94619,3.493107,8.4862385,5.0129147,8.548523,-3.338713,10.2610855,-38.48545,61.04197,-8.438462,8.896515,5.26629,-5.1850224,-11.379605,27.104557,67.55946,-14.735222,4.0883036,-5.1032767
14,1.4746689796447754,-1.8489261865615845,78.51301574707031,-0.5360623525668966,0.09049677717698033,129.36244669127808,1.5283386,2.4231138,-1.4601234,9.239865,-10.807267,-3.136011,0.76030815,-0.80752647,-3.1704166,7.150706,-8.906104,3.497152,8.4812355,4.9987035,8.541328,-3.3845627,10.273946,-38.57377,61.07177,-8.436666,8.893239,5.2433214,-5.20903,-11.387927,27.158796,67.61168,-14.712035,4.148282,-4.9866605
15,1.4856446981430054,-1.854886531829834,78.51446533203125,-0.536203822807324,0.1690028683096462,129.36186744861197,1.4423889,2.426501,-1.4652702,9.207538,-10.767232,-3.144879,0.67841613,-0.80280006,-3.1665916,7.112881,-8.867442,3.501605,8.471162,4.984448,8.53317,-3.4332101,10.282747,-38.647488,61.10869,-8.42119,8.8886595,5.2147875,-5.2401977,-11.390472,27.209297,67.67599,-14.706961,4.210265,-4.8650937
16,1.4932594299316406,-1.8569586277008057,78.51367950439453,-0.5381821863889816,0.2365134899857213,129.36123221827,1.3678938,2.4315968,-1.4698762,9.182604,-10.735785,-3.15324,0.60809726,-0.7967862,-3.165245,7.0806184,-8.833482,3.50238,8.464045,4.973474,8.5258,-3.4760742,10.29271,-38.72518,61.14225,-8.421659,8.882683,5.192426,-5.264689,-11.390924,27.25852,67.73906,-14.697349,4.272104,-4.747037
17,1.5009665489196777,-1.8569022417068481,78.5126724243164,-0.5427665983807669,0.2896792659905872,129.3607601496598,1.3099976,2.4392035,-1.4739631,9.162332,-10.712409,-3.1617563,0.55132157,-0.7884578,-3.1679275,7.0581484,-8.806253,3.4964674,8.460312,4.9662747,8.524839,-3.51552,10.306194,-38.8029,61.17231,-8.438107,8.871308,5.1716137,-5.2839427,-11.38902,27.301208,67.800156,-14.69147,4.3332453,-4.6303945
18,1.505639910697937,-1.8627766370773315,78.51044464111328,-0.5494807104389687,0.33382311550552707,129.3607883910546,1.2624507,2.4487445,-1.4785537,9.146604,-10.695653,-3.170972,0.5042014,-0.7783437,-3.1732612,7.041481,-8.784004,3.4866679,8.458407,4.9611917,8.526652,-3.5521407,10.322325,-38.877743,61.199024,-8.461733,8.856574,5.1498356,-5.3011675,-11.384537,27.336842,67.863686,-14.694856,4.3950353,-4.5124965
19,1.5075018405914307,-1.8663300275802612,78.51089477539062,-0.5554669482334755,0.37171168117728376,129.36097251213735,1.2217438,2.457304,-1.4827085,9.13442,-10.683229,-3.1787617,0.4643378,-0.7691365,-3.1789439,7.0267076,-8.765003,3.4776452,8.457815,4.955099,8.530431,-3.5840468,10.34309,-38.946262,61.219467,-8.481472,8.845716,5.131122,-5.3170695,-11.376079,27.363884,67.92666,-14.701104,4.4553957,-4.3951535
20,1.5096938610076904,-1.866970181465149,78.51337432861328,-0.5587264515852718,0.4059757067672772,129.36061446141892,1.1858716,2.4627728,-1.4856231,9.122592,-10.671733,-3.1830592,0.42980507,-0.76323736,-3.182704,7.011555,-8.748801,3.4740672,8.451402,4.949054,8.537895,-3.6172931,10.356144,-38.98906,61.24473,-8.476166,8.844225,5.116836,-5.334776,-11.369334,27.384092,67.98411,-14.706095,4.5129414,-4.278081
21,1.5154250860214233,-1.8656021356582642,78.51509857177734,-0.5568404099665413,0.437100614203537,129.35914619987648,1.1544695,2.462572,-1.4864563,9.11073,-10.660889,-3.1819272,0.4001609,-0.7630767,-3.1834903,6.995669,-8.736407,3.4795983,8.449903,4.9400115,8.541432,-3.642763,10.370103,-39.034824,61.262123,-8.466181,8.861786,5.1192493,-5.351693,-11.359849,27.39653,68.04523,-14.692797,4.567261,-4.1668477
22,1.51689612865448,-1.8627285957336426,78.5179443359375,-0.5518643993474005,0.46352784229655014,129.35724311454823,1.1276748,2.4589157,-1.4861126,9.102787,-10.65335,-3.1770325,0.37741128,-0.76634765,-3.183042,6.9791417,-8.727062,3.490882,8.451363,4.928863,8.546174,-3.6642652,10.384811,-39.071754,61.274887,-8.441967,8.892523,5.13019,-5.3674297,-11.346817,27.394428,68.10559,-14.677871,4.619433,-4.0574646
23,1.5181740522384644,-1.8601641654968262,78.5186767578125,-0.5466327661955789,0.48651342769818084,129.35518519699,1.1065118,2.455008,-1.4848249,9.093447,-10.6462555,-3.1712909,0.3594425,-0.77008015,-3.181209,6.9629703,-8.719702,3.502245,8.4468565,4.9216523,8.551719,-3.686876,10.390321,-39.090633,61.2938,-8.405994,8.921602,5.141178,-5.3801813,-11.340771,27.394678,68.15515,-14.662413,4.668458,-3.9476733
24,1.5185409784317017,-1.857886791229248,78.51783752441406,-0.5437896451536981,0.5077133906182293,129.3533449179412,1.0876273,2.4539826,-1.4828336,9.086357,-10.641374,-3.16786,0.34201345,-0.7708134,-3.1777391,6.9509006,-8.714036,3.5079608,8.441471,4.9174995,8.551727,-3.7065022,10.3934355,-39.107143,61.31412,-8.372128,8.937612,5.147414,-5.3904977,-11.336914,27.397068,68.19975,-14.654744,4.7114973,-3.8398387
25,1.516359567642212,-1.8522186279296875,78.51692199707031,-0.5442323982360894,0.5308942126277298,129.35169213028902,1.067005,2.4575136,-1.4793106,9.080376,-10.636248,-3.1672058,0.32086834,-0.7673765,-3.1712415,6.943277,-8.709493,3.5047307,8.448411,4.912783,8.537905,-3.7304783,10.401706,-39.15433,61.342125,-8.36538,8.935018,5.1511335,-5.4054537,-11.324302,27.397892,68.25611,-14.648262,4.745699,-3.7351732
26,1.513014793395996,-1.8467038869857788,78.51792907714844,-0.5468894302427209,0.5535317593389414,129.35038274217524,1.0462441,2.463579,-1.4748136,9.07853,-10.633652,-3.167735,0.2989305,-0.761385,-3.1625276,6.9398665,-8.707071,3.4962897,8.444925,4.91332,8.522759,-3.7483547,10.404887,-39.174744,61.36792,-8.341856,8.922495,5.1473126,-5.415715,-11.319572,27.402285,68.29748,-14.654472,4.774916,-3.6297357
27,1.509771466255188,-1.8400659561157227,78.51750946044922,-0.5499647196825566,0.5705122094656488,129.3485929584381,1.0339226,2.4700117,-1.4699448,9.075105,-10.63263,-3.1696744,0.28282472,-0.75520796,-3.1536407,6.939915,-8.707561,3.487036,8.449679,4.912804,8.5028105,-3.7669384,10.410306,-39.215614,61.39593,-8.337967,8.903437,5.1472263,-5.428677,-11.310533,27.408722,68.34457,-14.652051,4.7994065,-3.5286767
28,1.5082193613052368,-1.834573745727539,78.51665496826172,-0.5525809382468525,0.5750831131493521,129.3454542568374,1.0364784,2.475126,-1.4661306,9.073118,-10.637726,-3.173194,0.28284818,-0.7501166,-3.1471846,6.938664,-8.710262,3.4814532,8.450369,4.914757,8.494411,-3.7812443,10.413312,-39.239136,61.414284,-8.32677,8.885427,5.1474733,-5.436371,-11.305628,27.414745,68.37358,-14.652222,4.8231916,-3.4301212
29,1.5038865804672241,-1.8267743587493896,78.51618957519531,-0.5550452469730388,0.5629582146645103,129.34119764105765,1.0589385,2.4783826,-1.4650519,9.073065,-10.651518,-3.1799607,0.30203664,-0.74679357,-3.1451771,6.941097,-8.718427,3.481321,8.450807,4.918372,8.499564,-3.7939491,10.415741,-39.261295,61.425594,-8.321274,8.862259,5.151349,-5.4438105,-11.301582,27.42291,68.39142,-14.643959,4.846398,-3.3344173
30,1.499325156211853,-1.8243106603622437,78.51493835449219,-0.557293308001556,0.5379494874835005,129.3358276827388,1.0979778,2.4807322,-1.4652768,9.072107,-10.670693,-3.1893635,0.33636656,-0.7443967,-3.1455495,6.9450555,-8.729874,3.4840717,8.4649315,4.9183497,8.502177,-3.804424,10.424301,-39.319904,61.435955,-8.347505,8.832764,5.1659017,-5.447648,-11.286714,27.434248,68.41244,-14.617768,4.868705,-3.247197
31,1.493172526359558,-1.818617582321167,78.51290130615234,-0.5591332177088382,0.5078112171109368,129.3296480121246,1.1433443,2.4823484,-1.4644574,9.072389,-10.691888,-3.1980987,0.37665203,-0.7427436,-3.145593,6.950959,-8.744053,3.487638,8.467214,4.922935,8.516839,-3.8132257,10.426739,-39.338,61.436947,-8.348918,8.809535,5.1729097,-5.4527416,-11.2828455,27.444115,68.414795,-14.606207,4.887768,-3.158012
32,1.4826899766921997,-1.8121716976165771,78.51136016845703,-0.5595053528523319,0.48036301410350146,129.32268339474433,1.1843388,2.4831903,-1.4597204,9.076009,-10.712069,-3.2029104,0.41331467,-0.7417991,-3.142667,6.958258,-8.759445,3.4899213,8.473137,4.9261336,8.52349,-3.8197887,10.428989,-39.355618,61.43266,-8.350351,8.80342,5.178754,-5.4557786,-11.279473,27.456318,68.415184,-14.600228,4.9025707,-3.0735679
33,1.473632574081421,-1.8032808303833008,78.5105972290039,-0.5579350535683455,0.45623272894807915,129.31456494760616,1.221367,2.483195,-1.4491863,9.080967,-10.728605,-3.202234,0.4446937,-0.7421118,-3.1351585,6.969118,-8.777342,3.4902465,8.484014,4.926991,8.51938,-3.8227577,10.431987,-39.375107,61.419952,-8.357244,8.824762,5.184192,-5.456997,-11.275121,27.47184,68.4161,-14.59438,4.912241,-2.9973707
34,1.464232325553894,-1.7952898740768433,78.50948333740234,-0.5547396759266486,0.4316978364783919,129.30541512149858,1.2582508,2.4821913,-1.4347777,9.0893955,-10.745566,-3.1979592,0.47632673,-0.7433145,-3.1249127,6.9815626,-8.797267,3.4897335,8.4976,4.9272213,8.514656,-3.8264704,10.433869,-39.38369,61.39988,-8.356684,8.865543,5.18561,-5.4567757,-11.272449,27.482231,68.409096,-14.59766,4.9170794,-2.925111
35,1.4568870067596436,-1.784550428390503,78.50961303710938,-0.5513125663626326,0.40850238261545385,129.2960784984947,1.2925951,2.4807127,-1.419266,9.100269,-10.762818,-3.1923218,0.50602865,-0.74512035,-3.1137695,6.9955487,-8.818358,3.4891093,8.51254,4.927903,8.507242,-3.8302,10.434514,-39.387856,61.378746,-8.35333,8.906655,5.1856713,-5.456539,-11.271451,27.490126,68.39893,-14.612992,4.918648,-2.8528264
36,1.4537022113800049,-1.7733031511306763,78.50873565673828,-0.5483839037652581,0.38723439587692937,129.2869006547698,1.3271736,2.4791274,-1.4045457,9.1076765,-10.779385,-3.1873713,0.53539944,-0.7469175,-3.1029508,7.006735,-8.838131,3.4889388,8.526212,4.9293036,8.4960165,-3.8310122,10.435043,-39.393204,61.358845,-8.350322,8.933301,5.18843,-5.456712,-11.270731,27.50226,68.38749,-14.643167,4.9201713,-2.7753034
37,1.4456288814544678,-1.7620302438735962,78.50862121582031,-0.5457680329187413,0.37249851072317286,129.27887869898302,1.3557211,2.4765527,-1.3911731,9.111859,-10.793609,-3.1831162,0.5576451,-0.74975735,-3.0933044,7.01748,-8.856453,3.4895258,8.530588,4.93147,8.470739,-3.8183885,10.436494,-39.401623,61.33716,-8.352768,8.937079,5.198819,-5.4582496,-11.269666,27.5362,68.38013,-14.683973,4.921879,-2.6911588
38,1.4370142221450806,-1.751505970954895,78.50701141357422,-0.5432165605010714,0.3621710036726116,129.27151073215276,1.3799603,2.4732335,-1.3781163,9.115474,-10.807245,-3.17862,0.57684314,-0.753135,-3.0840642,7.0251465,-8.873199,3.490325,8.538371,4.9336886,8.445201,-3.8112931,10.437032,-39.40523,61.316906,-8.347465,8.928615,5.209073,-5.46308,-11.269659,27.557972,68.36895,-14.750107,4.920417,-2.5996335
39,1.4257067441940308,-1.7412317991256714,78.50618743896484,-0.5412604832835404,0.3489190034086554,129.2633719785777,1.4088951,2.4706945,-1.3654182,9.118242,-10.822608,-3.1745996,0.5996067,-0.7557322,-3.074172,7.0331564,-8.890811,3.4913998,8.541802,4.9372764,8.416892,-3.7980587,10.437461,-39.407906,61.30023,-8.3458185,8.913047,5.2179813,-5.465657,-11.270385,27.59332,68.35738,-14.818083,4.91925,-2.5107677
40,1.4106935262680054,-1.731006383895874,78.50704193115234,-0.5409550474498578,0.3252713321349903,129.25330319088525,1.4490093,2.4708729,-1.3537486,9.126262,-10.845529,-3.17186,0.63331455,-0.75561804,-3.0628245,7.045349,-8.912866,3.492587,8.542407,4.943879,8.395759,-3.7813475,10.437904,-39.40537,61.290283,-8.345936,8.896107,5.2194853,-5.4684978,-11.272439,27.639309,68.34853,-14.881644,4.9189215,-2.430558
41,1.3925435543060303,-1.7156730890274048,78.50505065917969,-0.5428103024112191,0.2844025085167736,129.24000630247744,1.5094975,2.475358,-1.3436513,9.138724,-10.879472,-3.1730845,0.68748033,-0.7509191,-3.0486825,7.0584946,-8.938756,3.4940093,8.555117,4.953026,8.390777,-3.7766542,10.437978,-39.407784,61.30124,-8.353013,8.871684,5.205849,-5.4627814,-11.273567,27.667673,68.332855,-14.95801,4.919032,-2.3604214
42,1.3806750774383545,-1.7040705680847168,78.50052642822266,-0.5463212476379862,0.23227160006981543,129.2240328836005,1.5843681,2.4826772,-1.3343651,9.153001,-10.920607,-3.1770084,0.7549909,-0.74301314,-3.0323591,7.073197,-8.967762,3.4956656,8.565772,4.9646797,8.390047,-3.7678268,10.437699,-39.41011,61.323647,-8.369308,8.8390875,5.184944,-5.4513984,-11.276401,27.712908,68.3154,-15.03184,4.920617,-2.3
43,1.372154951095581,-1.6907706260681152,78.49569702148438,-0.5499474757270753,0.17880724927714794,129.2082316389202,1.6592076,2.4902554,-1.3251979,9.17115,-10.963739,-3.178525,0.8231621,-0.73525816,-3.0164044,7.0903,-8.999074,3.4972172,8.585676,4.9763217,8.394322,-3.7668915,10.437376,-39.413876,61.348003,-8.374153,8.813445,5.1609097,-5.442617,-11.277742,27.737032,68.30034,-15.114496,4.920052,-2.2390609
44,1.3624088764190674,-1.6761475801467896,78.49008178710938,-0.5525511660673976,0.13378264655560804,129.19406248746049,1.722626,2.4959524,-1.3142912,9.189708,-11.001325,-3.1725616,0.8825109,-0.72953576,-3.002959,7.104001,-9.028007,3.4980872,8.596397,4.9842486,8.387236,-3.7602336,10.435868,-39.41303,61.36791,-8.364685,8.805864,5.146247,-5.429607,-11.280791,27.783356,68.28123,-15.171906,4.921485,-2.1774347
45,1.3507099151611328,-1.6607102155685425,78.4859848022461,-0.5532969361025293,0.10077611678796655,129.18322161467776,1.7669992,2.4982836,-1.3014823,9.215188,-11.034,-3.1536376,0.9271507,-0.7280304,-2.9933941,7.118715,-9.057694,3.4990966,8.600102,4.9891686,8.37369,-3.751794,10.432794,-39.396908,61.374287,-8.316651,8.829038,5.1384826,-5.4279003,-11.284597,27.833687,68.26871,-15.211459,4.9198465,-2.109494
46,1.3384629487991333,-1.6503078937530518,78.48255920410156,-0.5530076535479568,0.07383247034534501,129.17387750617678,1.8016748,2.4990802,-1.2870084,9.244014,-11.063522,-3.1258843,0.9649174,-0.7284279,-2.985767,7.1318,-9.086867,3.500068,8.61041,4.9900484,8.357086,-3.7492073,10.429198,-39.38042,61.37833,-8.243607,8.873144,5.13399,-5.427643,-11.287683,27.873976,68.25676,-15.24466,4.915726,-2.0384743
47,1.3293755054473877,-1.6338841915130615,78.48149871826172,-0.5526054331225796,0.05048840876105094,129.16509019002478,1.8321435,2.4994242,-1.2726685,9.272383,-11.091188,-3.0984366,0.99810904,-0.7293591,-2.9795225,7.145965,-9.11588,3.499568,8.622977,4.9903183,8.338254,-3.7475586,10.426786,-39.368065,61.378548,-8.16942,8.921297,5.133423,-5.4277387,-11.289195,27.904865,68.24741,-15.278147,4.912644,-1.9660976
48,1.3206028938293457,-1.6220930814743042,78.47875213623047,-0.5526579076550808,0.028005574999400092,129.15455722504876,1.8655609,2.5008447,-1.2584274,9.293813,-11.117109,-3.0805893,1.0307251,-0.72875154,-2.9726162,7.15909,-9.141978,3.496069,8.6155,4.994128,8.317197,-3.7375035,10.420864,-39.339615,61.378548,-8.112751,8.9568205,5.136035,-5.431885,-11.2920885,27.959032,68.24481,-15.311492,4.9149046,-1.895952
49,1.3119041919708252,-1.6053624153137207,78.4787368774414,-0.5534237380273985,0.005120436801747793,129.14069289606184,1.905222,2.503957,-1.2438834,9.305229,-11.1407385,-3.076588,1.0621593,-0.725976,-2.9650834,7.175611,-9.167262,3.4857223,8.618384,4.999577,8.297543,-3.7348318,10.415067,-39.327217,61.381336,-8.089913,8.9797535,5.14268,-5.428514,-11.294114,27.988453,68.2409,-15.370307,4.921085,-1.8236446
50,1.3025027513504028,-1.591530680656433,78.47852325439453,-0.5545303851131026,-0.01646539248891104,129.1253718422238,1.9466618,2.507743,-1.22928,9.310953,-11.162391,-3.080906,1.0902565,-0.72228914,-2.958073,7.195961,-9.192649,3.470526,8.62738,5.0057936,8.278707,-3.736941,10.4122505,-39.32563,61.382683,-8.086768,8.996859,5.1526003,-5.4236946,-11.294653,28.000435,68.23908,-15.4430485,4.9293075,-1.7495635
51,1.291195273399353,-1.5791654586791992,78.4781494140625,-0.5559401524887609,-0.03557579950774154,129.11071147420813,1.9863354,2.511846,-1.2157778,9.313297,-11.182175,-3.0881195,1.1174347,-0.7180151,-2.9506378,7.2121177,-9.214253,3.4575286,8.631271,5.0121202,8.254002,-3.7346222,10.4070635,-39.32543,61.386124,-8.088414,9.00506,5.167295,-5.412751,-11.295021,28.015863,68.23737,-15.511215,4.942044,-1.6786598
52,1.2787173986434937,-1.5683913230895996,78.47640228271484,-0.5571760736735236,-0.050631835771399736,129.09931324197103,2.0202096,2.5158503,-1.2050297,9.314534,-11.200154,-3.0928001,1.1433812,-0.71396446,-2.9424498,7.2201147,-9.230359,3.453781,8.636765,5.017763,8.231476,-3.7369473,10.405506,-39.32686,61.388233,-8.076075,9.001616,5.180831,-5.4053097,-11.294826,28.019402,68.24031,-15.568254,4.955213,-1.6146818
53,1.2707874774932861,-1.5522856712341309,78.4781723022461,-0.5583560013035989,-0.060620370398281456,129.09148026033762,2.0463545,2.5199206,-1.1973294,9.3162775,-11.21751,-3.0937228,1.1696067,-0.70968443,-2.9310942,7.214116,-9.236616,3.4655168,8.642082,5.0217576,8.199931,-3.7361543,10.400586,-39.335327,61.396553,-8.047317,8.977823,5.2005587,-5.388691,-11.293281,28.02045,68.24299,-15.608923,4.973768,-1.5574434
54,1.2639398574829102,-1.5436257123947144,78.4776382446289,-0.5597398225996577,-0.06607020278029963,129.08617041125405,2.066659,2.5241292,-1.192121,9.316153,-11.232991,-3.09372,1.194405,-0.705321,-2.9179053,7.19975,-9.236287,3.4875906,8.644457,5.0258646,8.169559,-3.7380726,10.398498,-39.34255,61.40326,-8.008613,8.938987,5.2222056,-5.3780065,-11.291837,28.017214,68.25257,-15.637934,4.9943886,-1.5054572
55,1.2557523250579834,-1.534435749053955,78.4755859375,-0.5612425889077043,-0.0699314772378435,129.0830618696474,2.084578,2.5283885,-1.1887164,9.315421,-11.247228,-3.0934756,1.2181975,-0.70087856,-2.9064932,7.1826315,-9.234599,3.5097532,8.6498785,5.0289674,8.136045,-3.7392313,10.395511,-39.354805,61.41201,-7.9653234,8.898286,5.242615,-5.359985,-11.288619,28.002039,68.26137,-15.664137,5.0161433,-1.459861
56,1.2480655908584595,-1.521016240119934,78.47200775146484,-0.5623265972447893,-0.07508337460025256,129.08151763319793,2.1018918,2.5319324,-1.1861428,9.316203,-11.259855,-3.0937073,1.2389468,-0.6974765,-2.900117,7.1749706,-9.240768,3.5219824,8.650473,5.0331225,8.109,-3.7394032,10.39387,-39.358047,61.414013,-7.9201403,8.8717985,5.2533665,-5.342022,-11.286036,27.982244,68.26857,-15.688054,5.0343423,-1.421171
57,1.2407424449920654,-1.5118566751480103,78.4669189453125,-0.5634061178347907,-0.08208834241843493,129.08171825893882,2.1199195,2.5349665,-1.1841847,9.317575,-11.270152,-3.095705,1.2586805,-0.6948978,-2.9005008,7.1738243,-9.254973,3.519552,8.666739,5.0361314,8.088501,-3.7512288,10.388777,-39.363625,61.419518,-7.861986,8.866338,5.2472134,-5.3150196,-11.276676,27.914452,68.27245,-15.737849,5.0470977,-1.3863274
58,1.2332994937896729,-1.500718593597412,78.46463775634766,-0.5642561510778487,-0.0895268352382545,129.08387290619228,2.1365786,2.5375705,-1.1833093,9.320155,-11.278884,-3.0987275,1.2751161,-0.69301915,-2.905517,7.179902,-9.275913,3.5086129,8.672049,5.0410132,8.072545,-3.7570393,10.384625,-39.355637,61.416332,-7.7964325,8.872365,5.230906,-5.292166,-11.267708,27.850813,68.28036,-15.782688,5.057816,-1.3576692
59,1.22760808467865,-1.4925724267959595,78.4650650024414,-0.564680161956895,-0.09725114073800699,129.08810001730765,2.1525197,2.5392392,-1.1843182,9.323013,-11.28661,-3.1003633,1.2904763,-0.69204915,-2.913889,7.1891527,-9.298476,3.4950047,8.67271,5.0457916,8.059408,-3.7572095,10.38103,-39.339115,61.40642,-7.73145,8.882696,5.2150044,-5.267581,-11.258304,27.78369,68.28515,-15.819041,5.068103,-1.3378663
60,1.2244491577148438,-1.4848021268844604,78.46517181396484,-0.5649403908418589,-0.10515975458952305,129.09352855837844,2.1667666,2.5404356,-1.1871055,9.329923,-11.296889,-3.0983276,1.3073481,-0.6916564,-2.9234345,7.195471,-9.316237,3.484585,8.667606,5.049262,8.044839,-3.751678,10.379345,-39.31959,61.396442,-7.682017,8.888252,5.2089553,-5.240683,-11.253434,27.730177,68.28601,-15.831565,5.0784125,-1.33002
61,1.2163422107696533,-1.4757856130599976,78.46611022949219,-0.5645931063045537,-0.11555444064460016,129.10102203305988,2.1808732,2.54052,-1.1927578,9.34257,-11.310171,-3.0905876,1.3254669,-0.6922979,-2.9360325,7.206063,-9.332048,3.4773223,8.687447,5.0461125,8.039714,-3.7643037,10.373371,-39.30376,61.39807,-7.633335,8.888699,5.2155275,-5.207291,-11.235376,27.609175,68.2804,-15.856607,5.086628,-1.3369946
62,1.2142356634140015,-1.4684791564941406,78.46449279785156,-0.5639069326877272,-0.1271753966751969,129.11031755173465,2.1949077,2.539857,-1.2006294,9.357913,-11.324556,-3.0788567,1.3464845,-0.69368815,-2.9517868,7.214592,-9.344221,3.4706426,8.690725,5.043794,8.0321455,-3.7588398,10.368982,-39.27909,61.389553,-7.601051,8.886541,5.235726,-5.17197,-11.222244,27.518694,68.27163,-15.844146,5.0970016,-1.3617475
63,1.2114903926849365,-1.4575036764144897,78.46381378173828,-0.5629840081651795,-0.13641870861824554,129.12153498848485,2.20528,2.5383644,-1.2106262,9.37385,-11.339278,-3.0662699,1.364377,-0.69594663,-2.9682791,7.223833,-9.356178,3.466515,8.6809635,5.042946,8.019116,-3.7399728,10.366549,-39.25226,61.374798,-7.587293,8.884058,5.260306,-5.1397047,-11.21498,27.459051,68.26524,-15.8040495,5.108262,-1.3914945
64,1.2087739706039429,-1.4493366479873657,78.46227264404297,-0.5619952086522151,-0.1404784999181202,129.13362461816018,2.2118604,2.5362587,-1.2211393,9.383698,-11.351639,-3.0561268,1.3790921,-0.6982894,-2.9824202,7.2267675,-9.366559,3.4665725,8.69042,5.0372834,8.010315,-3.7396274,10.363093,-39.216423,61.371773,-7.5490003,8.88617,5.263418,-5.100588,-11.205064,27.353102,68.24703,-15.810687,5.116011,-1.4030052
65,1.2043440341949463,-1.4401791095733643,78.4615478515625,-0.5601971005985336,-0.1342426436746739,129.1482594724444,2.2083879,2.531708,-1.2332972,9.387037,-11.361629,-3.0466816,1.3863137,-0.7022758,-2.9933515,7.2201266,-9.374302,3.474552,8.706828,5.0296226,7.988641,-3.7458382,10.357559,-39.19866,61.381042,-7.5238543,8.891713,5.2534585,-5.063645,-11.19171,27.250101,68.23631,-15.820663,5.1220107,-1.4021041
66,1.1961040496826172,-1.4329615831375122,78.46190643310547,-0.5578122871633925,-0.12066491740034727,129.16501209438587,2.19816,2.5252166,-1.2470722,9.384843,-11.369326,-3.0370815,1.3885423,-0.70755523,-3.0024266,7.20667,-9.379908,3.4883916,8.710535,5.0218687,7.957503,-3.7407231,10.353877,-39.174294,61.386566,-7.5050626,8.899573,5.2348604,-5.0283074,-11.184854,27.1763,68.22512,-15.819983,5.1285167,-1.3951925
67,1.1898303031921387,-1.425925612449646,78.46139526367188,-0.5562462018070156,-0.10779402191493583,129.18211481619625,2.1889503,2.52006,-1.2617397,9.381793,-11.376706,-3.0316567,1.3913674,-0.71161574,-3.0122175,7.1936665,-9.386245,3.501546,8.714445,5.0148926,7.9278984,-3.7330854,10.351056,-39.144558,61.39221,-7.490393,8.908547,5.2142534,-4.9929824,-11.181135,27.109577,68.21308,-15.818585,5.134606,-1.3827014
68,1.1856982707977295,-1.4155858755111694,78.46033477783203,-0.5576482715393251,-0.10370723701206763,129.19850592527868,2.1939366,2.5197585,-1.2771395,9.371456,-11.379494,-3.0348,1.4046983,-0.7115354,-3.0256388,7.1798835,-9.39178,3.5074105,8.72754,5.011124,7.913269,-3.7272873,10.346585,-39.10119,61.395878,-7.47126,8.918015,5.198223,-4.956626,-11.1770525,27.02579,68.196754,-15.827934,5.1402364,-1.3648334
69,1.1817219257354736,-1.4088494777679443,78.45806121826172,-0.5640233763674726,-0.11257393509489705,129.21302544481694,2.2077553,2.5276403,-1.2938622,9.376026,-11.389869,-3.0538192,1.4252656,-0.7048277,-3.0440063,7.183045,-9.406523,3.5017192,8.737922,5.0131207,7.902525,-3.702134,10.344521,-39.060104,61.391464,-7.475749,8.929089,5.200516,-4.920039,-11.17571,26.980745,68.18801,-15.806599,5.148085,-1.3483225
70,1.1779325008392334,-1.4009844064712524,78.45500183105469,-0.5736804154824346,-0.13001281665684147,129.22679586779066,2.2356646,2.541166,-1.3115008,9.37331,-11.396193,-3.0843687,1.4563383,-0.6930941,-3.0658145,7.186245,-9.421888,3.4887338,8.752389,5.017598,7.9147487,-3.67966,10.339357,-38.9707,61.382683,-7.448689,8.943863,5.1977034,-4.8849263,-11.173313,26.900438,68.16969,-15.817862,5.1535707,-1.319843
71,1.1742740869522095,-1.3902723789215088,78.45307922363281,-0.5831520695991721,-0.14910090700361997,129.24109997275437,2.2651436,2.5542397,-1.3295139,9.369996,-11.401257,-3.1131272,1.4888799,-0.681966,-3.0888622,7.1891537,-9.436431,3.4749768,8.760061,5.022749,7.9326777,-3.6583452,10.329883,-38.866703,61.37795,-7.42069,8.95493,5.194427,-4.862262,-11.170036,26.829401,68.16105,-15.830528,5.159832,-1.2895508
72,1.171730399131775,-1.3829809427261353,78.44933319091797,-0.5884570003199582,-0.1620229656734432,129.25736687224358,2.2824142,2.5605435,-1.3475975,9.374338,-11.408514,-3.126847,1.513344,-0.6769711,-3.1108427,7.1924305,-9.449882,3.4668734,8.762704,5.024768,7.939734,-3.634388,10.319335,-38.779297,61.3757,-7.4134316,8.956544,5.1931133,-4.842442,-11.166768,26.778559,68.15955,-15.83145,5.1696525,-1.2650964
73,1.168470859527588,-1.3776850700378418,78.44715881347656,-0.5867129828664986,-0.16553115314757832,129.27591567588127,2.283094,2.5559204,-1.36489,9.385617,-11.416196,-3.1159277,1.5265123,-0.6817195,-3.1308677,7.1938562,-9.460181,3.4672005,8.765797,5.019553,7.9356956,-3.608029,10.312215,-38.709637,61.372005,-7.427487,8.943291,5.192554,-4.8203487,-11.164614,26.732021,68.15855,-15.829869,5.1843786,-1.2467586
74,1.165177822113037,-1.372853398323059,78.44607543945312,-0.5809429260127951,-0.16397712464114486,129.29598701768606,2.2732556,2.5449064,-1.3820168,9.40379,-11.425449,-3.0894947,1.5318781,-0.6921945,-3.1503677,7.1978383,-9.470501,3.4721172,8.769234,5.010249,7.9263716,-3.5797997,10.307127,-38.650238,61.36657,-7.458987,8.919652,5.1939063,-4.7982025,-11.163062,26.689724,68.158646,-15.826067,5.2026825,-1.2321193
75,1.1587669849395752,-1.3675364255905151,78.44866943359375,-0.5745237258991773,-0.16197628203346442,129.31734496588822,2.26199,2.5326002,-1.3998253,9.422136,-11.434431,-3.0622365,1.5375215,-0.7040084,-3.1701586,7.1995125,-9.479214,3.478324,8.767149,5.000718,7.9246726,-3.5588145,10.2991495,-38.574753,61.363365,-7.475533,8.896637,5.186932,-4.788533,-11.160743,26.642498,68.164085,-15.836812,5.2197933,-1.2135458
76,1.1590631008148193,-1.3614301681518555,78.44972229003906,-0.5713912611990779,-0.16277192491680773,129.33949504835334,2.2578917,2.5248392,-1.4188694,9.432954,-11.441213,-3.0488937,1.5474105,-0.7116345,-3.1909072,7.2004704,-9.488511,3.4823532,8.770497,4.9940095,7.918313,-3.5365622,10.294004,-38.535393,61.356815,-7.5101023,8.885675,5.1838713,-4.7752852,-11.159488,26.61826,68.17131,-15.827882,5.23629,-1.197439
77,1.1556339263916016,-1.3541259765625,78.44841003417969,-0.5728692971241981,-0.16882576741488184,129.36409249992553,2.2654955,2.5235815,-1.4408017,9.43205,-11.444496,-3.0572348,1.5658902,-0.71363646,-3.2138493,7.198761,-9.498929,3.4833562,8.769372,4.9924545,7.922383,-3.5194702,10.288841,-38.497227,61.346058,-7.5245366,8.89244,5.170639,-4.7730904,-11.158822,26.601353,68.181305,-15.824755,5.249247,-1.1740724
78,1.1514108180999756,-1.3482918739318848,78.44800567626953,-0.5769834877760426,-0.17714772412012114,129.39035598359524,2.2787154,2.5256786,-1.4643803,9.424247,-11.44559,-3.0781567,1.589818,-0.7125672,-3.237909,7.1929693,-9.508595,3.4831038,8.769594,4.9929643,7.9274073,-3.5053577,10.285127,-38.479607,61.33373,-7.545844,8.909995,5.156535,-4.773254,-11.158906,26.599062,68.19301,-15.810895,5.2610936,-1.1504751
79,1.1479469537734985,-1.3470970392227173,78.44697570800781,-0.5819690384348294,-0.18641934338529256,129.41616806801105,2.2928605,2.5289848,-1.488098,9.416777,-11.446827,-3.1009521,1.6135461,-0.7105108,-3.262121,7.188842,-9.518151,3.4822912,8.768139,4.9958906,7.9337273,-3.4919212,10.28015,-38.462833,61.31947,-7.5644364,8.930655,5.140179,-4.7782307,-11.159671,26.604935,68.20917,-15.801004,5.272012,-1.1259242
80,1.1461482048034668,-1.3446818590164185,78.44499969482422,-0.5860111909876441,-0.19468773019695693,129.43914532378508,2.3029184,2.5313687,-1.5103045,9.415773,-11.449841,-3.114979,1.6340331,-0.7090636,-3.2855399,7.186186,-9.525209,3.4815836,8.774376,4.9976387,7.9387274,-3.4829977,10.277526,-38.454098,61.30569,-7.589477,8.945706,5.1237936,-4.7774577,-11.160141,26.607857,68.22268,-15.802144,5.2828846,-1.1027201
81,1.143890142440796,-1.3422225713729858,78.44158172607422,-0.5890501603457796,-0.20095701065734478,129.45775976249936,2.3076024,2.532915,-1.5304991,9.421479,-11.45377,-3.1160815,1.6471282,-0.7081832,-3.3078728,7.189297,-9.5290985,3.480849,8.785962,4.998865,7.942818,-3.4759803,10.276399,-38.44832,61.288082,-7.6171427,8.954537,5.108006,-4.7760363,-11.1602335,26.607897,68.24045,-15.818505,5.291184,-1.0792286
82,1.1442883014678955,-1.3362398147583008,78.43888854980469,-0.5926898703247546,-0.20857120284263359,129.47585451552519,2.3089488,2.5348058,-1.5520735,9.436326,-11.460758,-3.1103861,1.6632004,-0.70639944,-3.3322577,7.187077,-9.526579,3.479815,8.792631,5.0051026,7.9456997,-3.4630609,10.273809,-38.434246,61.25961,-7.644415,8.966752,5.0868745,-4.7817407,-11.160071,26.60643,68.27115,-15.855995,5.2977877,-1.0478814
83,1.142614722251892,-1.3327916860580444,78.4372787475586,-0.5957112658077085,-0.21620087760612647,129.4923932796578,2.3095984,2.5359004,-1.5719908,9.453138,-11.468578,-3.102722,1.6775327,-0.70547026,-3.3549612,7.18771,-9.526379,3.4789712,8.79403,5.0131335,7.9529796,-3.4509609,10.2684765,-38.402782,61.232704,-7.6576586,8.973994,5.0643077,-4.7992053,-11.158552,26.61172,68.30864,-15.900993,5.3054075,-1.0216138
84,1.1387393474578857,-1.329132318496704,78.43563842773438,-0.5967401232644561,-0.22454345319963936,129.50862963185784,2.3146174,2.534396,-1.589517,9.46344,-11.474191,-3.0976703,1.6913341,-0.70758474,-3.3748472,7.192532,-9.533646,3.4790897,8.815925,5.0152636,7.958155,-3.4497368,10.267349,-38.397865,61.21743,-7.679831,8.975553,5.047438,-4.798784,-11.158157,26.614992,68.32477,-15.934831,5.319623,-1.0092871
85,1.1329994201660156,-1.3233366012573242,78.43708038330078,-0.5958751934662081,-0.23854440163995294,129.52823463740302,2.3266656,2.5292108,-1.6081532,9.472437,-11.48037,-3.0954208,1.7161021,-0.7139074,-3.3950226,7.1929126,-9.548963,3.4814882,8.828788,5.0226827,7.965852,-3.441579,10.264104,-38.379128,61.199673,-7.697488,8.974597,5.0264835,-4.8097167,-11.156817,26.636024,68.34883,-15.965792,5.346701,-1.0123729
86,1.1284520626068115,-1.3218388557434082,78.43834686279297,-0.5925819738207982,-0.25351534890409066,129.5478421940181,2.3418527,2.520718,-1.6249312,9.477067,-11.4844265,-3.0937703,1.7411302,-0.72397393,-3.4129744,7.196426,-9.571474,3.4855185,8.842464,5.0276246,7.973888,-3.434486,10.260303,-38.356777,61.1876,-7.71128,8.966741,5.0075097,-4.820816,-11.155191,26.672518,68.36856,-15.986302,5.38121,-1.0302837
87,1.122786283493042,-1.3205569982528687,78.43730163574219,-0.5898623910190748,-0.2692585999144438,129.5666048061306,2.3586698,2.513022,-1.6404397,9.481163,-11.489457,-3.094226,1.7676051,-0.7331244,-3.4294546,7.199034,-9.594435,3.4883513,8.837615,5.0349946,7.9797797,-3.419433,10.252628,-38.31251,61.178623,-7.7172723,8.958052,4.9914036,-4.844502,-11.151736,26.74295,68.39589,-15.999016,5.4171243,-1.051312
88,1.1204653978347778,-1.321542501449585,78.4354019165039,-0.5902104663979683,-0.28455502883263534,129.58247567992262,2.3763492,2.5100563,-1.6535337,9.484061,-11.495614,-3.0983784,1.7916864,-0.73707795,-3.4437187,7.202802,-9.613264,3.4872258,8.858154,5.042434,7.984654,-3.4161692,10.249128,-38.29226,61.174286,-7.7208366,8.955142,4.9814115,-4.8512483,-11.150399,26.777346,68.40191,-16.035887,5.4447875,-1.0589948
89,1.1155586242675781,-1.318747878074646,78.43522644042969,-0.5954643835276099,-0.2987829240837512,129.59472798698192,2.3939347,2.5146534,-1.6634728,9.486375,-11.503956,-3.1093228,1.8117635,-0.7328793,-3.4550323,7.20976,-9.627579,3.4778373,8.882854,5.0536256,7.98543,-3.412635,10.246807,-38.272205,61.172928,-7.714752,8.958888,4.978656,-4.8563914,-11.149734,26.805805,68.39964,-16.09446,5.465636,-1.0506891
90,1.1139742136001587,-1.3151320219039917,78.43243408203125,-0.6040396824466101,-0.31284222805349005,129.60393805589638,2.4127197,2.524576,-1.670507,9.486959,-11.513433,-3.1253316,1.8304876,-0.7229473,-3.4636118,7.2164693,-9.638195,3.462846,8.864092,5.0700307,7.9842954,-3.3884113,10.237393,-38.190777,61.169895,-7.682073,8.965901,4.978807,-4.8868213,-11.147479,26.896227,68.41016,-16.149355,5.485362,-1.0364319
91,1.1131788492202759,-1.309546947479248,78.42823028564453,-0.6124997053579944,-0.3272447178324751,129.61272676849515,2.4314487,2.5342875,-1.6775119,9.488829,-11.523758,-3.1407337,1.850222,-0.7130569,-3.4718459,7.2224507,-9.647347,3.449975,8.872113,5.084682,7.982451,-3.3795657,10.231136,-38.14503,61.174362,-7.657716,8.97447,4.9843473,-4.900713,-11.146434,26.949738,68.404816,-16.212923,5.4968104,-1.0169036
92,1.1108087301254272,-1.3046703338623047,78.4249267578125,-0.6174877096167602,-0.3429171734532025,129.62365282317688,2.4507582,2.5390105,-1.6873492,9.4921255,-11.533281,-3.1497362,1.8724171,-0.70857775,-3.4818604,7.2270875,-9.656337,3.4470415,8.880118,5.0965176,7.981724,-3.3740761,10.224847,-38.109703,61.18089,-7.639735,8.980971,4.9934716,-4.9110723,-11.146208,27.0015,68.397354,-16.255463,5.4977903,-0.9994054
93,1.10398268699646,-1.3028141260147095,78.42216491699219,-0.6176305896678201,-0.3595795276380603,129.63796153695995,2.4692044,2.5368137,-1.7015066,9.498419,-11.541662,-3.1491127,1.9013766,-0.711428,-3.4949718,7.2226334,-9.661344,3.4609199,8.880722,5.1055565,7.9811254,-3.3724368,10.216697,-38.084114,61.19353,-7.633408,8.984328,5.0097,-4.920739,-11.147254,27.060894,68.3919,-16.265076,5.481616,-0.9840886
94,1.100333333015442,-1.29927659034729,78.42184448242188,-0.6148427772935435,-0.37692013427116017,129.65472385883754,2.4868176,2.5302806,-1.719019,9.50748,-11.549915,-3.1424382,1.9335748,-0.7189062,-3.5102546,7.2142377,-9.66389,3.4859173,8.883479,5.1124377,7.979987,-3.3739955,10.209753,-38.073963,61.209736,-7.6348305,8.98577,5.0324836,-4.929493,-11.149496,27.114643,68.388435,-16.255959,5.4508615,-0.9678197
95,1.094645380973816,-1.297446370124817,78.42313385009766,-0.6108964139277356,-0.3958266281465193,129.67141645968036,2.5060017,2.5219858,-1.7366263,9.516426,-11.55793,-3.134469,1.9669243,-0.72795033,-3.5254722,7.20771,-9.668517,3.5106773,8.897341,5.116879,7.9825406,-3.3826807,10.206109,-38.075336,61.22373,-7.6347713,8.987667,5.052881,-4.931446,-11.151381,27.147322,68.37572,-16.249552,5.419045,-0.95167124
96,1.0916639566421509,-1.292250156402588,78.4222640991211,-0.6078714463212506,-0.41665512419754763,129.68788937099166,2.526834,2.514344,-1.7539251,9.52607,-11.567529,-3.129847,1.9986061,-0.7360779,-3.5406232,7.2085257,-9.678713,3.5241237,8.898684,5.123027,7.981899,-3.3836372,10.199094,-38.070187,61.236496,-7.6333747,8.986783,5.0686,-4.937006,-11.155963,27.208502,68.36403,-16.223724,5.40261,-0.9434823
97,1.088047742843628,-1.291264533996582,78.4219970703125,-0.6054418027252615,-0.4412151306725225,129.70358014272588,2.5537734,2.5064712,-1.7699959,9.531318,-11.577432,-3.1314182,2.0289102,-0.74350274,-3.555414,7.221094,-9.69916,3.5205722,8.895798,5.1294255,7.9866877,-3.3832788,10.190225,-38.05211,61.2436,-7.612731,8.985324,5.0712066,-4.945658,-11.162874,27.272259,68.34483,-16.198328,5.406789,-0.94067556
98,1.0850063562393188,-1.2914774417877197,78.41878509521484,-0.6031776654885553,-0.46855740238689875,129.71963714316382,2.5836906,2.497968,-1.786333,9.536145,-11.58839,-3.1362102,2.059399,-0.7513106,-3.570516,7.240829,-9.726316,3.5069172,8.879761,5.1373158,7.994474,-3.3786669,10.177499,-38.017986,61.247818,-7.5791454,8.98227,5.0657897,-4.96125,-11.174638,27.352823,68.32426,-16.161469,5.4236455,-0.9425321
99,1.0775610208511353,-1.2867534160614014,78.41741180419922,-0.6014176848514542,-0.49606201930620414,129.73434304181043,2.6129098,2.4903548,-1.8013065,9.542699,-11.599624,-3.1399624,2.0880253,-0.75804025,-3.5844665,7.263442,-9.754319,3.4904947,8.881225,5.1433907,8.003898,-3.3805923,10.170678,-38.001072,61.24753,-7.549576,8.979217,5.0577087,-4.9705048,-11.181804,27.405727,68.29979,-16.136608,5.44177,-0.9452301
100,1.0741645097732544,-1.2836719751358032,78.41653442382812,-0.6004890505776264,-0.5203051103115629,129.74604322365445,2.6363795,2.4849272,-1.8135355,9.553237,-11.609854,-3.1384702,2.1127748,-0.76270604,-3.5960371,7.28264,-9.775859,3.478666,8.90112,5.1491294,8.012008,-3.3872335,10.168862,-37.996902,61.241577,-7.528672,8.976453,5.051145,-4.977601,-11.183957,27.425735,68.283005,-16.135538,5.450215,-0.9448453
101,1.073276400566101,-1.2817145586013794,78.41566467285156,-0.6015886411285107,-0.5411927498566532,129.7541417969379,2.6512885,2.4831185,-1.8224218,9.572932,-11.6197,-3.1270106,2.1344666,-0.76361334,-3.605001,7.295595,-9.787478,3.4728038,8.889939,5.164773,8.016995,-3.3783255,10.1595955,-37.962475,61.227535,-7.521168,8.96917,5.0507216,-4.9949274,-11.195976,27.499453,68.27715,-16.116425,5.4520035,-0.94608176
102,1.0763132572174072,-1.2804136276245117,78.41500854492188,-0.6034399091941741,-0.5588575320448158,129.75911644835043,2.6592567,2.4835799,-1.8284285,9.598716,-11.629147,-3.1091022,2.1513,-0.7624025,-3.6117444,7.308045,-9.79447,3.4691443,8.901416,5.1808324,8.021521,-3.378107,10.152876,-37.943092,61.209564,-7.5209503,8.960906,5.050227,-5.0072355,-11.20501,27.531456,68.27421,-16.12309,5.4458323,-0.943569
103,1.0780072212219238,-1.2788203954696655,78.41313934326172,-0.6056089813728438,-0.5767452704557133,129.763101437391,2.6688597,2.4846985,-1.8333548,9.622137,-11.637503,-3.09255,2.1693978,-0.7606381,-3.6169355,7.317043,-9.799253,3.4675193,8.914562,5.1982646,8.02718,-3.3790972,10.146247,-37.925392,61.190342,-7.523366,8.953918,5.049864,-5.019054,-11.214257,27.563839,68.27259,-16.133484,5.4378414,-0.94163233
104,1.0759299993515015,-1.2778221368789673,78.41117858886719,-0.6064026387168892,-0.5977919989457076,129.76743046503694,2.6850843,2.4846172,-1.8386527,9.640446,-11.647052,-3.0852475,2.1921878,-0.7606158,-3.6210036,7.3245554,-9.806843,3.4678347,8.921351,5.2175145,8.036532,-3.3788497,10.136483,-37.90318,61.171375,-7.5220346,8.951827,5.048316,-5.03197,-11.22815,27.615597,68.26976,-16.138636,5.431863,-0.94208
105,1.0726052522659302,-1.277752161026001,78.40989685058594,-0.6053120588369031,-0.6241498285673746,129.77255113892699,2.716251,2.4825144,-1.845104,9.642089,-11.652905,-3.0931556,2.2213318,-0.7635542,-3.6231227,7.3339076,-9.821668,3.471158,8.941502,5.23165,8.0517235,-3.388536,10.130234,-37.89695,61.15621,-7.5211205,8.957514,5.0433645,-5.042435,-11.2376795,27.658272,68.267204,-16.153,5.4252872,-0.9459621
106,1.069549560546875,-1.2749086618423462,78.4092025756836,-0.6032608829225172,-0.6540517828337894,129.77885825811208,2.7540448,2.479664,-1.8531692,9.639173,-11.659306,-3.110782,2.2574382,-0.7679949,-3.624787,7.338104,-9.837279,3.4772465,8.958481,5.2455997,8.070562,-3.39593,10.126137,-37.89224,61.13799,-7.5232043,8.967329,5.0384927,-5.056055,-11.244467,27.713146,68.2687,-16.16192,5.4189525,-0.9536611
107,1.0654783248901367,-1.274704098701477,78.4080581665039,-0.600798772822335,-0.6835482215690211,129.78376955132737,2.793362,2.4765058,-1.8588762,9.63289,-11.665838,-3.128781,2.2923403,-0.77262205,-3.6248426,7.3436584,-9.854225,3.4837463,8.957857,5.2624846,8.086444,-3.3935525,10.118791,-37.875587,61.117767,-7.523863,8.978854,5.0352488,-5.0763965,-11.257096,27.808088,68.2761,-16.156414,5.4164214,-0.96397376
108,1.0625579357147217,-1.2743628025054932,78.40872192382812,-0.5993489395488351,-0.7094994274198818,129.78730749360872,2.8255315,2.4741137,-1.8607882,9.6338,-11.677281,-3.1378846,2.3234036,-0.7756521,-3.6245558,7.348555,-9.868916,3.4883556,8.942852,5.283476,8.101079,-3.3843617,10.105561,-37.839294,61.097652,-7.5085793,8.98923,5.033972,-5.101575,-11.279408,27.924913,68.28101,-16.144499,5.420596,-0.9719946
109,1.0602033138275146,-1.27244234085083,78.40779113769531,-0.5986470141798105,-0.7305440376944138,129.78865738800567,2.8497577,2.472345,-1.8558993,9.639651,-11.693974,-3.1338737,2.3465674,-0.7769401,-3.6233332,7.357166,-9.883198,3.4899805,8.949021,5.301945,8.111022,-3.384972,10.094407,-37.82477,61.084454,-7.483229,8.999627,5.0371037,-5.1233134,-11.2969,28.01317,68.28619,-16.144129,5.4323506,-0.97735584
110,1.0586819648742676,-1.2695324420928955,78.40479278564453,-0.5984310725568417,-0.7486116233144025,129.78836519562307,2.8682337,2.470937,-1.8462203,9.651003,-11.716298,-3.1223204,2.3671398,-0.7768947,-3.6210873,7.3639956,-9.89583,3.4899602,8.960804,5.3205085,8.117567,-3.387425,10.081854,-37.816036,61.074715,-7.4482293,9.010995,5.0435576,-5.144687,-11.314429,28.09927,68.29176,-16.145142,5.450543,-0.981842
111,1.0575292110443115,-1.2674866914749146,78.39994812011719,-0.5981910427493372,-0.7654595652046288,129.78768121594857,2.8855479,2.4697337,-1.8367776,9.66168,-11.736724,-3.1084995,2.386017,-0.7766852,-3.6192176,7.371229,-9.907238,3.4897885,8.968023,5.33772,8.121934,-3.3872554,10.06977,-37.806797,61.067364,-7.4141936,9.021702,5.051463,-5.171334,-11.330239,28.19338,68.30448,-16.144938,5.4704,-0.98755574
112,1.0565855503082275,-1.2624638080596924,78.39832305908203,-0.5979005391096976,-0.7829543036419866,129.78703421230395,2.9019601,2.4689975,-1.8318543,9.675029,-11.753112,-3.0977519,2.4056573,-0.7764666,-3.6181927,7.3777046,-9.916314,3.4908104,8.978801,5.3528557,8.128534,-3.3942688,10.058763,-37.806076,61.067043,-7.393356,9.031573,5.056812,-5.1950984,-11.343828,28.27566,68.316505,-16.156818,5.4849515,-0.99347913
113,1.0561141967773438,-1.2623211145401,78.39742279052734,-0.5975998039615653,-0.8032456969125521,129.7872603386405,2.9203687,2.4687426,-1.8354679,9.689419,-11.7615185,-3.0907419,2.4281566,-0.77666473,-3.6198587,7.3844132,-9.922368,3.4942515,8.991009,5.363961,8.139795,-3.4056227,10.051929,-37.811874,61.072495,-7.3893533,9.040372,5.0609174,-5.21854,-11.352453,28.348711,68.33115,-16.180643,5.493942,-0.99943334
114,1.0554609298706055,-1.2598531246185303,78.39803314208984,-0.596931830105399,-0.8247770819405369,129.78705686650937,2.9380727,2.468907,-1.843354,9.707525,-11.766447,-3.0848908,2.4517317,-0.7768197,-3.6223702,7.3914733,-9.926337,3.499045,8.994193,5.3754773,8.150686,-3.4143848,10.043675,-37.816315,61.082188,-7.398701,9.048826,5.065368,-5.243512,-11.362744,28.438717,68.34989,-16.204311,5.5003295,-1.006469
115,1.0537956953048706,-1.2563765048980713,78.40013122558594,-0.5965401374911006,-0.8438567630465087,129.78736154693962,2.9531035,2.4694018,-1.8519558,9.724357,-11.768992,-3.0805962,2.472536,-0.7768681,-3.6252098,7.3980193,-9.929691,3.5033572,8.994127,5.3857765,8.160059,-3.4253135,10.035496,-37.82222,61.096153,-7.410473,9.05458,5.0677843,-5.269232,-11.3731165,28.525408,68.36797,-16.228436,5.5054255,-1.0151659
116,1.0548820495605469,-1.256351351737976,78.40052032470703,-0.5958441144597587,-0.8567764761536634,129.78906082416972,2.9625447,2.4696126,-1.8574544,9.736353,-11.771121,-3.0781598,2.486645,-0.77732223,-3.6273868,7.4027915,-9.933528,3.5054638,8.9829645,5.3977237,8.161375,-3.4326391,10.023389,-37.82685,61.112637,-7.4186683,9.055456,5.068138,-5.2954397,-11.388266,28.62087,68.38256,-16.236599,5.5119123,-1.0280136
117,1.0553793907165527,-1.2561980485916138,78.40032196044922,-0.5952369141351854,-0.8610826535306572,129.7924959064148,2.965954,2.470092,-1.8577586,9.738749,-11.771879,-3.0782106,2.4908957,-0.7778809,-3.6280959,7.4059687,-9.938654,3.5037334,8.98446,5.403497,8.156055,-3.449388,10.018409,-37.846603,61.132595,-7.4203897,9.049454,5.060809,-5.3223414,-11.395219,28.675524,68.3964,-16.252708,5.519273,-1.0406291
118,1.0580217838287354,-1.2589918375015259,78.39842224121094,-0.5945108785718052,-0.859132670328527,129.796827989652,2.96364,2.4707787,-1.8549578,9.736529,-11.771459,-3.0804071,2.488499,-0.7784699,-3.6277966,7.407263,-9.944139,3.4994574,8.985088,5.406684,8.144817,-3.4673107,10.0156765,-37.870296,61.15441,-7.4195743,9.038462,5.049018,-5.3494234,-11.399651,28.719423,68.408295,-16.26733,5.527577,-1.0542623
119,1.0574610233306885,-1.2596954107284546,78.39723205566406,-0.5936978752160315,-0.8546693933233321,129.8023866475482,2.958739,2.4709702,-1.8525487,9.732589,-11.77045,-3.0835898,2.483527,-0.77950644,-3.628397,7.4076686,-9.949304,3.4952838,8.969411,5.4148965,8.119019,-3.4736173,10.006165,-37.911953,61.180645,-7.437804,9.02504,5.045711,-5.3719373,-11.414359,28.806728,68.42003,-16.24205,5.5365987,-1.0800849
120,1.0606614351272583,-1.2580374479293823,78.39702606201172,-0.5916373359750425,-0.8529354915430601,129.80955146224534,2.9556925,2.4691334,-1.8537096,9.729382,-11.768624,-3.0867572,2.4825537,-0.7819148,-3.6320834,7.4060216,-9.952487,3.493718,8.961721,5.4156523,8.111282,-3.488874,10.004011,-37.931953,61.198227,-7.416586,9.019122,5.034066,-5.393527,-11.418142,28.830612,68.421234,-16.25582,5.536966,-1.111249
121,1.0609411001205444,-1.2564866542816162,78.39768981933594,-0.5887498291904052,-0.8548764507450325,129.8190369486513,2.9562304,2.4650524,-1.8597405,9.725804,-11.765763,-3.0905225,2.4855893,-0.78591025,-3.6402853,7.4058833,-9.955721,3.4957385,8.947295,5.4162397,8.105869,-3.5002224,10.000355,-37.962215,61.213524,-7.3883195,9.020473,5.0274777,-5.4121623,-11.423984,28.856558,68.420334,-16.256907,5.529487,-1.1613548
122,1.062240481376648,-1.256762981414795,78.39892578125,-0.5852996648882397,-0.8580682447348833,129.83038303636388,2.9576278,2.4597094,-1.868736,9.72179,-11.762385,-3.095181,2.4919665,-0.79052323,-3.651631,7.401691,-9.956253,3.499845,8.929204,5.4148755,8.101528,-3.5092402,9.997849,-37.991764,61.227703,-7.348783,9.026126,5.022179,-5.424636,-11.427659,28.868961,68.41259,-16.255192,5.5167875,-1.2247366
123,1.063943862915039,-1.257266640663147,78.40018463134766,-0.581185343745005,-0.8608184903001375,129.84222805761183,2.9584296,2.4531946,-1.8791866,9.717157,-11.757552,-3.0990305,2.4977262,-0.79627824,-3.6636574,7.3976445,-9.956309,3.5050623,8.905996,5.411208,8.100454,-3.5164952,9.996768,-38.010612,61.237206,-7.299373,9.033408,5.016653,-5.4376216,-11.429221,28.871256,68.40153,-16.260496,5.501911,-1.2912678
124,1.066333293914795,-1.258293867111206,78.40225219726562,-0.5765283392264879,-0.8614686217084437,129.8531079027376,2.9555564,2.446104,-1.8898618,9.715184,-11.752511,-3.1003778,2.4987836,-0.80336595,-3.6746159,7.3973923,-9.957148,3.5105524,8.894817,5.4085298,8.093944,-3.5280235,9.994254,-38.05245,61.24931,-7.272668,9.037926,5.020067,-5.444729,-11.432343,28.866707,68.3893,-16.259209,5.4883432,-1.3561666
125,1.066893219947815,-1.2610118389129639,78.4045181274414,-0.5704893744825181,-0.8578442186825577,129.86205437919946,2.9471984,2.4372442,-1.9010831,9.714149,-11.744843,-3.0970862,2.4952192,-0.812664,-3.6833668,7.393895,-9.954339,3.5176914,8.884879,5.4043508,8.08376,-3.5400927,9.991583,-38.09291,61.260406,-7.2587833,9.038154,5.030851,-5.4504495,-11.436294,28.854713,68.37456,-16.264389,5.477841,-1.4179833
126,1.0696945190429688,-1.2634193897247314,78.40411376953125,-0.5636750063273883,-0.8512990012981315,129.87012466622426,2.9345577,2.4270825,-1.9134697,9.715013,-11.735884,-3.0906355,2.4874547,-0.8237485,-3.6912403,7.3915963,-9.95098,3.526439,8.87899,5.3981495,8.07119,-3.555534,9.989462,-38.139637,61.27314,-7.255298,9.035682,5.04773,-5.4489894,-11.439992,28.833218,68.351494,-16.271423,5.4686303,-1.4809922
127,1.0709365606307983,-1.2670960426330566,78.40486907958984,-0.5573584933739287,-0.8454896062401189,129.87829497823458,2.9225802,2.4179804,-1.9250631,9.715568,-11.726823,-3.084777,2.4802618,-0.8338688,-3.6989515,7.3893347,-9.947189,3.5334687,8.870394,5.3927493,8.059125,-3.5673532,9.988425,-38.177135,61.281315,-7.253073,9.034192,5.0647097,-5.450546,-11.443082,28.812601,68.33205,-16.274492,5.4586563,-1.5393457
128,1.0741469860076904,-1.2722082138061523,78.40514373779297,-0.553571132682273,-0.843728828445166,129.88710087339817,2.915023,2.4129128,-1.9335732,9.7165785,-11.720082,-3.0833564,2.4762974,-0.83993155,-3.7069175,7.39074,-9.945729,3.5354383,8.85122,5.388496,8.050093,-3.571375,9.988368,-38.18875,61.286163,-7.242638,9.0361,5.0740438,-5.457547,-11.444017,28.806133,68.31762,-16.265427,5.4485393,-1.5858275
129,1.078852653503418,-1.2741318941116333,78.4046859741211,-0.5531732279621534,-0.8464001062033515,129.89753130063315,2.913363,2.4136505,-1.9374987,9.715955,-11.715874,-3.0886114,2.4767349,-0.8406346,-3.7156487,7.3942375,-9.945356,3.5298295,8.836376,5.3873715,8.042016,-3.5745056,9.988474,-38.196007,61.290768,-7.235922,9.043131,5.0791755,-5.462107,-11.444531,28.801369,68.30608,-16.236553,5.4342785,-1.6246448
130,1.0848920345306396,-1.2743809223175049,78.40397644042969,-0.554753168377401,-0.8523468702252558,129.9104928224584,2.9142244,2.4177535,-1.939609,9.716009,-11.71342,-3.0981238,2.4800997,-0.8379188,-3.7260396,7.4001117,-9.946342,3.518974,8.828966,5.3888507,8.034965,-3.578221,9.988822,-38.208107,61.294266,-7.233653,9.054648,5.082879,-5.461444,-11.445264,28.79208,68.29547,-16.188269,5.414634,-1.6619399
131,1.0926406383514404,-1.274746060371399,78.40264129638672,-0.5575471542415193,-0.8600236896199387,129.92237273781163,2.917896,2.4234896,-1.9408287,9.715723,-11.711733,-3.1085083,2.485773,-0.83344334,-3.7357738,7.405404,-9.94724,3.506875,8.82572,5.3905845,8.027573,-3.5814624,9.98933,-38.21836,61.298855,-7.233425,9.065749,5.084404,-5.456834,-11.445905,28.781593,68.28383,-16.142582,5.397117,-1.6876459
132,1.0940699577331543,-1.2734824419021606,78.4024658203125,-0.559736767112045,-0.8674750796137872,129.93288688826732,2.921265,2.4279315,-1.9453325,9.717434,-11.710772,-3.116273,2.4920864,-0.82969093,-3.7454937,7.4097815,-9.948413,3.4976408,8.839814,5.3905845,8.01966,-3.5897279,9.99211,-38.247917,61.306683,-7.2390456,9.071464,5.086131,-5.437469,-11.448519,28.746761,68.26003,-16.124931,5.386054,-1.6971798
133,1.0972174406051636,-1.271077036857605,78.40127563476562,-0.5614532653036896,-0.8752763727073909,129.94094894821643,2.9259126,2.430706,-1.9545081,9.720068,-11.709633,-3.1208963,2.5005677,-0.8266328,-3.7553608,7.4116445,-9.948943,3.4923477,8.83636,5.3913174,8.013455,-3.5868003,9.993722,-38.253727,61.31293,-7.2394757,9.068022,5.0857773,-5.4291677,-11.449358,28.730555,68.24539,-16.132011,5.385222,-1.6877778
134,1.09939444065094,-1.2674999237060547,78.40296173095703,-0.563514673954364,-0.884084946557258,129.9478399341312,2.9307504,2.4332883,-1.9668617,9.726488,-11.710449,-3.1240962,2.5108616,-0.8231769,-3.765764,7.4131856,-9.95006,3.488806,8.831897,5.392788,8.007872,-3.5809073,9.995533,-38.256348,61.319706,-7.241586,9.058876,5.0838227,-5.4223,-11.449651,28.713226,68.23434,-16.157328,5.390023,-1.662695
135,1.1013771295547485,-1.2670402526855469,78.40435028076172,-0.5648002140866097,-0.8916869646756141,129.9537565553452,2.9354157,2.4351585,-1.9788101,9.730952,-11.710075,-3.1257694,2.5191522,-0.82036096,-3.774635,7.415069,-9.951361,3.4862847,8.828154,5.393564,8.004237,-3.5757673,9.997172,-38.25567,61.32534,-7.244476,9.049765,5.082637,-5.4176097,-11.449393,28.703646,68.2258,-16.1802,5.396431,-1.6343212
136,1.1032572984695435,-1.2697488069534302,78.40299987792969,-0.5651166133957873,-0.8978053477371221,129.96205610692826,2.9358876,2.4361463,-1.9904376,9.737757,-11.710102,-3.1259406,2.5258012,-0.81908315,-3.7834995,7.4162507,-9.953448,3.484034,8.827207,5.390288,7.9989085,-3.5690806,9.998494,-38.253242,61.330956,-7.242285,9.041585,5.083297,-5.4076157,-11.449146,28.691841,68.212326,-16.205338,5.4031396,-1.6006027
137,1.107106328010559,-1.2734203338623047,78.40299224853516,-0.5628071413381971,-0.8985088217866538,129.97292599671977,2.9291813,2.4347281,-1.999441,9.742787,-11.70784,-3.1232154,2.5256202,-0.8207546,-3.7899125,7.4163675,-9.955712,3.4822745,8.836588,5.380936,7.9953933,-3.5682728,10.002495,-38.247723,61.331577,-7.230636,9.038878,5.0853953,-5.3962665,-11.448702,28.676838,68.19634,-16.218407,5.4057326,-1.5705858
138,1.110487699508667,-1.2728608846664429,78.40332794189453,-0.5587253115102809,-0.8959388078426346,129.9852199357585,2.9176953,2.4316583,-2.0074,9.747402,-11.704275,-3.1181064,2.520715,-0.82478654,-3.7947338,7.4179506,-9.959929,3.481386,8.846098,5.3694835,7.990906,-3.568182,10.004626,-38.241695,61.331863,-7.220407,9.037567,5.0917115,-5.390147,-11.448568,28.678358,68.1867,-16.216097,5.4077373,-1.540315
139,1.116758942604065,-1.2733651399612427,78.40283203125,-0.5547345908318297,-0.8945474517588858,129.99654559494041,2.908583,2.4288743,-2.0141308,9.750316,-11.700177,-3.1131852,2.5168173,-0.8283476,-3.7991192,7.418847,-9.963508,3.4803522,8.853836,5.3579655,7.9884396,-3.5654297,10.006696,-38.231205,61.330082,-7.210977,9.037846,5.0982594,-5.3839583,-11.448503,28.684566,68.1778,-16.210274,5.4096904,-1.5102808
140,1.1248396635055542,-1.2745331525802612,78.40286254882812,-0.5527818588376953,-0.8989854076826866,130.0039993758221,2.9056103,2.4289467,-2.0196974,9.756285,-11.698989,-3.1111581,2.5194707,-0.828803,-3.80385,7.4196963,-9.966151,3.4782488,8.856464,5.3505173,7.990628,-3.5567262,10.008676,-38.216896,61.32502,-7.2082286,9.039905,5.10325,-5.3774185,-11.448328,28.690636,68.17054,-16.206982,5.411714,-1.481977
141,1.1280125379562378,-1.2754238843917847,78.40279388427734,-0.5536869911279726,-0.9131293366067534,130.0046678278773,2.9160075,2.433157,-2.0224192,9.761766,-11.699605,-3.1130648,2.5318635,-0.82453555,-3.8089693,7.4228888,-9.969302,3.473825,8.852584,5.348834,8.001481,-3.537931,10.011583,-38.19107,61.31393,-7.2103086,9.045504,5.1076107,-5.369909,-11.447467,28.6952,68.163666,-16.210754,5.4134,-1.4558408
142,1.1332679986953735,-1.2769861221313477,78.40216064453125,-0.5562182435402859,-0.9314121298080329,130.00109290712166,2.9307568,2.4398139,-2.0231428,9.770271,-11.702827,-3.1173282,2.546442,-0.8178027,-3.8140914,7.43066,-9.97391,3.4679625,8.858482,5.3509684,8.015206,-3.5242944,10.012193,-38.181522,61.30887,-7.2285013,9.0517,5.1140966,-5.360661,-11.4467745,28.693083,68.16085,-16.21095,5.4133086,-1.4342982
143,1.1409029960632324,-1.2766313552856445,78.40161895751953,-0.5595494450107317,-0.9541468315176247,129.99725768998294,2.9508052,2.447309,-2.0242689,9.77811,-11.706633,-3.1228254,2.5685554,-0.8098538,-3.8194447,7.4323773,-9.974832,3.462758,8.856261,5.3536873,8.031536,-3.4994905,10.013085,-38.16095,61.295063,-7.242179,9.061218,5.1179247,-5.346418,-11.445256,28.685764,68.15341,-16.220139,5.415369,-1.4079667
144,1.149228811264038,-1.2775307893753052,78.40196228027344,-0.5612012574888081,-0.96911280657446,129.99822845782717,2.962047,2.4520032,-2.0288985,9.781704,-11.706636,-3.1281157,2.582298,-0.80457515,-3.8255265,7.4330153,-9.973547,3.4606094,8.849122,5.3541307,8.044696,-3.4815226,10.013994,-38.142673,61.283024,-7.2531157,9.066496,5.1108985,-5.3382063,-11.443194,28.67734,68.14928,-16.22371,5.4178147,-1.3816539
145,1.1587468385696411,-1.2779452800750732,78.40225219726562,-0.5607686442676845,-0.9753923260337759,130.00632113394673,2.961759,2.452902,-2.0394073,9.7821,-11.702875,-3.1330538,2.5878725,-0.80293626,-3.8330524,7.4296923,-9.967689,3.4633162,8.833816,5.351821,8.053896,-3.4701295,10.01494,-38.132866,61.272633,-7.2641954,9.068016,5.0900784,-5.336368,-11.440881,28.668095,68.14751,-16.21707,5.4214644,-1.3527052
146,1.1643903255462646,-1.2780016660690308,78.40239715576172,-0.5595324265540838,-0.9766693661405054,130.01787756337544,2.9559202,2.4519033,-2.052765,9.778441,-11.696006,-3.138287,2.5881648,-0.80300945,-3.8405192,7.424062,-9.958283,3.4692187,8.814525,5.348314,8.060513,-3.463888,10.0153475,-38.13343,61.264854,-7.2806396,9.066901,5.0621705,-5.336178,-11.439653,28.661856,68.14678,-16.198637,5.4250393,-1.3255925
147,1.1696968078613281,-1.2815569639205933,78.40446472167969,-0.557652410072751,-0.9764773950770688,130.03090559853663,2.9480786,2.4499292,-2.0668697,9.774521,-11.688587,-3.1437376,2.5876524,-0.8040057,-3.8487487,7.417237,-9.948343,3.4755316,8.796268,5.343406,8.064599,-3.4586692,10.015867,-38.13755,61.256767,-7.299332,9.064252,5.0321984,-5.3367743,-11.438287,28.653404,68.14822,-16.181005,5.4305577,-1.296619
148,1.172379970550537,-1.2870582342147827,78.40760040283203,-0.5558951500953047,-0.9777052758570765,130.04161075369558,2.9436965,2.4485652,-2.0778623,9.770315,-11.681839,-3.149272,2.5887558,-0.80489284,-3.8564575,7.4102373,-9.939846,3.479364,8.788042,5.3378925,8.066576,-3.4536996,10.0164175,-38.143837,61.246883,-7.319705,9.060004,5.008024,-5.334745,-11.436978,28.640167,68.15163,-16.174397,5.4374275,-1.2660896
149,1.1780097484588623,-1.2902227640151978,78.407958984375,-0.5539030549242907,-0.9815993339308273,130.04739459469891,2.944156,2.448249,-2.0824885,9.767279,-11.677492,-3.1565168,2.5900118,-0.8054266,-3.861266,7.409588,-9.93719,3.4800575,8.788709,5.3292985,8.070786,-3.4488976,10.016761,-38.14515,61.23377,-7.3371563,9.05466,4.997388,-5.328255,-11.436057,28.63173,68.15408,-16.176544,5.444522,-1.2415565
150,1.1832551956176758,-1.291330337524414,78.40882873535156,-0.5510620826316932,-0.9867818648858645,130.0519646506942,2.948795,2.4475605,-2.0846212,9.760619,-11.672082,-3.164847,2.5923152,-0.8068369,-3.865651,7.410522,-9.937213,3.4792,8.805368,5.315709,8.073639,-3.4437068,10.019402,-38.147682,61.21577,-7.3473783,9.049247,4.9897966,-5.310085,-11.431634,28.593485,68.14873,-16.206867,5.455468,-1.2093114
151,1.1894367933273315,-1.2924864292144775,78.40760803222656,-0.548791600049878,-0.9925987924600912,130.05461412857704,2.9533854,2.447531,-2.0846841,9.757356,-11.668128,-3.171405,2.5944846,-0.80783176,-3.8690736,7.412868,-9.938043,3.4769123,8.818041,5.303676,8.077453,-3.4380324,10.021358,-38.14404,61.19842,-7.359629,9.04061,4.9851265,-5.298402,-11.428715,28.576305,68.150345,-16.227066,5.4643364,-1.1851369
152,1.195356011390686,-1.292288899421692,78.40547943115234,-0.5472120594530504,-0.9996465700106654,130.05607201698416,2.9565284,2.4480891,-2.084205,9.759353,-11.665082,-3.173205,2.5968418,-0.8079444,-3.872706,7.415913,-9.93799,3.473384,8.832276,5.2933145,8.083687,-3.4332566,10.025663,-38.134804,61.181854,-7.367198,9.028576,4.9756856,-5.288698,-11.423475,28.556349,68.15306,-16.250195,5.4696674,-1.1670257
153,1.1998710632324219,-1.2939225435256958,78.40280151367188,-0.5463831435372517,-1.0092246186827547,130.0558132052696,2.9585996,2.4491658,-2.082709,9.769516,-11.66251,-3.1658204,2.599117,-0.80769026,-3.8776271,7.4247036,-9.939837,3.4681654,8.845267,5.2892,8.09013,-3.428193,10.026974,-38.127823,61.16983,-7.3814235,9.007401,4.96321,-5.283243,-11.422075,28.55348,68.162674,-16.256989,5.467239,-1.1582965
154,1.206007480621338,-1.296712040901184,78.40121459960938,-0.5466022249141612,-1.0208120361907478,130.05385965995626,2.9591694,2.4512482,-2.0799727,9.787534,-11.661402,-3.152161,2.602834,-0.80664206,-3.8833067,7.434051,-9.941202,3.461242,8.859156,5.2876153,8.09785,-3.4223611,10.028798,-38.114857,61.15907,-7.3941073,8.979587,4.947919,-5.2791142,-11.420554,28.554964,68.17486,-16.260199,5.459906,-1.1554075
155,1.2115706205368042,-1.2991563081741333,78.40288543701172,-0.5474345708497684,-1.031532648631433,130.05158009089703,2.9593387,2.4537785,-2.0773902,9.804278,-11.660483,-3.139854,2.6053863,-0.80484736,-3.8875556,7.4434586,-9.942275,3.453816,8.872087,5.2880883,8.10503,-3.4159825,10.0309105,-38.098972,61.149628,-7.403795,8.954299,4.932705,-5.2781544,-11.41928,28.560837,68.1885,-16.265057,5.4545712,-1.1579926
156,1.2138522863388062,-1.303370475769043,78.40559387207031,-0.5487502541528171,-1.03858534707924,130.04969023297298,2.9590657,2.4567237,-2.0758812,9.812353,-11.659353,-3.1366322,2.6050856,-0.80178964,-3.8876307,7.450144,-9.942419,3.4469695,8.881787,5.288862,8.109993,-3.410194,10.03269,-38.07951,61.141747,-7.4087706,8.94175,4.920295,-5.2798877,-11.418598,28.570946,68.1984,-16.27559,5.459151,-1.1650838
157,1.2190189361572266,-1.303305983543396,78.40770721435547,-0.5511715812118558,-1.0391507872137171,130.04878314605835,2.9588556,2.4603844,-2.0761173,9.8040285,-11.65694,-3.1482227,2.6000068,-0.7970329,-3.8813183,7.4520016,-9.941462,3.4407318,8.882731,5.291094,8.112354,-3.4017859,10.035439,-38.045105,61.13136,-7.4020386,8.948354,4.908414,-5.2882347,-11.418246,28.593733,68.20396,-16.298668,5.4826946,-1.1804801
158,1.2250025272369385,-1.3064450025558472,78.40973663330078,-0.5545156852491646,-1.0354844842548105,130.04841649847495,2.9579656,2.4643986,-2.0774524,9.786031,-11.654292,-3.1692197,2.5915515,-0.7909901,-3.8706305,7.4506636,-9.939465,3.434585,8.893201,5.2950788,8.109458,-3.399776,10.036773,-38.024364,61.12722,-7.3969493,8.96736,4.899633,-5.2938566,-11.418644,28.610243,68.20477,-16.331493,5.51801,-1.2031565
159,1.2277175188064575,-1.3123680353164673,78.40972900390625,-0.5578847133198886,-1.0323628978077268,130.04797905940862,2.9577124,2.4687843,-2.0792854,9.768178,-11.651692,-3.1908937,2.583892,-0.78449744,-3.8594515,7.449142,-9.936703,3.4289799,8.889152,5.2992396,8.109755,-3.39116,10.0387745,-37.985462,61.12025,-7.3836074,8.9895935,4.893542,-5.3065844,-11.420516,28.641127,68.20552,-16.35718,5.5519514,-1.2255535
160,1.231458067893982,-1.317221999168396,78.40978240966797,-0.5604983932013146,-1.034106272057715,130.04641069829023,2.9592252,2.4736254,-2.0804684,9.758905,-11.648674,-3.2044725,2.580758,-0.77813196,-3.8514996,7.449131,-9.932065,3.4242086,8.892916,5.3015895,8.113259,-3.3890393,10.039886,-37.96361,61.123203,-7.3782706,9.004688,4.8959627,-5.3099933,-11.422309,28.655933,68.2001,-16.36829,5.567855,-1.2391232
161,1.2376391887664795,-1.3189642429351807,78.40874481201172,-0.5630335835034156,-1.0442044985602348,130.04440186315765,2.9629197,2.4803448,-2.0829465,9.76599,-11.646699,-3.2074962,2.5857916,-0.77068645,-3.8493612,7.451913,-9.9244,3.4195905,8.889141,5.3029013,8.126645,-3.3843215,10.040821,-37.94177,61.130875,-7.373047,9.009641,4.9092836,-5.314209,-11.424152,28.6651,68.19229,-16.353642,5.559366,-1.2408339
162,1.244172215461731,-1.3183910846710205,78.40847778320312,-0.5655737686372624,-1.0593573654837338,130.04166211429302,2.9683673,2.4885228,-2.0859957,9.781938,-11.645144,-3.204661,2.594381,-0.7621391,-3.8501108,7.458479,-9.915602,3.4150896,8.880752,5.3033667,8.146848,-3.3792229,10.041685,-37.918175,61.142998,-7.365224,9.009529,4.929926,-5.317546,-11.425737,28.669691,68.17969,-16.322857,5.534509,-1.2345442
163,1.2518045902252197,-1.3194257020950317,78.40716552734375,-0.5663762885393723,-1.0744232904564137,130.03862177606243,2.9735286,2.494507,-2.0876892,9.798548,-11.642634,-3.1979644,2.6025853,-0.7560964,-3.8515494,7.465604,-9.907319,3.4126217,8.875351,5.3023763,8.163864,-3.3757045,10.042387,-37.904053,61.15732,-7.363825,9.009316,4.952948,-5.318413,-11.42692,28.668894,68.16932,-16.288996,5.506205,-1.2257967
164,1.259476900100708,-1.3214364051818848,78.4056625366211,-0.564026442758561,-1.0859263010896452,130.03752556010795,2.9767597,2.49471,-2.0879335,9.810721,-11.640357,-3.189404,2.6086457,-0.75578034,-3.8535047,7.47042,-9.902844,3.413921,8.871132,5.299441,8.177188,-3.3731341,10.042604,-37.897484,61.165524,-7.3631186,9.012026,4.971583,-5.3188343,-11.427325,28.667027,68.162,-16.266638,5.485832,-1.2181506
165,1.2649998664855957,-1.329908013343811,78.4043960571289,-0.556378301781811,-1.0941494778892078,130.03840168771828,2.9793072,2.485463,-2.084944,9.816844,-11.638296,-3.1770127,2.6143615,-0.76496226,-3.855903,7.470057,-9.902903,3.422665,8.8609495,5.2911277,8.194519,-3.370569,10.04302,-37.875095,61.161007,-7.352935,9.020707,4.9868293,-5.322477,-11.428581,28.662191,68.15616,-16.263727,5.470415,-1.2081896
166,1.2679493427276611,-1.3303889036178589,78.40455627441406,-0.544811822577883,-1.0981292472410304,130.03984665620334,2.9784296,2.4697871,-2.0791128,9.820467,-11.636171,-3.1606355,2.6171162,-0.78040135,-3.8586435,7.4670243,-9.905841,3.4366822,8.855407,5.281529,8.20057,-3.3675745,10.042974,-37.871727,61.155323,-7.3542604,9.030194,4.9994054,-5.32249,-11.428758,28.66039,68.157166,-16.263445,5.4626975,-1.2013009
167,1.2683539390563965,-1.3343108892440796,78.4073257446289,-0.532722834335793,-1.1013363047066145,130.0424892031723,2.9782214,2.452778,-2.0734854,9.820511,-11.633052,-3.1446233,2.6165848,-0.7975609,-3.8612983,7.4689975,-9.912168,3.4497712,8.847997,5.2709837,8.2063265,-3.3641415,10.042586,-37.866467,61.145092,-7.3540363,9.042734,5.010698,-5.323277,-11.429163,28.656097,68.15906,-16.266973,5.456839,-1.1925272
168,1.2687363624572754,-1.3400386571884155,78.41051483154297,-0.5255199075859183,-1.1047388735079215,130.04569922917253,2.9779642,2.442861,-2.0705132,9.819997,-11.629984,-3.1338882,2.6155357,-0.8077333,-3.86267,7.472393,-9.91699,3.4549477,8.84042,5.265782,8.211923,-3.3626392,10.042374,-37.8642,61.13307,-7.3510613,9.057023,5.0164165,-5.3257747,-11.429335,28.652796,68.15958,-16.268957,5.454498,-1.1822399
169,1.2720062732696533,-1.3406295776367188,78.41332244873047,-0.526027588648061,-1.1071522352600884,130.0500216396608,2.9742782,2.4439137,-2.0699418,9.823357,-11.629944,-3.1299856,2.61099,-0.8072599,-3.8610058,7.4789953,-9.919388,3.447532,8.835804,5.267862,8.213723,-3.3683484,10.042193,-37.86915,61.127964,-7.3482656,9.072117,5.0105023,-5.3293705,-11.42972,28.65229,68.159065,-16.261618,5.4607954,-1.1747562
170,1.2737023830413818,-1.3441523313522339,78.41752624511719,-0.5309262618481104,-1.1086268274257345,130.0553515750476,2.9686425,2.4509623,-2.0708532,9.827881,-11.631387,-3.1301985,2.6045709,-0.80101335,-3.857258,7.486317,-9.920177,3.4321418,8.830778,5.2741675,8.212764,-3.3770092,10.042272,-37.87846,61.124294,-7.3446565,9.0885,4.9967184,-5.3321276,-11.430032,28.655815,68.1567,-16.250517,5.4731426,-1.1682727
171,1.2777689695358276,-1.3498342037200928,78.41706848144531,-0.5375591151022983,-1.1108817966238544,130.05970287002694,2.962253,2.460349,-2.0735488,9.835805,-11.63468,-3.1334412,2.5983567,-0.7923502,-3.8539836,7.494723,-9.9204855,3.4156222,8.830166,5.281351,8.208996,-3.3888865,10.042591,-37.899124,61.123993,-7.351496,9.102254,4.985233,-5.331122,-11.430471,28.66201,68.152435,-16.230652,5.4857607,-1.161283
172,1.286208987236023,-1.3499977588653564,78.41323852539062,-0.5422403248086705,-1.1170110093432426,130.06141430555297,2.964107,2.4668484,-2.0781462,9.837718,-11.634787,-3.1382337,2.5987558,-0.7859205,-3.8536327,7.5004873,-9.919891,3.4049706,8.825441,5.285576,8.210162,-3.3923795,10.04301,-37.90768,61.119835,-7.3533487,9.105152,4.9819164,-5.3302917,-11.430726,28.662638,68.15033,-16.221195,5.4871492,-1.1485728
173,1.2925673723220825,-1.3479374647140503,78.409423828125,-0.5456218072452398,-1.1288730224552277,130.0574493556413,2.9729002,2.4715712,-2.0863585,9.841013,-11.634841,-3.1465857,2.6084688,-0.7804406,-3.8575118,7.501912,-9.916398,3.4022708,8.823723,5.286834,8.215512,-3.3910851,10.043339,-37.915665,61.1144,-7.364973,9.0942135,4.9960384,-5.323893,-11.430695,28.658995,68.14609,-16.210892,5.4735003,-1.125788
174,1.2943626642227173,-1.3478237390518188,78.40897369384766,-0.5482558363037878,-1.1431466192566833,130.0495962412469,2.9857347,2.4751968,-2.0974138,9.843238,-11.633718,-3.158272,2.6210935,-0.7754308,-3.8641605,7.503491,-9.911639,3.4038334,8.821241,5.286108,8.223546,-3.3866405,10.043521,-37.91855,61.107212,-7.377342,9.073857,5.018914,-5.316319,-11.430534,28.653881,68.14124,-16.203312,5.4505258,-1.0982805
175,1.2965283393859863,-1.35183846950531,78.408203125,-0.5504746205222316,-1.1623628294930046,130.04338178067255,3.0054667,2.4778879,-2.1089046,9.843216,-11.632515,-3.1695113,2.6438212,-0.77113175,-3.872045,7.4975467,-9.905134,3.407448,8.828861,5.2823696,8.234256,-3.3792818,10.045716,-37.93173,61.101562,-7.3910975,9.046572,5.0461807,-5.297239,-11.429294,28.621677,68.13068,-16.210674,5.4228034,-1.0655485
176,1.2972362041473389,-1.3565678596496582,78.40772247314453,-0.5502095181975235,-1.1779745021424943,130.04121509361875,3.0198727,2.4775128,-2.1153572,9.844986,-11.633553,-3.1760776,2.6593914,-0.7707324,-3.8763263,7.4978986,-9.904453,3.4112806,8.827068,5.2802353,8.243677,-3.3756607,10.046356,-37.933037,61.09819,-7.4028616,9.027592,5.0549893,-5.2867794,-11.428736,28.607294,68.125435,-16.21279,5.4088316,-1.04581
177,1.2982287406921387,-1.3599342107772827,78.40855407714844,-0.5471376869840803,-1.1908899824930794,130.0476230298633,3.0311148,2.4731064,-2.1163387,9.8459835,-11.6372795,-3.1770854,2.6707137,-0.7755282,-3.8773263,7.501277,-9.909854,3.4157646,8.820682,5.2771792,8.249842,-3.373441,10.047067,-37.931076,61.098763,-7.41368,9.015813,5.041948,-5.281595,-11.42814,28.59404,68.12731,-16.214907,5.410688,-1.0402153
178,1.302610993385315,-1.3618805408477783,78.4093246459961,-0.541197827664007,-1.2069397832303268,130.05973045335674,3.0477812,2.464898,-2.114063,9.841834,-11.640704,-3.1744719,2.6864047,-0.7847535,-3.8767798,7.5045233,-9.919582,3.4217603,8.830602,5.271356,8.2662,-3.3845599,10.051681,-37.928993,61.103718,-7.411285,9.00473,5.0051026,-5.267363,-11.424777,28.52849,68.11868,-16.25502,5.419587,-1.035603
179,1.3036572933197021,-1.369990348815918,78.410400390625,-0.5351930575934253,-1.2191418589903928,130.0720118994725,3.0583003,2.4562726,-2.1104183,9.842108,-11.645737,-3.169158,2.6976767,-0.79435223,-3.8754904,7.508016,-9.929223,3.4273655,8.823139,5.2672477,8.271668,-3.3829284,10.05376,-37.924297,61.106934,-7.420909,8.998077,4.977164,-5.263476,-11.423065,28.51199,68.123116,-16.26044,5.433919,-1.0410384
180,1.3048012256622314,-1.3732507228851318,78.41285705566406,-0.5300255918389278,-1.2311095371416374,130.07996051878774,3.068111,2.4483829,-2.1080325,9.843831,-11.648218,-3.161567,2.7070477,-0.802703,-3.8749957,7.5146747,-9.938097,3.4312234,8.818927,5.264749,8.278168,-3.3813403,10.054682,-37.918022,61.107063,-7.4215336,8.995239,4.958547,-5.2586436,-11.422209,28.495697,68.12271,-16.271109,5.4476333,-1.0441078
181,1.3037091493606567,-1.3776792287826538,78.41545867919922,-0.5265739901479473,-1.2391588205033937,130.08270693186833,3.0707545,2.4418125,-2.1076949,9.851204,-11.647176,-3.14899,2.7120383,-0.8088665,-3.8768334,7.521112,-9.943204,3.4316878,8.820201,5.2625155,8.2832,-3.3777227,10.055828,-37.911842,61.09957,-7.4124665,9.000626,4.9640937,-5.2558722,-11.420839,28.477474,68.12009,-16.275433,5.4599814,-1.0460024
182,1.3040261268615723,-1.3777014017105103,78.41706085205078,-0.523753175754702,-1.2444972020333953,130.08257954136207,3.0667071,2.4353793,-2.1080914,9.86671,-11.646323,-3.1320646,2.7127616,-0.81453466,-3.8797343,7.529572,-9.947095,3.430037,8.822631,5.2607946,8.284857,-3.3709645,10.05659,-37.909016,61.087814,-7.401173,9.011774,4.984708,-5.2559175,-11.419411,28.467312,68.118996,-16.27094,5.4741025,-1.050184
183,1.305835247039795,-1.3766547441482544,78.41596221923828,-0.5218841513912349,-1.2499429567941007,130.08016820235656,3.0639777,2.4303975,-2.108861,9.880255,-11.644932,-3.1167486,2.7135375,-0.818503,-3.8820975,7.5380635,-9.949897,3.4285994,8.826452,5.2602644,8.28456,-3.3628194,10.057196,-37.90734,61.076977,-7.392659,9.023847,5.0076694,-5.2554984,-11.417128,28.462473,68.118065,-16.264795,5.4853897,-1.0534532
184,1.3058743476867676,-1.3767902851104736,78.41435241699219,-0.5215348597046711,-1.257877463474156,130.07651433172276,3.0673227,2.428179,-2.110022,9.889394,-11.646683,-3.109055,2.7193055,-0.8198576,-3.8824751,7.5418415,-9.949828,3.4297416,8.832281,5.2601204,8.283961,-3.3571749,10.057319,-37.905613,61.07457,-7.3931007,9.031682,5.0205646,-5.2546177,-11.4158535,28.462732,68.118774,-16.260565,5.48912,-1.0533183
185,1.3064594268798828,-1.3790653944015503,78.41168975830078,-0.5232053997832246,-1.2700440592667417,130.06944423862765,3.0816274,2.430682,-2.112248,9.8886795,-11.651729,-3.1142063,2.7314372,-0.8165884,-3.8795605,7.5408607,-9.945698,3.435431,8.839321,5.2610354,8.282392,-3.350995,10.0574665,-37.897106,61.082592,-7.4056997,9.033201,5.018864,-5.250847,-11.412801,28.470434,68.12024,-16.263447,5.4801297,-1.0458302
186,1.3068578243255615,-1.3779326677322388,78.40921783447266,-0.526671748500095,-1.2847128060726312,130.05930540557316,3.1024344,2.4364836,-2.115276,9.882998,-11.659516,-3.1278236,2.747934,-0.8101165,-3.8745043,7.5359282,-9.938046,3.4440145,8.854605,5.262877,8.28176,-3.3491204,10.05746,-37.891224,61.0985,-7.4279594,9.031373,5.0094275,-5.2436814,-11.411932,28.476084,68.11932,-16.271362,5.4614644,-1.0324619
187,1.3067448139190674,-1.3798315525054932,78.4078369140625,-0.5301709110053645,-1.2995572276835685,130.05026587463536,3.1230602,2.4423282,-2.117589,9.87787,-11.668312,-3.1413147,2.7655768,-0.80366904,-3.8690023,7.5292645,-9.930123,3.452249,8.867624,5.265069,8.280971,-3.348538,10.057401,-37.884518,61.11568,-7.448943,9.028966,4.9961977,-5.236859,-11.411386,28.484116,68.11747,-16.279535,5.4433546,-1.0205096
188,1.3043148517608643,-1.3815163373947144,78.40852355957031,-0.53152044098996,-1.3124855432779485,130.04639130068293,3.1391249,2.4439485,-2.1175075,9.876416,-11.675557,-3.1459746,2.7787561,-0.8021402,-3.8651855,7.5298386,-9.929381,3.457135,8.8710575,5.2669373,8.279963,-3.3462145,10.057273,-37.87812,61.12648,-7.4577174,9.028904,4.983341,-5.233163,-11.411184,28.495684,68.11519,-16.281359,5.4358006,-1.0164714
189,1.302830457687378,-1.3887158632278442,78.41105651855469,-0.529827638395028,-1.3222870389321182,130.05134630524,3.1472952,2.4395027,-2.1138318,9.881498,-11.681892,-3.136577,2.78698,-0.80770427,-3.8637025,7.537027,-9.9376745,3.4569535,8.861568,5.2687745,8.278597,-3.3433025,10.057115,-37.875996,61.12799,-7.449972,9.033044,4.970459,-5.2366586,-11.411527,28.514158,68.11475,-16.273102,5.4465194,-1.0271037
190,1.299570083618164,-1.3927857875823975,78.4124526977539,-0.5264770489999623,-1.3304332169310689,130.06219557392382,3.1500914,2.4318058,-2.1079607,9.891794,-11.688674,-3.118783,2.7922318,-0.81721056,-3.8639069,7.5486135,-9.95188,3.4536119,8.850276,5.2709336,8.278135,-3.3439124,10.057131,-37.880997,61.125034,-7.4303474,9.040086,4.9555397,-5.2431154,-11.411996,28.524668,68.114075,-16.264536,5.467687,-1.0461237
191,1.299025058746338,-1.3964027166366577,78.41062927246094,-0.5226732901820311,-1.3379398447904483,130.07282284078795,3.1520667,2.4229155,-2.1013167,9.902541,-11.6939535,-3.1000383,2.796707,-0.82781863,-3.864087,7.560375,-9.966033,3.4494674,8.837109,5.27308,8.275148,-3.3419995,10.057199,-37.890186,61.11999,-7.413732,9.046026,4.9437943,-5.2493243,-11.413383,28.537918,68.11458,-16.251202,5.4881268,-1.0646236
192,1.2964779138565063,-1.3974474668502808,78.41056060791016,-0.5201705526680702,-1.3454631157676273,130.07728517199206,3.1557503,2.4158232,-2.0956857,9.911569,-11.696963,-3.0879455,2.801466,-0.8356645,-3.8630757,7.5695305,-9.975143,3.4468024,8.8273,5.274492,8.273558,-3.3411949,10.057205,-37.892483,61.117348,-7.405423,9.047465,4.936801,-5.252915,-11.413922,28.539196,68.11282,-16.24503,5.494434,-1.0694151
193,1.2922531366348267,-1.397531509399414,78.40902709960938,-0.5189434238597359,-1.354652074647672,130.07390782501645,3.165366,2.4100902,-2.0922801,9.913983,-11.693192,-3.08524,2.8060472,-0.8408191,-3.8618472,7.5801153,-9.979187,3.445963,8.819004,5.277471,8.269893,-3.3325615,10.057166,-37.892475,61.113464,-7.415916,9.0402975,4.9356394,-5.25504,-11.41448,28.534487,68.11499,-16.236273,5.4812355,-1.0558105
194,1.2911683320999146,-1.3973146677017212,78.40833282470703,-0.5182164502437353,-1.3633129718304253,130.0651001297964,3.1760383,2.4050457,-2.0892682,9.913883,-11.685021,-3.0877037,2.8107333,-0.84417415,-3.860056,7.5866303,-9.977275,3.4456067,8.812031,5.280283,8.265125,-3.319795,10.057107,-37.887257,61.107964,-7.433951,9.027346,4.9388285,-5.257639,-11.415371,28.515955,68.120346,-16.234175,5.4526315,-1.0272179
195,1.2887682914733887,-1.4011274576187134,78.40792846679688,-0.5183097507052007,-1.3730052518215268,130.05478244383212,3.187867,2.401009,-2.0869114,9.914557,-11.6786785,-3.0920775,2.817029,-0.84650564,-3.8573418,7.5922713,-9.974816,3.4464436,8.815451,5.283621,8.26606,-3.3146758,10.056932,-37.88163,61.102978,-7.44633,9.01636,4.944091,-5.2566805,-11.416943,28.477226,68.11975,-16.245848,5.4224067,-0.99622124
196,1.2830151319503784,-1.4034596681594849,78.40885162353516,-0.5182233264830625,-1.3840483429003374,130.04637313807086,3.2021177,2.3975253,-2.0846796,9.914224,-11.677281,-3.0949202,2.8260121,-0.8486857,-3.8528233,7.596922,-9.974723,3.4491613,8.814746,5.2864065,8.266209,-3.3107662,10.056678,-37.880207,61.099686,-7.4598503,9.013359,4.957031,-5.255402,-11.4173765,28.468088,68.11954,-16.24622,5.4069843,-0.9829817
197,1.2818716764450073,-1.404067039489746,78.41004180908203,-0.5176102501624148,-1.3995598750350193,130.03980940343646,3.2233322,2.3945882,-2.0829897,9.9115715,-11.683953,-3.0961275,2.8423333,-0.85138184,-3.8455095,7.5990667,-9.978216,3.4557269,8.82388,5.290156,8.273136,-3.3119097,10.055729,-37.883904,61.09297,-7.462263,9.023201,4.981839,-5.2521267,-11.418372,28.460636,68.1183,-16.260437,5.4076595,-0.9898627
198,1.2807549238204956,-1.407968282699585,78.40899658203125,-0.5172928509150378,-1.4171040133416635,130.03403558075635,3.2463076,2.3927193,-2.0824003,9.9112215,-11.697777,-3.097326,2.8619142,-0.8533623,-3.8363671,7.6002817,-9.983855,3.465116,8.833358,5.294576,8.283738,-3.3160431,10.055214,-37.887222,61.085144,-7.4621673,9.040921,5.0149693,-5.249019,-11.418595,28.46676,68.11646,-16.275772,5.4192266,-1.0105555
199,1.2775166034698486,-1.4086802005767822,78.40705108642578,-0.5172291716513842,-1.4342298221009495,130.02917016029926,3.2688167,2.391347,-2.080958,9.911028,-11.712443,-3.0974333,2.8819656,-0.85501504,-3.826606,7.6002355,-9.989351,3.4737742,8.840497,5.2987494,8.290739,-3.3192413,10.053697,-37.894417,61.07927,-7.4611063,9.061031,5.048829,-5.2456384,-11.419055,28.486654,68.115814,-16.281218,5.436215,-1.0360355
200,1.2701313495635986,-1.4117857217788696,78.404541015625,-0.5179892065705439,-1.4456841007735917,130.02626551708494,3.2831755,2.390459,-2.077921,9.912435,-11.722547,-3.0955043,2.8944514,-0.8561908,-3.818564,7.602263,-9.993835,3.478079,8.845013,5.302873,8.292353,-3.323531,10.052646,-37.898514,61.076683,-7.449268,9.076707,5.0671597,-5.245075,-11.419193,28.49873,68.11547,-16.280418,5.44944,-1.0501237
201,1.2650649547576904,-1.4128931760787964,78.40428161621094,-0.5200635648287906,-1.450020111109079,130.02706781170676,3.287054,2.39082,-2.0710459,9.916621,-11.72717,-3.0901809,2.8975768,-0.8561584,-3.812048,7.606854,-9.997051,3.4755125,8.845363,5.3065777,8.287296,-3.3276398,10.052022,-37.90238,61.07561,-7.4237714,9.090192,5.0692887,-5.2462645,-11.419226,28.506855,68.11232,-16.26184,5.4612384,-1.0534894
202,1.2616691589355469,-1.4145244359970093,78.4046630859375,-0.5233755934175416,-1.4490077421669938,130.02987675657326,3.282935,2.3926198,-2.0609741,9.923319,-11.728937,-3.082454,2.8941119,-0.8550347,-3.8056464,7.612071,-9.998822,3.4684763,8.845405,5.309842,8.271913,-3.3316975,10.050882,-37.912457,61.079052,-7.3869014,9.105518,5.0601616,-5.2464795,-11.419189,28.526962,68.10825,-16.216208,5.4772167,-1.0533042
203,1.260748267173767,-1.4170372486114502,78.4044418334961,-0.5262478113194878,-1.4481242215815204,130.03220714731506,3.2790344,2.393771,-2.0519643,9.930485,-11.730011,-3.074529,2.888874,-0.85442543,-3.8001933,7.621105,-10.002111,3.4609675,8.842872,5.312915,8.256626,-3.335629,10.049833,-37.921246,61.084442,-7.3551564,9.115456,5.046801,-5.2475276,-11.419011,28.542591,68.10519,-16.176136,5.4895744,-1.0490515
204,1.2612248659133911,-1.4189858436584473,78.40359497070312,-0.5274668646851097,-1.453604608937066,130.03000354516726,3.2830224,2.3919983,-2.046844,9.937556,-11.732521,-3.0688214,2.891333,-0.85579634,-3.795466,7.6293287,-10.005856,3.45693,8.839876,5.3144045,8.245755,-3.336766,10.048034,-37.92905,61.090603,-7.3426733,9.11854,5.0384564,-5.24664,-11.418405,28.556866,68.10418,-16.14745,5.4981127,-1.0468085
205,1.2608015537261963,-1.4192935228347778,78.4041748046875,-0.5256756935116944,-1.4693076921337918,130.02071642556425,3.3015895,2.3859096,-2.048913,9.941819,-11.73536,-3.066559,2.9047391,-0.8603459,-3.7925196,7.638938,-10.010819,3.4576406,8.83739,5.3143263,8.246908,-3.3376799,10.047278,-37.93091,61.095745,-7.3551126,9.1115675,5.034526,-5.2446604,-11.417824,28.558113,68.104126,-16.14366,5.5003414,-1.0444189
206,1.252680778503418,-1.419313669204712,78.40440368652344,-0.5223803629828023,-1.490818429396369,130.0069265827968,3.3274918,2.3768213,-2.0556743,9.946403,-11.738498,-3.0663078,2.9245074,-0.86690164,-3.7909718,7.649306,-10.016344,3.4608395,8.834486,5.3132224,8.253638,-3.3374853,10.046863,-37.93114,61.100723,-7.3856983,9.097167,5.0321383,-5.2415752,-11.417049,28.554678,68.105,-16.151516,5.4983354,-1.0414895
207,1.246761441230774,-1.4213224649429321,78.40470886230469,-0.5186929493110833,-1.5139991844847092,129.9924598169541,3.35608,2.3676798,-2.061541,9.950054,-11.743331,-3.0663393,2.946849,-0.87357193,-3.788417,7.658162,-10.022071,3.4654155,8.833476,5.310736,8.261696,-3.3372173,10.046666,-37.930897,61.10694,-7.418981,9.080788,5.0305405,-5.237026,-11.415941,28.546394,68.10483,-16.164421,5.4945207,-1.0392873
208,1.2405152320861816,-1.4224390983581543,78.40476989746094,-0.5161895811798438,-1.5332091808584745,129.98150623970218,3.3806646,2.3612607,-2.0609827,9.951771,-11.750602,-3.0649235,2.9660442,-0.8787342,-3.7825222,7.6644783,-10.028166,3.4702182,8.834584,5.3070064,8.267438,-3.3374593,10.04665,-37.929737,61.11313,-7.4398513,9.067837,5.0287004,-5.23238,-11.414338,28.537432,68.10099,-16.172398,5.4914536,-1.039319
209,1.2357850074768066,-1.423078179359436,78.40635681152344,-0.5151790689124309,-1.5471867503900834,129.9754487079896,3.4001606,2.3585072,-2.0497475,9.951761,-11.763676,-3.0608153,2.9807158,-0.8818858,-3.770344,7.6677647,-10.035303,3.4760513,8.839076,5.301632,8.268975,-3.3389456,10.046666,-37.92712,61.12108,-7.44359,9.058932,5.025945,-5.2275662,-11.413523,28.532698,68.0924,-16.17259,5.4893413,-1.0414947
210,1.2340894937515259,-1.4296079874038696,78.40393829345703,-0.5148105800326485,-1.5587051237472773,129.97211078007805,3.4178095,2.357658,-2.0317163,9.949486,-11.780444,-3.0551248,2.9927735,-0.88426745,-3.7538981,7.670737,-10.044458,3.4831967,8.845105,5.2941494,8.26846,-3.3396714,10.046707,-37.91896,61.129547,-7.4354777,9.051832,5.0225554,-5.2216845,-11.411845,28.528864,68.07993,-16.169443,5.4872384,-1.0454109
211,1.2317451238632202,-1.4294432401657104,78.40312957763672,-0.5150737208444265,-1.568843685793996,129.9697159025069,3.433644,2.3580215,-2.013211,9.947366,-11.796909,-3.0499444,3.0038545,-0.88576084,-3.7380164,7.6720243,-10.052534,3.489553,8.846405,5.286303,8.268374,-3.3388917,10.046725,-37.907288,61.137047,-7.423523,9.046474,5.019639,-5.2170105,-11.410035,28.528744,68.06574,-16.163433,5.4858117,-1.0518967
212,1.2298362255096436,-1.4300318956375122,78.40177917480469,-0.5163362148703701,-1.579153618759319,129.96687114901533,3.447682,2.3590484,-2.0008106,9.947875,-11.808868,-3.0473893,3.0158355,-0.8859246,-3.7278006,7.6730223,-10.059502,3.4928782,8.841584,5.2803783,8.268968,-3.3361645,10.04679,-37.90101,61.14279,-7.4181585,9.043228,5.0194783,-5.2159886,-11.409044,28.527473,68.055885,-16.156237,5.4844027,-1.0620087
213,1.2276115417480469,-1.429573655128479,78.40007781982422,-0.5184185845317001,-1.5907047766186189,129.963530654187,3.4619498,2.360561,-1.9969796,9.948949,-11.813555,-3.0492256,3.0276852,-0.88487905,-3.7258956,7.67683,-10.066233,3.4917555,8.829004,5.275508,8.272531,-3.3308344,10.047018,-37.89563,61.146214,-7.414485,9.044496,5.021288,-5.2153964,-11.407674,28.522224,68.04431,-16.15118,5.4854684,-1.0746008
214,1.2273147106170654,-1.4279215335845947,78.3971176147461,-0.5211383092375348,-1.6017416636491109,129.9603624168973,3.47381,2.3629599,-1.9980106,9.95217,-11.814373,-3.0539932,3.0394843,-0.8825415,-3.7289941,7.680031,-10.072202,3.4875345,8.811503,5.271349,8.276534,-3.32478,10.047273,-37.892895,61.149082,-7.4125376,9.049244,5.024193,-5.2161555,-11.406368,28.513823,68.03298,-16.146769,5.4873238,-1.0887649
215,1.2245550155639648,-1.4283884763717651,78.39620971679688,-0.5242773474847428,-1.6134969749249393,129.95666348700198,3.486479,2.365741,-2.0005295,9.95492,-11.812853,-3.058586,3.0522156,-0.8796829,-3.7332993,7.682352,-10.075929,3.482697,8.795429,5.267614,8.284331,-3.3197737,10.047965,-37.894547,61.149117,-7.411075,9.053895,5.029037,-5.2136497,-11.404304,28.494751,68.01823,-16.148378,5.488115,-1.1079774
216,1.2237316370010376,-1.4321873188018799,78.39561462402344,-0.5274291203460106,-1.6208176281905535,129.95125590026726,3.493575,2.3686345,-2.0005317,9.959644,-11.812144,-3.0599928,3.0585368,-0.8769473,-3.7344005,7.6849103,-10.075307,3.479649,8.7774315,5.2622824,8.286435,-3.3163896,10.04872,-37.899273,61.152943,-7.4183297,9.054009,5.034347,-5.2164073,-11.402705,28.48459,68.014206,-16.137278,5.4833817,-1.1328725
217,1.2226548194885254,-1.4322826862335205,78.39801025390625,-0.5315086353394366,-1.6259842624988732,129.94333975116015,3.496984,2.3730087,-1.9982189,9.967674,-11.812357,-3.0570867,3.0612502,-0.87286943,-3.7320788,7.6873193,-10.068353,3.4777684,8.768794,5.257287,8.287488,-3.319212,10.050184,-37.923138,61.15943,-7.443817,9.045973,5.04837,-5.2182794,-11.40045,28.461645,68.01878,-16.136591,5.46442,-1.1489849
218,1.2221482992172241,-1.4327337741851807,78.3983383178711,-0.5362269281266234,-1.627635309522816,129.93364851902575,3.495383,2.3782885,-1.995182,9.97848,-11.812177,-3.051574,3.0588398,-0.86806864,-3.7282073,7.6894846,-10.055775,3.4762528,8.769817,5.2502656,8.282335,-3.3286984,10.052958,-37.970154,61.17229,-7.4863386,9.0338545,5.0680733,-5.216246,-11.397228,28.427732,68.02743,-16.138288,5.4373727,-1.157484
219,1.2209779024124146,-1.435666561126709,78.40005493164062,-0.5396028772888567,-1.6281017378457336,129.92345281329355,3.493065,2.3818445,-1.9898673,9.987762,-11.812185,-3.044718,3.05342,-0.86500454,-3.7218916,7.694352,-10.044889,3.4769626,8.790681,5.2403884,8.274804,-3.3452156,10.058898,-38.0434,61.18582,-7.535894,9.021558,5.085087,-5.2042875,-11.391595,28.376272,68.03435,-16.126257,5.413467,-1.1986003
220,1.2184557914733887,-1.4416139125823975,78.40185546875,-0.5402947648456011,-1.6291855344863204,129.91487156373313,3.4939377,2.3814313,-1.9814849,9.99142,-11.812875,-3.0377598,3.051222,-0.86573225,-3.712655,7.6948004,-10.037438,3.481794,8.780264,5.232231,8.274752,-3.3472316,10.061087,-38.06275,61.186306,-7.5516896,9.012268,5.082777,-5.2081285,-11.38992,28.36689,68.0458,-16.071575,5.407582,-1.3068187
221,1.2135261297225952,-1.445770025253296,78.40460205078125,-0.5357477807685623,-1.6293130939267606,129.90684333669918,3.4973533,2.3738317,-1.9649922,9.988131,-11.815322,-3.0284438,3.048681,-0.87338126,-3.6962514,7.694398,-10.038022,3.4939423,8.791066,5.2209983,8.274617,-3.3554225,10.064436,-38.098583,61.181526,-7.556055,9.008241,5.057558,-5.2056155,-11.387138,28.361023,68.06137,-15.948072,5.4172883,-1.509824
222,1.2078678607940674,-1.4495677947998047,78.4048843383789,-0.5275641873966065,-1.6285538294651543,129.90078451655583,3.5013475,2.3608341,-1.9441411,9.980114,-11.81829,-3.0169458,3.0466654,-0.8861965,-3.6759086,7.6913724,-10.042771,3.5115995,8.798575,5.2068734,8.277593,-3.3610108,10.06741,-38.120766,61.16955,-7.5370603,9.007271,5.013024,-5.20521,-11.384617,28.365047,68.0771,-15.784947,5.4399557,-1.7728435
223,1.2053560018539429,-1.448689579963684,78.40447235107422,-0.5201343335336642,-1.6294728490666153,129.89339715467452,3.508651,2.3487737,-1.9234326,9.97007,-11.822034,-3.0083745,3.046364,-0.8979331,-3.6549523,7.6886096,-10.048299,3.5286818,8.80748,5.1948843,8.280329,-3.3657188,10.070641,-38.14279,61.1571,-7.5244546,9.006752,4.970944,-5.2028937,-11.381669,28.373154,68.09358,-15.612079,5.4722857,-2.084095
224,1.2038185596466064,-1.4526575803756714,78.40194702148438,-0.5186215532173466,-1.6348927017413952,129.88443852789408,3.519586,2.344433,-1.9098898,9.963771,-11.827606,-3.0079756,3.051635,-0.90173787,-3.6396065,7.6858373,-10.0504875,3.5390038,8.808683,5.190327,8.284829,-3.3630867,10.07312,-38.1515,61.14469,-7.5218983,9.003574,4.94849,-5.201816,-11.379289,28.371178,68.10739,-15.484465,5.512518,-2.4154682
225,1.2036484479904175,-1.4516849517822266,78.3994140625,-0.5264549966259358,-1.6482592290488265,129.87199671584665,3.5404475,2.3523054,-1.9067925,9.956734,-11.833852,-3.0221822,3.0657306,-0.8930308,-3.631633,7.684116,-10.047693,3.5391982,8.811652,5.197744,8.294611,-3.3573232,10.078593,-38.15755,61.130646,-7.5406027,8.99706,4.952419,-5.1937513,-11.372976,28.345676,68.11135,-15.421204,5.5715055,-2.7882779
226,1.2012488842010498,-1.4554684162139893,78.39370727539062,-0.5403598846719581,-1.6668288814028447,129.85750220898595,3.56654,2.368059,-1.9106585,9.951788,-11.842562,-3.046563,3.0854487,-0.87620187,-3.628383,7.6836543,-10.042605,3.5330286,8.819044,5.21219,8.310515,-3.3521867,10.085621,-38.15591,61.115616,-7.565117,8.988223,4.970126,-5.1837544,-11.363424,28.28961,68.10981,-15.408498,5.645265,-3.199208
227,1.1972339153289795,-1.4582241773605347,78.39156341552734,-0.5544403694697865,-1.6859078716414255,129.84259002242055,3.5926971,2.3840873,-1.9150293,9.948334,-11.850804,-3.0698614,3.105525,-0.8590884,-3.626043,7.6838803,-10.037744,3.5255008,8.815953,5.2290397,8.323917,-3.3407736,10.08862,-38.14479,61.103424,-7.5960665,8.979864,4.997706,-5.1780577,-11.358925,28.245598,68.111664,-15.395766,5.714865,-3.6172206
228,1.1946147680282593,-1.4605270624160767,78.39143371582031,-0.5629427337375231,-1.7017580365006826,129.8290422726665,3.613499,2.3932228,-1.9138503,9.947876,-11.8569,-3.0809414,3.1207173,-0.8493351,-3.6212325,7.6857133,-10.036268,3.5214508,8.828031,5.233742,8.342521,-3.3408697,10.094678,-38.131718,61.094364,-7.6092453,8.978171,5.020067,-5.1735873,-11.349689,28.157804,68.11285,-15.395563,5.7569895,-4.00164
229,1.190220594406128,-1.4628442525863647,78.39459228515625,-0.5635012942572776,-1.7120502804815498,129.8174832863717,3.6248622,2.3921783,-1.9056206,9.954489,-11.861222,-3.0733426,3.1272817,-0.8502106,-3.6133595,7.691919,-10.040627,3.5221548,8.824929,5.229084,8.351791,-3.3301277,10.097629,-38.111217,61.08791,-7.627767,8.981369,5.049253,-5.176987,-11.345698,28.096659,68.12468,-15.353458,5.768564,-4.3691416
230,1.1893285512924194,-1.4657920598983765,78.39633178710938,-0.5593110810822256,-1.7194695341884911,129.80711813228078,3.630556,2.385243,-1.8936745,9.966119,-11.864297,-3.0541804,3.1292758,-0.8571826,-3.6042893,7.7004385,-10.048245,3.5250432,8.812389,5.217475,8.352494,-3.313402,10.098713,-38.09004,61.088627,-7.6568227,8.986948,5.0873904,-5.18347,-11.344659,28.054478,68.142365,-15.285995,5.7612042,-4.730025
231,1.1868330240249634,-1.4717172384262085,78.39767456054688,-0.5532175429469827,-1.7260775494643228,129.79711025286105,3.6355805,2.3759737,-1.8788888,9.976727,-11.865655,-3.0325181,3.1296353,-0.8668896,-3.593749,7.709614,-10.056769,3.529288,8.824273,5.20141,8.3775015,-3.3172655,10.103896,-38.044804,61.080036,-7.6381755,9.000154,5.1080985,-5.1954093,-11.3411455,27.923424,68.15126,-15.279913,5.7322474,-5.0434537
232,1.184149980545044,-1.476273775100708,78.39630889892578,-0.548423097810112,-1.7308671053705298,129.78741142068702,3.640755,2.3682854,-1.8628354,9.981257,-11.864777,-3.0173328,3.1289685,-0.87511873,-3.5822136,7.716404,-10.063153,3.5341444,8.816073,5.187708,8.379631,-3.3010266,10.105407,-38.021336,61.076027,-7.6393657,9.013466,5.130469,-5.207291,-11.34158,27.873466,68.173836,-15.233667,5.6991835,-5.294218
233,1.182718276977539,-1.4791847467422485,78.3948745727539,-0.5444177619595328,-1.7338821851597699,129.77740663337164,3.6466284,2.3614016,-1.8428586,9.979002,-11.861409,-3.01072,3.1265242,-0.8829989,-3.5682728,7.721098,-10.067986,3.540555,8.811079,5.1744227,8.384668,-3.2860696,10.107293,-37.99103,61.066902,-7.606585,9.035099,5.133858,-5.224904,-11.344572,27.811197,68.20065,-15.218123,5.6497245,-5.447091
234,1.1805802583694458,-1.4838980436325073,78.39371490478516,-0.539616953976869,-1.7350281967663668,129.7674503555853,3.6534586,2.3535488,-1.8189869,9.968983,-11.8539505,-3.0078554,3.122596,-0.8920803,-3.5520282,7.7230783,-10.07142,3.5485814,8.811473,5.16094,8.393362,-3.2736933,10.109964,-37.96138,61.052223,-7.552268,9.06374,5.124981,-5.2414904,-11.354765,27.738195,68.221985,-15.222439,5.583769,-5.524116
235,1.1772654056549072,-1.488702416419983,78.39462280273438,-0.5365945446578877,-1.736177571903989,129.75815377023486,3.6598167,2.347906,-1.7971362,9.959556,-11.847731,-3.007822,3.119037,-0.899053,-3.5365794,7.7246804,-10.072863,3.556058,8.805529,5.1486297,8.393986,-3.255237,10.111191,-37.93991,61.041416,-7.5084,9.088194,5.1157093,-5.257782,-11.365138,27.700027,68.24719,-15.206537,5.517607,-5.5685644
236,1.174090027809143,-1.4918296337127686,78.3967056274414,-0.5370462170297449,-1.7398571483377758,129.7499557421342,3.6667976,2.3471591,-1.7828848,9.954794,-11.846101,-3.0095267,3.1187603,-0.9007351,-3.5247462,7.727007,-10.071015,3.5607512,8.801014,5.138541,8.395179,-3.2430668,10.111817,-37.927372,61.039486,-7.4858637,9.098917,5.107755,-5.271694,-11.373226,27.684002,68.26697,-15.168476,5.462618,-5.613138
237,1.1709461212158203,-1.4933964014053345,78.39804077148438,-0.5436018323519557,-1.74950053867126,129.74525601683612,3.6770222,2.3540874,-1.7819691,9.956427,-11.851276,-3.01404,3.1264296,-0.8940504,-3.5200324,7.7284336,-10.062161,3.5612617,8.799001,5.13483,8.404813,-3.2413085,10.112908,-37.921574,61.045883,-7.4894967,9.088927,5.0997396,-5.2820764,-11.387315,27.69012,68.272156,-15.099225,5.419521,-5.663382
238,1.1724891662597656,-1.4935543537139893,78.39637756347656,-0.5544393202125322,-1.7629022015974907,129.7429990297045,3.6893606,2.3666012,-1.7899832,9.961663,-11.860815,-3.0215096,3.1395526,-0.8816159,-3.520068,7.7289443,-10.048138,3.5590103,8.794804,5.135063,8.416975,-3.243876,10.114424,-37.925346,61.057495,-7.5163145,9.06477,5.091675,-5.288946,-11.403536,27.727522,68.26711,-14.999597,5.3833623,-5.70316
239,1.1696066856384277,-1.4960591793060303,78.39639282226562,-0.5653154715021574,-1.7743728994998211,129.7386082971204,3.700759,2.3796961,-1.7970498,9.96575,-11.87004,-3.029313,3.1509519,-0.8682312,-3.5184665,7.7282715,-10.033285,3.5562015,8.79323,5.13478,8.425162,-3.2460275,10.115981,-37.931957,61.070534,-7.5453873,9.038144,5.0826645,-5.2940764,-11.41858,27.773182,68.26123,-14.901536,5.354685,-5.726974
240,1.1687484979629517,-1.4998586177825928,78.39622497558594,-0.5724476710588168,-1.7777280209044777,129.72796536993403,3.7058675,2.3885221,-1.7938404,9.9674225,-11.875639,-3.0349064,3.1518939,-0.859081,-3.5094342,7.7285447,-10.022974,3.5551362,8.785646,5.136333,8.426089,-3.2322118,10.118926,-37.92997,61.06458,-7.564253,9.020116,5.0725083,-5.287524,-11.443953,27.830065,68.23756,-14.8163,5.3355355,-5.726124
241,1.1607285737991333,-1.498589038848877,78.39481353759766,-0.5732067452109288,-1.7692789424456654,129.7061401620192,3.7053292,2.3906426,-1.7735409,9.958856,-11.87274,-3.0374928,3.1403315,-0.8562689,-3.4875314,7.7250915,-10.017043,3.5573916,8.795955,5.1312466,8.416233,-3.2186284,10.121437,-37.927906,61.05338,-7.557497,9.014539,5.053906,-5.274993,-11.463391,27.854015,68.21116,-14.785305,5.3288608,-5.6996665
242,1.15447199344635,-1.5004470348358154,78.39508056640625,-0.5703555377059427,-1.752689849971168,129.67651795995005,3.6997557,2.3888485,-1.7427526,9.946547,-11.866476,-3.0384614,3.1181817,-0.8570141,-3.457003,7.723057,-10.015345,3.5614076,8.818564,5.1232185,8.397019,-3.205879,10.123305,-37.929382,61.04146,-7.539469,9.014065,5.0287232,-5.2615533,-11.478661,27.863098,68.18806,-14.784139,5.3303776,-5.650763
243,1.1538922786712646,-1.5017180442810059,78.39558410644531,-0.5670499902940713,-1.7349721254580712,129.64717729127472,3.6927104,2.3868484,-1.7108395,9.93349,-11.858356,-3.0386693,3.0956643,-0.8580365,-3.4266264,7.7187886,-10.013648,3.564686,8.841416,5.1142583,8.378178,-3.1944928,10.12466,-37.932186,61.02805,-7.5194874,9.017495,5.0083632,-5.24533,-11.488733,27.865591,68.16347,-14.790137,5.3340635,-5.5811205
244,1.1558812856674194,-1.5043443441390991,78.39689636230469,-0.5663196573071599,-1.7231167451388372,129.6260639264273,3.687654,2.3871794,-1.6873622,9.926094,-11.852958,-3.0387669,3.0795057,-0.8571463,-3.4049366,7.716585,-10.012083,3.5647357,8.854787,5.109644,8.370277,-3.1863778,10.125696,-37.9345,61.013317,-7.5070424,9.020953,4.9995484,-5.231113,-11.495522,27.8654,68.14434,-14.781167,5.325982,-5.492571
245,1.1601605415344238,-1.5080879926681519,78.39555358886719,-0.5686530290602774,-1.7165101710588935,129.61370014115812,3.6823878,2.3910058,-1.6722722,9.925662,-11.849502,-3.0372524,3.0660944,-0.85363483,-3.3926482,7.72129,-10.01161,3.5586822,8.860009,5.1048317,8.366125,-3.1783993,10.127299,-37.939285,60.998116,-7.500448,9.028309,5.007997,-5.204582,-11.502302,27.859875,68.11343,-14.751587,5.3094296,-5.3660684
246,1.1620584726333618,-1.5079258680343628,78.39514923095703,-0.5730631688437551,-1.7149669143664195,129.60884507594872,3.6785562,2.396629,-1.6639067,9.929977,-11.8471365,-3.0342429,3.0585918,-0.8485826,-3.3883963,7.727066,-10.011745,3.548605,8.851952,5.108963,8.3758135,-3.1754956,10.127701,-37.94053,60.97983,-7.4997845,9.034856,5.024787,-5.189831,-11.503403,27.85655,68.09957,-14.711096,5.2847576,-5.23362
247,1.1634889841079712,-1.5066733360290527,78.39485168457031,-0.5782172243532868,-1.7144629072117918,129.60605666767125,3.6741173,2.4033568,-1.658328,9.936554,-11.846608,-3.0332196,3.0534847,-0.84253985,-3.3860853,7.7302685,-10.009879,3.5392885,8.844099,5.1061707,8.383237,-3.1724994,10.128703,-37.942684,60.965473,-7.5014434,9.045505,5.0514464,-5.1684003,-11.505023,27.846659,68.07684,-14.665072,5.252095,-5.055636
248,1.1601589918136597,-1.507969617843628,78.39563751220703,-0.5822954830906903,-1.7132936889570238,129.60140284653005,3.6722379,2.4088988,-1.6531394,9.937295,-11.845708,-3.0373755,3.0487468,-0.83739537,-3.3814373,7.731439,-10.006761,3.5357287,8.84229,5.1069593,8.392122,-3.1725576,10.130189,-37.944946,60.955112,-7.507997,9.050308,5.0694957,-5.1435423,-11.506149,27.835333,68.05644,-14.623982,5.211974,-4.88264
249,1.1599167585372925,-1.5094493627548218,78.39768981933594,-0.5846497031007974,-1.711785978815683,129.59390062184892,3.6749809,2.4128857,-1.6491573,9.92882,-11.844128,-3.0504773,3.0483916,-0.8332291,-3.373535,7.723207,-9.998625,3.541761,8.845837,5.114626,8.404312,-3.1716518,10.130679,-37.944767,60.943527,-7.522536,9.049051,5.0808716,-5.117737,-11.505859,27.829409,68.04099,-14.579141,5.158961,-4.7161617
250,1.1608388423919678,-1.511613368988037,78.39872741699219,-0.5861791698586623,-1.7114505643298157,129.58403947920073,3.6835067,2.4166393,-1.6453657,9.912452,-11.841706,-3.0699072,3.0511048,-0.82912123,-3.3627307,7.7113447,-9.988137,3.5538027,8.8557625,5.1102877,8.410458,-3.1753137,10.131607,-37.942715,60.948753,-7.543224,9.047657,5.095396,-5.074087,-11.504564,27.81626,68.011444,-14.530605,5.086077,-4.5018835
251,1.1616982221603394,-1.5114666223526,78.39881134033203,-0.5875191759134265,-1.7097698474851406,129.5750144729394,3.6903155,2.419994,-1.642274,9.895109,-11.838803,-3.089107,3.0529814,-0.82531273,-3.352575,7.697819,-9.976575,3.5659394,8.867305,5.1106954,8.419057,-3.1802647,10.132401,-37.940468,60.95253,-7.5606775,9.043163,5.102288,-5.032374,-11.502338,27.804592,67.984245,-14.491227,5.0206475,-4.298783
252,1.1593542098999023,-1.5160685777664185,78.3973388671875,-0.5894142310538246,-1.7051760196900554,129.56762265737825,3.6907248,2.4236631,-1.6376977,9.882632,-11.83626,-3.1017234,3.048338,-0.8214134,-3.3436785,7.6900735,-9.967871,3.5719993,8.886106,5.105382,8.424803,-3.1914256,10.135423,-37.94383,60.962154,-7.565659,9.0386505,5.0994124,-4.9883432,-11.491251,27.78187,67.951904,-14.478638,4.9765697,-4.0978813
253,1.1610075235366821,-1.5163495540618896,78.3961410522461,-0.5932081599236855,-1.6946199468962964,129.56253931305795,3.6800463,2.4285953,-1.6305386,9.876499,-11.833916,-3.105824,3.034143,-0.8163619,-3.3365006,7.6869564,-9.960988,3.5684094,8.896385,5.105506,8.425642,-3.196502,10.1365595,-37.947186,60.96662,-7.5569158,9.0320635,5.0849004,-4.959844,-11.484378,27.78378,67.927605,-14.482282,4.9614,-3.89244
254,1.1599351167678833,-1.5209243297576904,78.39385223388672,-0.5979026102649222,-1.6808471122547899,129.55904021372072,3.6624932,2.4342616,-1.6220225,9.875361,-11.832816,-3.1049125,3.0143719,-0.81073713,-3.3303568,7.686211,-9.954561,3.5591662,8.905848,5.108679,8.426575,-3.1982715,10.13743,-37.950336,60.96423,-7.5353117,9.024985,5.061211,-4.9368253,-11.477132,27.792929,67.90407,-14.503679,4.9641495,-3.683579
255,1.1625252962112427,-1.5228396654129028,78.39278411865234,-0.6020549355561068,-1.6664198825243197,129.5558337213801,3.6423595,2.439223,-1.6136148,9.877587,-11.83208,-3.1007023,2.9921198,-0.80584663,-3.3248303,7.6896043,-9.951093,3.5491607,8.910941,5.104938,8.419882,-3.2007537,10.138231,-37.951904,60.974045,-7.516628,9.017345,5.036117,-4.9125347,-11.46655,27.810232,67.87879,-14.526883,4.9780335,-3.4836638
256,1.1658437252044678,-1.5261784791946411,78.39273834228516,-0.6041306843071873,-1.6596055596913306,129.5519879102367,3.632615,2.4421468,-1.6071986,9.877802,-11.830369,-3.0947468,2.9803393,-0.80298674,-3.3201573,7.6898737,-9.948222,3.543497,8.915826,5.111901,8.428823,-3.1995242,10.138267,-37.952133,60.964832,-7.510304,9.013532,5.018134,-4.8968673,-11.463952,27.815216,67.86239,-14.541168,4.9798265,-3.3328865
257,1.1691051721572876,-1.5298529863357544,78.39291381835938,-0.6039074564208349,-1.6596075891807165,129.54542393292212,3.6278634,2.4433146,-1.6024419,9.886571,-11.832636,-3.0853856,2.9762619,-0.8019925,-3.3153954,7.691065,-9.948926,3.5432286,8.912098,5.1040144,8.430927,-3.1949847,10.139114,-37.94532,60.96441,-7.5241404,9.01976,5.010247,-4.8759613,-11.445259,27.823402,67.838554,-14.549725,4.9829974,-3.1869593
258,1.1727317571640015,-1.5282878875732422,78.395751953125,-0.601646542574368,-1.6647851765015875,129.53939695006918,3.6276708,2.4423904,-1.600643,9.898519,-11.835533,-3.0722258,2.9786074,-0.8029633,-3.3129835,7.691976,-9.952178,3.5459719,8.90294,5.0968723,8.437563,-3.1903038,10.139059,-37.93041,60.96516,-7.546368,9.02842,5.006226,-4.8733253,-11.419308,27.824768,67.84133,-14.557936,4.9792967,-3.0778365
259,1.17427659034729,-1.5309467315673828,78.39667510986328,-0.5986904744384556,-1.6725201479906628,129.53226768755567,3.6316738,2.4404519,-1.598029,9.908914,-11.837737,-3.059865,2.9842813,-0.80492955,-3.309162,7.6923594,-9.954933,3.5506234,8.89784,5.0947156,8.450854,-3.1845725,10.138814,-37.92199,60.956272,-7.574364,9.037054,5.0047526,-4.864502,-11.406146,27.817226,67.83064,-14.559775,4.9761186,-2.998468
260,1.1731581687927246,-1.5345889329910278,78.39849090576172,-0.5957216038805586,-1.678479519060698,129.524571616743,3.6355772,2.4374864,-1.5928508,9.915706,-11.838511,-3.052824,2.9872239,-0.80750215,-3.3023565,7.694264,-9.955436,3.5561244,8.891867,5.088464,8.461964,-3.178376,10.138724,-37.912506,60.95296,-7.593529,9.038209,5.0021048,-4.8631167,-11.389285,27.802715,67.829895,-14.558497,4.978152,-2.9591663
261,1.1699118614196777,-1.5367587804794312,78.39994812011719,-0.5925368391506936,-1.6822477882694502,129.5158059982755,3.6433585,2.432815,-1.5835466,9.909557,-11.832843,-3.0536487,2.9885206,-0.81144375,-3.2901864,7.6938944,-9.949672,3.5640547,8.88338,5.0811377,8.471052,-3.1685913,10.138849,-37.903065,60.953197,-7.6048646,9.025903,4.9953594,-4.8720665,-11.37815,27.783768,67.84133,-14.5415535,4.983172,-2.9721282
262,1.1670966148376465,-1.5425288677215576,78.40000915527344,-0.5885128814325469,-1.6857476235014863,129.5059324309061,3.6531017,2.4262,-1.5714468,9.899177,-11.82512,-3.0594914,2.988395,-0.8167828,-3.2742662,7.6960998,-9.942508,3.574288,8.873436,5.0719337,8.480476,-3.1564484,10.1393795,-37.891666,60.954777,-7.609969,9.005515,4.9866185,-4.8892655,-11.368546,27.75673,67.86182,-14.51625,4.9904814,-3.0293863
263,1.1665841341018677,-1.5413569211959839,78.40045928955078,-0.5852300594875506,-1.6881491335989507,129.49635989855474,3.6622632,2.4202511,-1.5592926,9.887151,-11.816611,-3.066707,2.9874854,-0.82159954,-3.2586715,7.697272,-9.934229,3.5835187,8.861661,5.0632315,8.487334,-3.1439085,10.13996,-37.8833,60.957836,-7.615621,8.984763,4.9801297,-4.9057865,-11.364187,27.734562,67.88018,-14.490818,5.0023103,-3.1056192
264,1.1652731895446777,-1.5426478385925293,78.3991928100586,-0.5837352456817172,-1.6890988467769146,129.48823290677285,3.6675181,2.417102,-1.5492882,9.87929,-11.810653,-3.0716486,2.9854076,-0.8241618,-3.24701,7.6983237,-9.928502,3.5882921,8.852799,5.0566916,8.493396,-3.133172,10.140821,-37.874184,60.95775,-7.6136994,8.972668,4.9764895,-4.923515,-11.3607025,27.709015,67.897934,-14.490017,5.017378,-3.172186
265,1.1657956838607788,-1.5454939603805542,78.39739227294922,-0.5853701321607507,-1.6870240857682473,129.483402650629,3.665525,2.4181876,-1.543332,9.877388,-11.807439,-3.0726473,2.979601,-0.8233086,-3.241735,7.7004395,-9.926644,3.5861022,8.842839,5.051577,8.492374,-3.1246498,10.141297,-37.869625,60.95864,-7.6088405,8.972345,4.9799824,-4.937002,-11.359773,27.696383,67.90928,-14.513791,5.041157,-3.2274806
266,1.166335940361023,-1.5448981523513794,78.39631652832031,-0.5889752959587369,-1.6826649740676152,129.48052019729892,3.6600573,2.4219897,-1.539637,9.876476,-11.804728,-3.0718675,2.9723442,-0.8201359,-3.240243,7.7006955,-9.925706,3.579228,8.833267,5.048093,8.488586,-3.1162753,10.142085,-37.863678,60.957016,-7.5952654,8.979322,4.9872346,-4.954834,-11.35943,27.681759,67.92337,-14.560577,5.0707927,-3.2831244
267,1.1655750274658203,-1.548234462738037,78.39716339111328,-0.5930408804639188,-1.6786267799238224,129.47689417858186,3.6543255,2.4265351,-1.5357479,9.877558,-11.803946,-3.0714345,2.9645114,-0.81647456,-3.2395215,7.703373,-9.926698,3.5717444,8.825382,5.0468116,8.487358,-3.1079845,10.14361,-37.855804,60.951122,-7.580314,8.988924,4.9946637,-4.975388,-11.360233,27.662754,67.93915,-14.615014,5.099235,-3.3380454
268,1.1634960174560547,-1.5513498783111572,78.40057373046875,-0.5957289954458994,-1.6772623514851313,129.47017027133663,3.6539252,2.4301968,-1.529402,9.875862,-11.803403,-3.073567,2.9609604,-0.81342936,-3.2367675,7.703432,-9.925838,3.5675802,8.819313,5.0441794,8.486434,-3.1019006,10.145284,-37.850426,60.95196,-7.5800605,8.994272,5.001535,-4.989008,-11.362307,27.649704,67.95133,-14.646992,5.122106,-3.3957512
269,1.16255784034729,-1.5535633563995361,78.40177154541016,-0.5967602034003661,-1.6805840317509977,129.45894675289367,3.662537,2.4324436,-1.5200318,9.8702755,-11.803941,-3.08176,2.9628031,-0.81151676,-3.2322114,7.702527,-9.92327,3.5684397,8.815797,5.0395575,8.485957,-3.0965838,10.146076,-37.8465,60.96024,-7.6005597,8.995578,5.0077176,-4.9968314,-11.363774,27.642519,67.964066,-14.649471,5.1363354,-3.4568458
270,1.1589303016662598,-1.5580345392227173,78.40318298339844,-0.5965532602662368,-1.6886596444940638,129.44357241178787,3.6814427,2.4343255,-1.5074062,9.857195,-11.80323,-3.093854,2.9706237,-0.8100373,-3.2258854,7.7007885,-9.920395,3.5719793,8.816505,5.041003,8.496314,-3.0899913,10.148542,-37.837456,60.95919,-7.629613,8.994713,5.0114207,-5.0089984,-11.368402,27.625732,67.98128,-14.646676,5.1435375,-3.5266051
271,1.1613879203796387,-1.5582019090652466,78.40324401855469,-0.5957088219031542,-1.6949536488764883,129.42802282992469,3.696941,2.4352522,-1.4942205,9.847074,-11.803707,-3.1034784,2.9763868,-0.80902255,-3.2182035,7.698422,-9.916621,3.5762577,8.816889,5.038594,8.501094,-3.084566,10.150662,-37.831936,60.96568,-7.6606297,8.992262,5.016277,-5.014335,-11.372573,27.61534,67.994026,-14.633796,5.149603,-3.590632
272,1.1616414785385132,-1.558225154876709,78.4040756225586,-0.5944441855084,-1.6961544406681204,129.41396980102166,3.7042522,2.4349213,-1.4807113,9.841011,-11.803987,-3.1042137,2.975158,-0.80916446,-3.2077885,7.6983895,-9.913613,3.5793836,8.816195,5.0349436,8.504791,-3.0775664,10.154674,-37.82755,60.967125,-7.6770315,8.98928,5.0211115,-5.016054,-11.380063,27.602633,67.998474,-14.627437,5.157197,-3.6423297
273,1.1589165925979614,-1.5610792636871338,78.40033721923828,-0.5924470049957307,-1.6905384749301824,129.40220591679466,3.6986775,2.4323463,-1.4661045,9.84434,-11.805939,-3.0901954,2.9660265,-0.8111389,-3.1923628,7.697125,-9.908849,3.5816042,8.811703,5.025437,8.500212,-3.0722685,10.15561,-37.827663,60.975624,-7.671446,8.987103,5.0279737,-5.018967,-11.381776,27.60085,68.00513,-14.626067,5.168168,-3.6825194
274,1.1537734270095825,-1.5629202127456665,78.39839935302734,-0.5893814290382614,-1.679721952494337,129.38987856169615,3.6851523,2.4279194,-1.4487133,9.851558,-11.808062,-3.0662014,2.948487,-0.81462795,-3.1715286,7.6997495,-9.905241,3.5836117,8.808289,5.014637,8.492723,-3.065424,10.157065,-37.82954,60.982513,-7.6495185,8.983461,5.035562,-5.022529,-11.384213,27.600183,68.01138,-14.62869,5.1807346,-3.719837
275,1.1558977365493774,-1.5615416765213013,78.398681640625,-0.5865095250738047,-1.664609238087791,129.3788023933032,3.6648316,2.4235673,-1.4327306,9.862358,-11.810848,-3.0419173,2.924638,-0.81798714,-3.1513734,7.7058063,-9.902889,3.5843592,8.803855,5.005369,8.480668,-3.051272,10.160539,-37.83279,60.982994,-7.6299534,8.975979,5.0441556,-5.0199666,-11.388976,27.597109,68.01207,-14.626333,5.1929035,-3.7468479
276,1.1555231809616089,-1.5596216917037964,78.40055084228516,-0.5852696360970785,-1.6525732049562873,129.37191416112063,3.650461,2.4216585,-1.4235344,9.866728,-11.810376,-3.0270565,2.908158,-0.8191681,-3.139477,7.7078605,-9.900259,3.5827596,8.792569,4.9975,8.471122,-3.0340998,10.164252,-37.830177,60.984104,-7.6324673,8.963802,5.0526824,-5.0102267,-11.393015,27.582767,68.00654,-14.615541,5.2005773,-3.7561347
277,1.1560627222061157,-1.5578023195266724,78.4021224975586,-0.5864772748723925,-1.642484292633727,129.37153464021512,3.6395066,2.4234045,-1.4251056,9.8666525,-11.8069935,-3.0257885,2.8983252,-0.81691664,-3.1396677,7.7061076,-9.897294,3.576326,8.778068,4.993234,8.466528,-3.0146463,10.172106,-37.819263,60.980225,-7.660482,8.941205,5.0608835,-4.9905024,-11.398339,27.538082,67.988914,-14.603656,5.2038317,-3.7427497
278,1.1564857959747314,-1.5551033020019531,78.40631103515625,-0.5895858202788704,-1.6330232989359779,129.37534139912492,3.6302726,2.4275386,-1.4333193,9.863907,-11.801788,-3.0324192,2.8909872,-0.8123873,-3.147054,7.704563,-9.895472,3.5663326,8.760578,4.990013,8.464372,-2.9945376,10.17751,-37.803562,60.975693,-7.7037544,8.913164,5.0711455,-4.9596415,-11.399773,27.47818,67.95819,-14.591458,5.2070937,-3.7133863
279,1.1557683944702148,-1.5515632629394531,78.4054183959961,-0.5923625801062182,-1.6239910505577215,129.3787999308979,3.6230152,2.4317586,-1.4413857,9.8579,-11.795386,-3.04178,2.885201,-0.808068,-3.155275,7.701473,-9.893557,3.55739,8.745094,4.986561,8.462164,-2.975071,10.183302,-37.78579,60.976585,-7.7516093,8.884376,5.076786,-4.927967,-11.399264,27.404459,67.93158,-14.575623,5.203717,-3.6736772
280,1.153303623199463,-1.5534415245056152,78.40416717529297,-0.5928733399885228,-1.6155280268248389,129.37699154407213,3.6184828,2.433739,-1.4417038,9.850138,-11.790545,-3.0485957,2.8803797,-0.8062072,-3.1572459,7.6941934,-9.889249,3.5540752,8.748875,4.9793487,8.46416,-2.9605322,10.195057,-37.775337,60.97832,-7.78822,8.864262,5.0704813,-4.890536,-11.394613,27.2977,67.90461,-14.56874,5.1897073,-3.6280456
281,1.1516504287719727,-1.5519241094589233,78.40404510498047,-0.5894740662310264,-1.606555572203128,129.36723244592608,3.6176672,2.4316435,-1.430228,9.836585,-11.786412,-3.0519328,2.8738966,-0.80899,-3.1502864,7.6847186,-9.884107,3.560398,8.748271,4.9707093,8.459012,-2.9340336,10.2040825,-37.75826,60.98556,-7.8136983,8.854385,5.0541005,-4.8564415,-11.387888,27.21671,67.892975,-14.533626,5.1655393,-3.583827
282,1.146684169769287,-1.5514737367630005,78.40608215332031,-0.5835267643464613,-1.5973491242724933,129.35255712446448,3.6194494,2.4271414,-1.4115468,9.819851,-11.783434,-3.0543742,2.865821,-0.8148548,-3.1382744,7.674511,-9.87845,3.5730922,8.740537,4.9629197,8.449587,-2.8980143,10.208483,-37.73017,60.997547,-7.8327374,8.850483,5.0303173,-4.8243175,-11.381722,27.155218,67.89064,-14.475448,5.1334043,-3.5362735
283,1.1482826471328735,-1.549878716468811,78.40785217285156,-0.578154126538259,-1.589410268445836,129.33673949466393,3.6215205,2.423296,-1.3916509,9.805652,-11.781689,-3.056183,2.8598258,-0.8198146,-3.124851,7.6627374,-9.871791,3.5855405,8.728498,4.9557176,8.440772,-2.8605065,10.212084,-37.70106,61.01328,-7.8607335,8.847888,5.004664,-4.7951794,-11.373211,27.095633,67.8941,-14.413962,5.0972557,-3.4848428
284,1.1486457586288452,-1.551767110824585,78.40882873535156,-0.5748501266962834,-1.5848889057321345,129.32224688721504,3.626608,2.4218738,-1.3747792,9.792699,-11.778448,-3.0574138,2.8551996,-0.8220053,-3.1118512,7.656843,-9.866614,3.5914657,8.716673,4.9482265,8.439325,-2.8285882,10.216071,-37.67135,61.028896,-7.893284,8.844717,4.9781036,-4.766558,-11.360984,27.01335,67.89529,-14.387758,5.0604463,-3.4255607
285,1.148632287979126,-1.5507930517196655,78.40978240966797,-0.576199088611956,-1.583681901272003,129.31048003945702,3.6310189,2.4259138,-1.3638415,9.787887,-11.776012,-3.0599,2.8521643,-0.8178726,-3.100858,7.657452,-9.862893,3.5862017,8.711252,4.9387875,8.440584,-2.8079002,10.2234125,-37.666046,61.05436,-7.9631577,8.837264,4.957383,-4.7423587,-11.336274,26.903942,67.90763,-14.394495,5.019637,-3.3589573
286,1.149507761001587,-1.5492956638336182,78.40859985351562,-0.5806139372958478,-1.5846498673451133,129.3002097920704,3.6346836,2.433461,-1.3563529,9.788696,-11.774201,-3.06294,2.850811,-0.8099161,-3.0907445,7.6600423,-9.858638,3.574208,8.675677,4.9378858,8.438746,-2.7684593,10.2261915,-37.65355,61.07473,-8.063332,8.826392,4.9438043,-4.7178154,-11.326042,26.842903,67.91612,-14.384146,4.979257,-3.2883787
287,1.1497219800949097,-1.548059105873108,78.40904235839844,-0.5847232406121301,-1.5876860914580082,129.29007167687897,3.6397884,2.4404101,-1.3487821,9.792019,-11.773139,-3.06311,2.8511717,-0.80240196,-3.0800428,7.6645246,-9.854978,3.5624335,8.640746,4.9368134,8.440056,-2.7349195,10.229289,-37.645107,61.09681,-8.165066,8.816517,4.9300356,-4.695115,-11.315003,26.77545,67.92434,-14.379746,4.941362,-3.2174134
288,1.1457538604736328,-1.5500050783157349,78.40945434570312,-0.5857539751018989,-1.592261510853962,129.27900083096466,3.6473222,2.4429114,-1.3378628,9.795365,-11.77264,-3.0570886,2.8535168,-0.79961526,-3.0673542,7.6691027,-9.852263,3.5577002,8.651563,4.923968,8.443903,-2.731121,10.239088,-37.676323,61.128872,-8.25046,8.812238,4.913931,-4.670534,-11.283321,26.639946,67.940125,-14.400408,4.90889,-3.1532068
289,1.1417341232299805,-1.5493320226669312,78.41059875488281,-0.5820352015046224,-1.5995008745546118,129.2680213274895,3.6566846,2.438826,-1.3230678,9.802906,-11.774261,-3.0396655,2.8598268,-0.8038064,-3.053361,7.672855,-9.849842,3.56424,8.6292715,4.9156556,8.444644,-2.711691,10.24374,-37.695568,61.151337,-8.327883,8.811997,4.901858,-4.6537657,-11.269177,26.582445,67.95249,-14.363934,4.8929663,-3.098951
290,1.1351211071014404,-1.5465099811553955,78.41332244873047,-0.5752322917450458,-1.6092459460015196,129.257185142586,3.6672282,2.4302843,-1.3057845,9.815297,-11.778046,-3.0141513,2.869568,-0.8125832,-3.0383391,7.6769395,-9.848073,3.577426,8.640491,4.8958716,8.443144,-2.7132359,10.257294,-37.76502,61.18322,-8.410865,8.816813,4.892053,-4.6361313,-11.233791,26.484825,67.975975,-14.333371,4.883736,-3.050629
291,1.1310151815414429,-1.5463255643844604,78.41511535644531,-0.5686034955790823,-1.6170207522589017,129.24547831483602,3.6758232,2.4212906,-1.2880327,9.827185,-11.782284,-2.989588,2.878117,-0.82164204,-3.0223544,7.6778483,-9.844914,3.5916479,8.601381,4.889681,8.448311,-2.697228,10.258101,-37.768375,61.19893,-8.465669,8.819765,4.882583,-4.6299577,-11.231766,26.473442,67.984665,-14.264917,4.8832555,-3.0174725
292,1.128641963005066,-1.546886682510376,78.41726684570312,-0.5633769695165056,-1.6234113619334234,129.23250609416735,3.6881385,2.414018,-1.2719243,9.82752,-11.783452,-2.9749143,2.8824482,-0.8289725,-3.0055914,7.682798,-9.845672,3.6014314,8.615054,4.876359,8.436676,-2.689927,10.268517,-37.81587,61.2183,-8.527682,8.81864,4.8802366,-4.610334,-11.209804,26.381018,68.00461,-14.22254,4.883314,-2.9927347
293,1.1240947246551514,-1.5487031936645508,78.41685485839844,-0.5616230422142515,-1.6208804756743511,129.21717509386434,3.6939454,2.4106493,-1.2582599,9.8183565,-11.782651,-2.9756932,2.8771708,-0.83178353,-2.9869754,7.6827083,-9.845026,3.6046453,8.625495,4.8637567,8.4187765,-2.6802409,10.281088,-37.831112,61.227158,-8.567903,8.8104315,4.883376,-4.6007624,-11.186308,26.30626,68.0323,-14.165123,4.887549,-3.0019069
294,1.1208748817443848,-1.5578601360321045,78.41573333740234,-0.561485019011305,-1.6134326075311052,129.200105978355,3.697284,2.4089658,-1.2458227,9.801574,-11.780151,-2.9859576,2.8650296,-0.8326768,-2.9668021,7.6824393,-9.8452015,3.6045938,8.623736,4.856903,8.395819,-2.6625528,10.289052,-37.81297,61.226837,-8.588968,8.796811,4.8900566,-4.5957923,-11.173221,26.25742,68.05869,-14.088079,4.897833,-3.031037
295,1.1142510175704956,-1.5589311122894287,78.41356658935547,-0.5620977784409491,-1.6071081091640322,129.18275415178095,3.7025464,2.407994,-1.2337307,9.783692,-11.778184,-2.9981515,2.8544753,-0.83280414,-2.9471889,7.6818295,-9.845966,3.6029398,8.6198845,4.853849,8.37148,-2.6424577,10.293282,-37.78617,61.2237,-8.603414,8.782267,4.9019666,-4.5902696,-11.167055,26.218018,68.08273,-14.014986,4.9098716,-3.0694227
296,1.1096887588500977,-1.555687665939331,78.41383361816406,-0.5628103633459637,-1.6080333801495237,129.16669691806493,3.7126865,2.4068973,-1.2213551,9.774194,-11.780358,-3.0048497,2.8524878,-0.83325016,-2.93073,7.6837378,-9.848582,3.6013138,8.613466,4.8529596,8.353517,-2.6217942,10.297118,-37.75689,61.219337,-8.616774,8.7713785,4.9181037,-4.5830684,-11.161964,26.17967,68.10142,-13.967689,4.9198446,-3.104999
297,1.1027969121932983,-1.5544092655181885,78.41343688964844,-0.5635478453342309,-1.620647626588981,129.1520638756812,3.733126,2.4058218,-1.2083539,9.773407,-11.786988,-3.0035203,2.8619454,-0.83410496,-2.9187782,7.693807,-9.8559885,3.5979905,8.602492,4.854975,8.344181,-2.5990655,10.299512,-37.728508,61.212727,-8.633086,8.765162,4.9405775,-4.5758314,-11.159097,26.144844,68.11759,-13.956574,4.928387,-3.1375227
298,1.099521517753601,-1.5567070245742798,78.41210174560547,-0.5650066898860132,-1.640785351634975,129.1382443204735,3.7595446,2.4053166,-1.1953185,9.779241,-11.797288,-2.9984002,2.880825,-0.83409196,-2.9100318,7.7050114,-9.864721,3.592705,8.591776,4.8590956,8.346686,-2.5750883,10.303596,-37.680676,61.196503,-8.63193,8.762579,4.963933,-4.5692277,-11.154794,26.089432,68.12738,-13.987535,4.935603,-3.1682506
299,1.0937087535858154,-1.5570197105407715,78.41036224365234,-0.5654821050170435,-1.661962791089909,129.12504590375826,3.7869704,2.4037173,-1.1820014,9.785553,-11.808066,-2.991774,2.9008822,-0.8355837,-2.9016354,7.7169924,-9.874408,3.5896323,8.581335,4.8611655,8.351354,-2.5537035,10.309057,-37.631813,61.180817,-8.6257925,8.762061,4.988831,-4.565427,-11.150149,26.037336,68.13698,-14.0295925,4.9401164,-3.1993709
300,1.0886659622192383,-1.5571266412734985,78.4090347290039,-0.5645412209761683,-1.6773175746576572,129.1127801621393,3.8092265,2.4002175,-1.1686121,9.788117,-11.817019,-2.9859042,2.9160202,-0.8390977,-2.8909907,7.723839,-9.881416,3.5928116,8.574692,4.8620133,8.343431,-2.5372932,10.310246,-37.61289,61.17895,-8.6341715,8.761766,5.020162,-4.557705,-11.149322,26.020441,68.146935,-14.040967,4.9421687,-3.2336738
301,1.0830036401748657,-1.5555403232574463,78.40995025634766,-0.5601278606733728,-1.684452385156361,129.10167563128508,3.8254943,2.3925672,-1.1539509,9.781046,-11.821461,-2.9815342,2.925011,-0.8473535,-2.8764017,7.7222037,-9.8852,3.6068661,8.569028,4.8585124,8.335638,-2.5151289,10.312799,-37.574806,61.16611,-8.604023,8.766908,5.048909,-4.5498395,-11.148668,25.995909,68.149475,-14.0694,4.9366784,-3.2641919
302,1.0753602981567383,-1.5565571784973145,78.4129638671875,-0.5537014762977778,-1.6860376193438542,129.0922602596298,3.8365786,2.3824787,-1.1390241,9.770455,-11.824534,-2.9774354,2.9302607,-0.8584781,-2.860263,7.714337,-9.886401,3.6283808,8.568635,4.8513002,8.322393,-2.5042803,10.31376,-37.556263,61.164845,-8.5773,8.773666,5.0818543,-4.5444903,-11.149039,25.989893,68.1529,-14.0856085,4.9267097,-3.295683
303,1.069879412651062,-1.5590362548828125,78.41441345214844,-0.5474659620832051,-1.6882380879284076,129.08201066214698,3.847208,2.372615,-1.1243551,9.762878,-11.828502,-2.972822,2.935136,-0.86907256,-2.8434355,7.7085357,-9.888291,3.6495526,8.56906,4.8446083,8.310465,-2.4914813,10.314731,-37.534313,61.16303,-8.547015,8.780753,5.112652,-4.5361924,-11.150298,25.988132,68.15168,-14.100248,4.9155354,-3.3259068
304,1.0643150806427002,-1.5620182752609253,78.41586303710938,-0.5430013519119137,-1.6968109259374455,129.06921242386056,3.8641725,2.3650992,-1.1105654,9.758696,-11.832032,-2.9668825,2.9443026,-0.8765241,-2.8273306,7.7094893,-9.892061,3.6626298,8.547311,4.841338,8.311264,-2.464773,10.31754,-37.47452,61.149227,-8.509426,8.785448,5.132037,-4.532873,-11.1574,26.009943,68.14376,-14.106001,4.907507,-3.3522394
305,1.0584566593170166,-1.5637742280960083,78.41642761230469,-0.5415032465900136,-1.7176895915482908,129.0525110234767,3.890654,2.361544,-1.0992291,9.767518,-11.839589,-2.9586518,2.9625182,-0.87852746,-2.8125927,7.721643,-9.899661,3.6635091,8.549624,4.8421717,8.317141,-2.44881,10.317928,-37.455128,61.151493,-8.511234,8.785899,5.1530995,-4.5178337,-11.160291,26.01895,68.1328,-14.09275,4.904566,-3.3824449
306,1.0505189895629883,-1.5636348724365234,78.41327667236328,-0.5419496751833012,-1.7462710511986799,129.0326689612417,3.9240396,2.360525,-1.0889641,9.783244,-11.849003,-2.9487674,2.9869974,-0.8770416,-2.7980504,7.7393746,-9.908791,3.656992,8.541935,4.846772,8.332625,-2.426691,10.317294,-37.41718,61.15251,-8.516762,8.784189,5.168319,-4.502505,-11.168955,26.047007,68.11437,-14.065724,4.904655,-3.4124599
307,1.0484163761138916,-1.5649609565734863,78.40948486328125,-0.5429476034775454,-1.768992873982179,129.01442293860154,3.949835,2.3601224,-1.0804038,9.798686,-11.856361,-2.939064,3.0042717,-0.87488824,-2.7855544,7.7581367,-9.917028,3.6485858,8.553647,4.849875,8.342809,-2.4201012,10.317056,-37.412926,61.162518,-8.535372,8.780992,5.1795106,-4.492867,-11.169744,26.049772,68.109314,-14.0445385,4.901644,-3.4342651
308,1.0438247919082642,-1.5614495277404785,78.40788269042969,-0.5445999130371596,-1.7852788972546745,128.99701977384254,3.9702125,2.3609061,-1.0687515,9.807623,-11.861983,-2.9316776,3.0161948,-0.87263465,-2.7713962,7.770146,-9.920725,3.6435864,8.554473,4.852188,8.345823,-2.4080355,10.315222,-37.40138,61.17051,-8.543698,8.773351,5.1842194,-4.4657764,-11.174537,26.07255,68.08962,-14.020194,4.8964844,-3.4523938
309,1.0421861410140991,-1.5681829452514648,78.40730285644531,-0.5462813776008137,-1.7775134470384022,128.98485519306882,3.9646058,2.3613844,-1.0567757,9.805902,-11.8603,-2.925631,3.0050766,-0.87206805,-2.7593617,7.769983,-9.915175,3.6439292,8.554489,4.8535686,8.332867,-2.40693,10.313514,-37.403374,61.175808,-8.543193,8.763119,5.175126,-4.457119,-11.178701,26.087456,68.08994,-14.009333,4.881839,-3.4513533
310,1.0378971099853516,-1.5710543394088745,78.40812683105469,-0.5485879181891169,-1.7552999457640577,128.97523935165958,3.9421315,2.3625658,-1.044118,9.800839,-11.856073,-2.9203944,2.979162,-0.8715968,-2.748282,7.7645636,-9.904782,3.6465383,8.548294,4.854496,8.30185,-2.405041,10.310335,-37.418976,61.184216,-8.547914,8.747821,5.1596365,-4.441087,-11.186104,26.124483,68.08754,-13.984106,4.864349,-3.4429677
311,1.035568356513977,-1.5712333917617798,78.40908813476562,-0.5514805067434431,-1.7321244212207498,128.9678847974006,3.9179428,2.364354,-1.0325555,9.795811,-11.852493,-2.91811,2.9530578,-0.8708607,-2.7385821,7.7577214,-9.893836,3.6496534,8.543981,4.857331,8.273096,-2.4083889,10.305814,-37.44201,61.19147,-8.551819,8.732101,5.141571,-4.427941,-11.196247,26.15313,68.09032,-13.966948,4.845142,-3.4260867
312,1.034501314163208,-1.57149338722229,78.4112548828125,-0.5543821605516678,-1.7203280024156762,128.96256111232603,3.909249,2.366633,-1.0239412,9.787218,-11.84922,-2.9208794,2.9397788,-0.86966294,-2.7310975,7.7537746,-9.886597,3.6514788,8.539467,4.8591123,8.260659,-2.4137502,10.304139,-37.456493,61.19384,-8.549113,8.718728,5.126135,-4.416493,-11.199746,26.165215,68.09452,-13.962754,4.829432,-3.404693
313,1.0325348377227783,-1.5728473663330078,78.41348266601562,-0.5581325339782963,-1.7262429697700221,128.96107179019543,3.9201622,2.3704336,-1.0205717,9.781869,-11.851006,-2.9334652,2.946996,-0.8670366,-2.7270658,7.7539887,-9.884839,3.650422,8.53051,4.8641977,8.264697,-2.4171822,10.302917,-37.47336,61.19219,-8.554677,8.705981,5.1193104,-4.4026766,-11.202065,26.176588,68.102486,-13.962042,4.8174744,-3.3784041
314,1.0299856662750244,-1.5753252506256104,78.4159927368164,-0.562520938260838,-1.7398597991700955,128.96285579843712,3.9403508,2.3755028,-1.0207841,9.776483,-11.854893,-2.9533498,2.9617243,-0.86352056,-2.7257223,7.7595444,-9.887324,3.6478283,8.516492,4.8711085,8.280632,-2.4204683,10.302145,-37.484074,61.18348,-8.556968,8.694341,5.1145816,-4.39087,-11.203218,26.182837,68.11297,-13.969565,4.807995,-3.3469377
315,1.0242708921432495,-1.5727959871292114,78.415771484375,-0.5659715518837037,-1.7592149063071747,128.9643110082789,3.9696212,2.3795679,-1.0207516,9.766367,-11.85725,-2.9716513,2.9854193,-0.8608041,-2.724825,7.760347,-9.888874,3.6463037,8.504748,4.876871,8.296503,-2.4248679,10.301146,-37.50974,61.18244,-8.570597,8.682239,5.114365,-4.3716936,-11.204428,26.193148,68.1224,-13.969334,4.8011627,-3.3130274
316,1.0230107307434082,-1.5735424757003784,78.4151611328125,-0.5674354132244327,-1.7679282696136405,128.96217013784656,3.983934,2.3807514,-1.0173446,9.762019,-11.860285,-2.9796216,2.9963517,-0.8601607,-2.7227037,7.7600737,-9.88938,3.6483834,8.497271,4.8783016,8.304498,-2.4283342,10.30064,-37.526016,61.180576,-8.568441,8.677168,5.111754,-4.35789,-11.204726,26.196033,68.13332,-13.96545,4.799903,-3.286796
317,1.0227175951004028,-1.5754776000976562,78.41341400146484,-0.565443079140329,-1.764942263037767,128.95403278733468,3.982302,2.3770816,-1.00813,9.763042,-11.863195,-2.9697387,2.9939332,-0.8632807,-2.718069,7.7556,-9.887123,3.6563947,8.501083,4.8742886,8.298937,-2.4308832,10.300017,-37.545155,61.183167,-8.554799,8.680018,5.1061597,-4.340885,-11.204106,26.190266,68.14151,-13.9508505,4.8072233,-3.269061
318,1.0209375619888306,-1.5767958164215088,78.41143035888672,-0.5611463245741731,-1.7564448431192996,128.942067221464,3.9728723,2.370315,-0.9954567,9.767913,-11.866799,-2.9484296,2.9857485,-0.86877656,-2.7123504,7.7473397,-9.882948,3.6683962,8.501235,4.867585,8.293257,-2.4307182,10.299935,-37.548042,61.18329,-8.529482,8.687837,5.0993605,-4.331887,-11.203665,26.185299,68.152794,-13.93235,4.819323,-3.2574496
319,1.0176825523376465,-1.5787549018859863,78.40846252441406,-0.5567296637672161,-1.7430927157795624,128.92956216803975,3.9581244,2.3633053,-0.9823468,9.771914,-11.86895,-2.927733,2.9706538,-0.874547,-2.706265,7.741761,-9.880023,3.6806936,8.517142,4.857078,8.2783,-2.4368706,10.299786,-37.560772,61.190582,-8.493005,8.700185,5.089492,-4.3130717,-11.200359,26.158354,68.15685,-13.91878,4.8342857,-3.2431486
320,1.0167022943496704,-1.5777363777160645,78.40592956542969,-0.5552724607974623,-1.7341836249235973,128.9219259710271,3.9499972,2.3602836,-0.9741551,9.7709055,-11.86919,-2.9198854,2.962809,-0.8774249,-2.703115,7.734166,-9.877068,3.68954,8.51964,4.8507,8.271386,-2.4453468,10.300213,-37.575916,61.196777,-8.470376,8.708576,5.0875964,-4.308537,-11.197024,26.14445,68.16999,-13.906755,4.8411274,-3.2286534
321,1.0158272981643677,-1.5761594772338867,78.40373229980469,-0.5575076233217281,-1.729745076817231,128.91975249750882,3.9511395,2.3625023,-0.9711061,9.759629,-11.865609,-2.9320533,2.9615939,-0.8767631,-2.7028723,7.726279,-9.876087,3.6938374,8.511135,4.848045,8.269083,-2.4586918,10.300808,-37.59462,61.205036,-8.460607,8.714544,5.0929546,-4.3115683,-11.195653,26.140999,68.18779,-13.896418,4.838015,-3.2081637
322,1.0116955041885376,-1.576566457748413,78.40521240234375,-0.5617229103596637,-1.7270410585929403,128.92111334387212,3.9571402,2.3674295,-0.9714593,9.741426,-11.859271,-2.9563901,2.964141,-0.87444013,-2.704585,7.716867,-9.876021,3.6956935,8.530278,4.8451695,8.258818,-2.489631,10.305811,-37.685368,61.22642,-8.493752,8.719058,5.113261,-4.303999,-11.188588,26.118116,68.20786,-13.879301,4.8284254,-3.1879482
323,1.008119821548462,-1.5809506177902222,78.40943145751953,-0.56727927740777,-1.7244425742247993,128.92393980486744,3.9622915,2.3740523,-0.97389024,9.723714,-11.852127,-2.9826002,2.966216,-0.8704912,-2.707375,7.708889,-9.875047,3.6958578,8.517829,4.845331,8.2589445,-2.5080912,10.307802,-37.716133,61.237335,-8.495473,8.722052,5.1272173,-4.314449,-11.187395,26.121296,68.22831,-13.870536,4.8180375,-3.1680439
324,1.0058072805404663,-1.5836130380630493,78.4136734008789,-0.5722529097400239,-1.7197414878327912,128.9256313338159,3.9617205,2.3796418,-0.9766299,9.712868,-11.846633,-3.000161,2.9633822,-0.86640966,-2.7095876,7.704388,-9.871177,3.695189,8.511936,4.843393,8.2567,-2.5235698,10.309558,-37.742752,61.24913,-8.488676,8.721732,5.1401043,-4.323155,-11.186837,26.12692,68.244804,-13.869087,4.8110604,-3.1589794
325,1.0099709033966064,-1.584557056427002,78.4152603149414,-0.5775740509001618,-1.7132452288074649,128.92562832232193,3.955235,2.3854291,-0.98068535,9.709659,-11.841801,-3.0070384,2.95643,-0.8602479,-2.710962,7.7024407,-9.860522,3.692138,8.514395,4.8404813,8.253481,-2.5331903,10.310509,-37.757122,61.260475,-8.465701,8.714832,5.151993,-4.3285837,-11.186695,26.131853,68.25409,-13.878125,4.8089647,-3.1635604
326,1.0131546258926392,-1.5821298360824585,78.41509246826172,-0.5841205004903499,-1.7031192673312068,128.92539736007834,3.9407594,2.3923273,-0.9870117,9.713617,-11.83781,-3.0086355,2.9449053,-0.8518124,-2.7127664,7.700294,-9.8437195,3.6867096,8.531451,4.834549,8.243799,-2.5486155,10.314192,-37.79616,61.283672,-8.451495,8.697413,5.1710253,-4.334045,-11.186048,26.146343,68.26518,-13.879064,4.8069534,-3.1814833
327,1.0117926597595215,-1.5834990739822388,78.41365051269531,-0.5891877365093996,-1.6927356392481305,128.92543531345376,3.9246612,2.3975065,-0.9923287,9.720191,-11.835188,-3.0055506,2.9316955,-0.844966,-2.7144203,7.7004085,-9.82868,3.6823878,8.547513,4.8269515,8.23521,-2.5600455,10.319117,-37.82413,61.30118,-8.428399,8.684933,5.1841664,-4.3371863,-11.185363,26.160242,68.27053,-13.891959,4.8070793,-3.2028291
328,1.010945200920105,-1.5840864181518555,78.41259002685547,-0.590473818966726,-1.683413738144244,128.92600600033802,3.912024,2.3982608,-0.9936526,9.721905,-11.832039,-2.9984658,2.9204266,-0.8435903,-2.7157333,7.699087,-9.819874,3.682536,8.556555,4.8187165,8.232218,-2.569188,10.320348,-37.832664,61.30976,-8.395722,8.68622,5.1870155,-4.343441,-11.185472,26.167328,68.27395,-13.922043,4.807844,-3.2189715
329,1.0137330293655396,-1.5853312015533447,78.40947723388672,-0.5859097302387861,-1.6701316951859808,128.92790174805506,3.8936677,2.3919034,-0.98839694,9.725056,-11.831512,-2.9823263,2.9061942,-0.8505089,-2.7167203,7.693821,-9.818978,3.6901145,8.564988,4.804725,8.229663,-2.5911915,10.322301,-37.855213,61.320698,-8.371642,8.707263,5.1796002,-4.3561363,-11.185804,26.1857,68.28033,-13.956537,4.8089523,-3.2379224
330,1.014246940612793,-1.5874971151351929,78.40921020507812,-0.5770653477423964,-1.656754138698736,128.9304360168311,3.874899,2.380499,-0.9783207,9.728958,-11.833142,-2.9585328,2.8918965,-0.8633129,-2.7171214,7.6879334,-9.824418,3.7027402,8.576193,4.78749,8.223535,-2.6143954,10.326714,-37.899952,61.329174,-8.36558,8.742671,5.1686897,-4.3674507,-11.186939,26.218191,68.287186,-13.986284,4.8125405,-3.2598658
331,1.0148252248764038,-1.5897257328033447,78.40945434570312,-0.5682361447058614,-1.6435434455762603,128.9337184986631,3.858283,2.3691766,-0.9696705,9.728534,-11.832986,-2.9374466,2.8784811,-0.87639755,-2.7185388,7.680992,-9.83009,3.715209,8.588208,4.7710977,8.21692,-2.6347983,10.331341,-37.9431,61.333435,-8.360719,8.776828,5.1557746,-4.37553,-11.188805,26.246958,68.29161,-14.018453,4.815121,-3.280043
332,1.0116204023361206,-1.593344807624817,78.41007995605469,-0.5643193018369749,-1.631493441618606,128.93876004851288,3.844645,2.3633504,-0.9691345,9.72457,-11.830198,-2.9295645,2.867582,-0.8836264,-2.7228508,7.6747494,-9.83169,3.722306,8.602575,4.758891,8.207847,-2.6496108,10.340247,-37.996372,61.333687,-8.366402,8.793403,5.1482387,-4.377876,-11.193706,26.28042,68.29455,-14.034609,4.8139877,-3.2970724
333,1.010395884513855,-1.5925111770629883,78.41222381591797,-0.5668901505349997,-1.6226047072600767,128.94538716505508,3.8363385,2.36504,-0.98020446,9.7168865,-11.824721,-2.9411051,2.8607144,-0.8833387,-2.7305465,7.6701903,-9.8273735,3.722206,8.610932,4.753283,8.208251,-2.6638265,10.343251,-38.013382,61.33427,-8.343086,8.786072,5.1384587,-4.3863964,-11.195826,26.29749,68.299835,-14.064076,4.8055034,-3.3025005
334,1.0088822841644287,-1.590457558631897,78.41474914550781,-0.5731993127732722,-1.6132899791509634,128.95425821766287,3.8300421,2.3707998,-0.9995957,9.703849,-11.815829,-2.965245,2.8548737,-0.87879413,-2.741353,7.6649942,-9.819127,3.7178156,8.617834,4.7507887,8.198012,-2.6770062,10.350107,-38.066273,61.341366,-8.365807,8.758437,5.140485,-4.3970084,-11.20123,26.358253,68.318245,-14.039737,4.790732,-3.3137932
335,1.0056748390197754,-1.5946696996688843,78.41793060302734,-0.5819409322430714,-1.6049757956755402,128.9639406224764,3.8248003,2.3792717,-1.0211124,9.691411,-11.807437,-2.9931865,2.8507092,-0.8715168,-2.753646,7.660022,-9.809752,3.7111387,8.620466,4.7511997,8.189442,-2.6819408,10.357644,-38.104015,61.341133,-8.375637,8.727631,5.139356,-4.4041457,-11.207448,26.408972,68.33149,-14.025382,4.7780447,-3.3196456
336,1.0032516717910767,-1.596319317817688,78.41754913330078,-0.5907767654712742,-1.5967298066285205,128.97399665754472,3.8186684,2.3885636,-1.0396854,9.680954,-11.80053,-3.0159345,2.8463676,-0.86326444,-2.7667546,7.6550484,-9.801393,3.7042158,8.621821,4.7526493,8.183952,-2.6917565,10.361619,-38.127827,61.34757,-8.373341,8.702818,5.131168,-4.413041,-11.210531,26.437,68.34488,-14.026651,4.7708864,-3.322373
337,1.000177025794983,-1.5960445404052734,78.41683959960938,-0.6028561289435124,-1.5861411730760007,128.9833411917348,3.8066635,2.4021928,-1.0537431,9.677778,-11.798832,-3.0338879,2.84079,-0.85025233,-2.7802353,7.646486,-9.791344,3.6948283,8.619643,4.7593594,8.168931,-2.690039,10.37038,-38.16404,61.34972,-8.388537,8.683651,5.1221457,-4.414291,-11.21563,26.471323,68.35585,-14.016024,4.7743607,-3.328174
338,1.0009698867797852,-1.594678521156311,78.4136962890625,-0.6174371100381643,-1.575005685397624,128.99261727644796,3.7943423,2.4195209,-1.0659481,9.674016,-11.797948,-3.050863,2.8348224,-0.8332985,-2.794574,7.6362944,-9.779376,3.6829257,8.61643,4.769242,8.156244,-2.6926603,10.375128,-38.185295,61.35876,-8.392106,8.665752,5.105097,-4.4177833,-11.217174,26.48376,68.367424,-14.020128,4.783031,-3.330499
339,1.002020239830017,-1.5879385471343994,78.4119644165039,-0.6291581585606917,-1.566128133978626,129.00360585628857,3.7843373,2.4331715,-1.0778483,9.671444,-11.796803,-3.0630941,2.8304906,-0.82010704,-2.8102243,7.6305146,-9.772355,3.673398,8.608888,4.7765665,8.147471,-2.6948383,10.377877,-38.199318,61.366917,-8.390058,8.654176,5.0900006,-4.420288,-11.217412,26.489382,68.37665,-14.027759,4.793659,-3.331689
340,1.0039440393447876,-1.5851013660430908,78.41160583496094,-0.6343055739021478,-1.560261717159707,129.0195278451912,3.7743914,2.4377587,-1.0929046,9.676049,-11.79604,-3.0672193,2.8337665,-0.8162574,-2.8297322,7.6204333,-9.768469,3.6708832,8.605244,4.77682,8.134691,-2.6983802,10.3843155,-38.24037,61.376335,-8.407144,8.647757,5.0834913,-4.4197125,-11.216462,26.495974,68.390495,-14.021716,4.8031363,-3.3332975
341,1.003361701965332,-1.5808827877044678,78.4126968383789,-0.6268762034910234,-1.5599311460597975,129.0413802996476,3.7689862,2.4260619,-1.11023,9.683471,-11.789581,-3.0568671,2.8425703,-0.8296284,-2.853101,7.618349,-9.77658,3.6800723,8.592443,4.763779,8.134368,-2.7059216,10.388774,-38.271275,61.38111,-8.411467,8.656596,5.0858493,-4.4203234,-11.215197,26.495539,68.400085,-14.028126,4.8082104,-3.3282738
342,1.0029618740081787,-1.5800548791885376,78.41313171386719,-0.6110364953259606,-1.5629859400744492,129.06784793478337,3.765522,2.4031312,-1.1291915,9.694973,-11.780537,-3.0357294,2.8560436,-0.85445124,-2.8799381,7.618441,-9.791193,3.697226,8.585002,4.7407875,8.136416,-2.7162602,10.398141,-38.323505,61.382236,-8.425769,8.675719,5.0975327,-4.4158826,-11.211393,26.483437,68.40866,-14.035766,4.8114367,-3.3202932
343,0.9972675442695618,-1.5769504308700562,78.41546630859375,-0.5944148709323693,-1.5697382603223562,129.0953417038117,3.7674153,2.3792028,-1.1489264,9.704883,-11.772899,-3.0149312,2.8748186,-0.88035613,-2.907152,7.618938,-9.808583,3.7151566,8.571024,4.71813,8.142568,-2.7258477,10.404059,-38.360153,61.3841,-8.431739,8.696637,5.1081324,-4.4110126,-11.208596,26.47201,68.412285,-14.036029,4.8168283,-3.3154037
344,0.9930160045623779,-1.5734072923660278,78.41661071777344,-0.5847459757537437,-1.5806545992697894,129.12240553334496,3.777379,2.3632145,-1.1705729,9.710735,-11.772858,-3.0053918,2.898786,-0.89764935,-2.9332814,7.6193027,-9.825366,3.7267725,8.571939,4.701582,8.145827,-2.7340007,10.414667,-38.41345,61.386036,-8.444471,8.708677,5.113792,-4.4001226,-11.202892,26.4442,68.41317,-14.017191,4.82714,-3.321196
345,0.9893110990524292,-1.5688396692276,78.4143295288086,-0.5847176261605225,-1.5976267123005683,129.14811352735114,3.7989993,2.3592176,-1.1939733,9.709281,-11.783867,-3.013549,2.9314406,-0.9021494,-2.957015,7.6165414,-9.840652,3.7292588,8.569146,4.6962976,8.150914,-2.7328255,10.425167,-38.444542,61.385338,-8.447028,8.708134,5.108086,-4.392398,-11.196739,26.41695,68.41289,-13.959537,4.8398232,-3.3291793
346,0.9842113852500916,-1.5652543306350708,78.41142272949219,-0.5900313739944882,-1.6197099661609966,129.17355869153454,3.8306503,2.361321,-1.2188143,9.702291,-11.802472,-3.0322628,2.9699636,-0.89995134,-2.979451,7.6149697,-9.8574705,3.7267883,8.566745,4.696302,8.158415,-2.7245708,10.439455,-38.46724,61.37883,-8.44563,8.701347,5.0958986,-4.384687,-11.1876955,26.38383,68.4106,-13.876428,4.8541937,-3.3391845
347,0.9775364995002747,-1.5594860315322876,78.40860748291016,-0.5973865350220265,-1.6436536988113266,129.1987068750816,3.8640692,2.365856,-1.2442812,9.696491,-11.822712,-3.0526595,3.0105085,-0.8953132,-3.0016303,7.6141047,-9.873644,3.722489,8.552851,4.7024527,8.165432,-2.7142317,10.446307,-38.472725,61.37812,-8.438618,8.691893,5.0818753,-4.381952,-11.1829195,26.369608,68.40794,-13.79035,4.878102,-3.369539
348,0.9715394973754883,-1.5515732765197754,78.40292358398438,-0.6023503826861386,-1.6622326062044297,129.2206157148974,3.8886673,2.3680515,-1.2665203,9.69616,-11.837597,-3.0658548,3.041414,-0.8934766,-3.0215333,7.6187544,-9.888459,3.7195437,8.537528,4.707049,8.168003,-2.7106314,10.447693,-38.47545,61.383064,-8.434276,8.687723,5.0718064,-4.38295,-11.181884,26.365553,68.40483,-13.744801,4.912903,-3.430814
349,0.9662037491798401,-1.5447149276733398,78.39972686767578,-0.6055080655712176,-1.683776175185058,129.2444904315295,3.9114761,2.3677757,-1.2912227,9.703938,-11.844964,-3.0681443,3.0785003,-0.8947619,-3.0451062,7.6180325,-9.89585,3.7192717,8.546645,4.707692,8.170191,-2.7119436,10.466911,-38.523148,61.38073,-8.445748,8.688164,5.0654645,-4.3695297,-11.166329,26.350126,68.392044,-13.738676,4.9790974,-3.5582476
350,0.9585186839103699,-1.536787986755371,78.3976821899414,-0.6077748332938917,-1.7002114746884642,129.26542477986683,3.9245756,2.3667297,-1.3137641,9.719846,-11.849464,-3.0647018,3.1067374,-0.8970393,-3.0667095,7.621736,-9.90022,3.7197149,8.545328,4.7086706,8.168367,-2.7197254,10.479185,-38.557034,61.388863,-8.454753,8.690363,5.060517,-4.362738,-11.155789,26.357162,68.377716,-13.760349,5.0583878,-3.7135441
351,0.9545032978057861,-1.5299628973007202,78.39761352539062,-0.6092840517102784,-1.7179609258225552,129.2853352574265,3.9394543,2.3649418,-1.3348581,9.73589,-11.853257,-3.0599635,3.133443,-0.9005004,-3.0875018,7.6318336,-9.908723,3.7196167,8.543657,4.712738,8.16654,-2.7269251,10.485564,-38.585854,61.396812,-8.464834,8.695988,5.057888,-4.357852,-11.15006,26.365847,68.36443,-13.80149,5.143497,-3.8945744
352,0.9489282965660095,-1.5245492458343506,78.3975830078125,-0.6097274800903297,-1.7408779053553611,129.3055374010089,3.963137,2.3623343,-1.3546171,9.7482395,-11.86076,-3.0584173,3.168605,-0.90457684,-3.1082935,7.63787,-9.921274,3.7176309,8.539966,4.716525,8.1686735,-2.7313542,10.4895115,-38.60312,61.404594,-8.473447,8.703386,5.055194,-4.3572407,-11.146468,26.368261,68.3556,-13.855863,5.2248273,-4.0899243
353,0.9456372857093811,-1.5168874263763428,78.39653778076172,-0.6085732576005981,-1.7702706544403364,129.32616133331587,3.9986222,2.3580163,-1.372579,9.754548,-11.872763,-3.0620098,3.210369,-0.9102345,-3.129036,7.648325,-9.946161,3.7122717,8.537032,4.7183204,8.173458,-2.7287314,10.493522,-38.612446,61.40857,-8.487303,8.715152,5.0538526,-4.3574376,-11.142686,26.360376,68.35169,-13.927572,5.3016043,-4.3122244
354,0.941042959690094,-1.5078917741775513,78.39500427246094,-0.6060385484843349,-1.803889929268512,129.34700420292785,4.0397086,2.352389,-1.3893691,9.7612,-11.888943,-3.0681474,3.2571695,-0.91731036,-3.1497798,7.6597486,-9.977551,3.7046578,8.535365,4.71774,8.180944,-2.7240746,10.498716,-38.61313,61.411736,-8.5025625,8.729869,5.051894,-4.3619504,-11.13747,26.339876,68.3537,-14.022605,5.3776913,-4.55968
355,0.9368017315864563,-1.502139687538147,78.39437103271484,-0.6038108599662523,-1.8407648795441218,129.3671998347702,4.0866537,2.3472404,-1.4047339,9.764947,-11.905928,-3.074366,3.3079097,-0.92368466,-3.1698854,7.67161,-10.010555,3.6971219,8.53859,4.716162,8.194735,-2.7185154,10.508036,-38.61098,61.405243,-8.512089,8.747304,5.0503774,-4.370059,-11.128721,26.305002,68.357635,-14.133665,5.453408,-4.8109508
356,0.9291032552719116,-1.499025583267212,78.39276123046875,-0.6035636749677529,-1.8767343283979037,129.3861538936065,4.130677,2.344631,-1.4191673,9.773487,-11.925416,-3.0782328,3.357483,-0.9271565,-3.1886804,7.683537,-10.039229,3.6920779,8.534891,4.716935,8.202466,-2.7151823,10.511175,-38.611435,61.407257,-8.522021,8.7598295,5.0520315,-4.386432,-11.126409,26.294611,68.371635,-14.223497,5.5252976,-5.037685
357,0.9213947057723999,-1.4931756258010864,78.39228057861328,-0.6067875736542877,-1.913512304888432,129.40499739860653,4.1746106,2.3464818,-1.4334016,9.784399,-11.946856,-3.0788157,3.4113238,-0.9256189,-3.207863,7.6887,-10.058114,3.6902776,8.535804,4.717258,8.212626,-2.711929,10.52271,-38.62485,61.400673,-8.530095,8.768139,5.058585,-4.4131675,-11.118724,26.276463,68.39498,-14.309412,5.596752,-5.2396455
358,0.9135532379150391,-1.4844146966934204,78.38987731933594,-0.6120095481457681,-1.9500341459865698,129.42274230931673,4.217029,2.3509529,-1.4462354,9.799097,-11.971571,-3.077442,3.4651458,-0.92095286,-3.2262688,7.6939387,-10.07361,3.690452,8.532276,4.718976,8.218858,-2.709382,10.529327,-38.639782,61.39874,-8.53796,8.774209,5.070091,-4.445831,-11.116112,26.272367,68.42499,-14.386421,5.6668963,-5.4265814
359,0.9061039686203003,-1.472416877746582,78.38749694824219,-0.6178473303680801,-1.9882629595228924,129.4393263132309,4.2606163,2.3560991,-1.4584292,9.816608,-11.997606,-3.0754817,3.5207314,-0.9157736,-3.2428033,7.699229,-10.0887165,3.691707,8.5352125,4.723134,8.223356,-2.7043953,10.539916,-38.670544,61.3882,-8.552168,8.779522,5.0825787,-4.4829383,-11.113932,26.273108,68.46537,-14.45179,5.730387,-5.6003428
360,0.9009402394294739,-1.4621387720108032,78.3835678100586,-0.6212458927488747,-2.0282661139904077,129.45351603746286,4.3084264,2.3582778,-1.469581,9.830928,-12.020129,-3.0740256,3.5767565,-0.91398066,-3.2555678,7.707123,-10.107718,3.6933184,8.539656,4.7268076,8.228107,-2.7065122,10.544433,-38.691563,61.38417,-8.553854,8.78476,5.084858,-4.51469,-11.1144285,26.282646,68.50395,-14.509922,5.783883,-5.7592897
361,0.8913446068763733,-1.4535434246063232,78.38067626953125,-0.621771571663807,-2.0679497045256654,129.46519804443471,4.357758,2.3563688,-1.4804344,9.843409,-12.037414,-3.0729191,3.6313066,-0.91684955,-3.263017,7.716906,-10.131424,3.695574,8.551732,4.7315006,8.225425,-2.7095642,10.552147,-38.733177,61.377735,-8.560032,8.789723,5.078793,-4.5455,-11.117095,26.312025,68.55515,-14.539257,5.826075,-5.9165263
362,0.8830872178077698,-1.4424843788146973,78.37814331054688,-0.6206209416691866,-2.10745379180344,129.47459643131222,4.4072566,2.3518472,-1.4907409,9.856436,-12.052132,-3.0716853,3.6841326,-0.92255265,-3.2663631,7.729303,-10.158139,3.6987667,8.567798,4.735959,8.216741,-2.7088296,10.568116,-38.790646,61.3625,-8.57131,8.79414,5.0663743,-4.568647,-11.126833,26.36278,68.606155,-14.543551,5.859605,-6.067592
363,0.86958909034729,-1.432044506072998,78.37515258789062,-0.6191157934389045,-2.1520905635722554,129.4823949066402,4.4634366,2.3473768,-1.4994618,9.869001,-12.068448,-3.0712028,3.7420154,-0.92856234,-3.2685106,7.743157,-10.187021,3.7018833,8.5837755,4.7428336,8.215075,-2.7084122,10.581634,-38.83148,61.342583,-8.57151,8.799655,5.050157,-4.5898905,-11.139396,26.413994,68.651474,-14.554624,5.883732,-6.1888013
364,0.8605693578720093,-1.4236371517181396,78.37187957763672,-0.618395090117711,-2.2065327153600967,129.48890579330632,4.5309134,2.344329,-1.5053986,9.882001,-12.091528,-3.0722823,3.8103933,-0.932944,-3.2719865,7.7589126,-10.217516,3.7039597,8.604472,4.7494726,8.224233,-2.7165158,10.588284,-38.850464,61.333107,-8.560744,8.80554,5.0342536,-4.6102877,-11.148188,26.447655,68.692024,-14.598564,5.897059,-6.258948
365,0.8548022508621216,-1.4153286218643188,78.36773681640625,-0.6187501579896579,-2.2737650512697405,129.49478169086532,4.612829,2.343648,-1.5082746,9.895144,-12.124252,-3.076137,3.8928812,-0.93491787,-3.2791808,7.7763186,-10.2501745,3.7047644,8.618415,4.7621207,8.242405,-2.7058992,10.597585,-38.854904,61.302666,-8.563035,8.815006,5.027348,-4.622777,-11.163852,26.501286,68.718605,-14.654853,5.900429,-6.2749887
366,0.8451023101806641,-1.4107595682144165,78.36453247070312,-0.6194335280912684,-2.3507730542851446,129.49962952630722,4.706856,2.3438706,-1.5086645,9.906821,-12.16301,-3.0819316,3.9859867,-0.93597233,-3.2879405,7.79501,-10.284658,3.7048614,8.622438,4.778025,8.275961,-2.6867046,10.6110115,-38.823994,61.255833,-8.552528,8.8270645,5.0172067,-4.632026,-11.191504,26.562695,68.72747,-14.73404,5.893468,-6.2431026
367,0.8371190428733826,-1.4008042812347412,78.35995483398438,-0.6210700708907919,-2.432772089024332,129.50273558951793,4.8063455,2.3451939,-1.5071497,9.921069,-12.204692,-3.0875912,4.084496,-0.93563384,-3.2954428,7.8151345,-10.320412,3.704236,8.6318445,4.7952085,8.3133545,-2.670175,10.621154,-38.786846,61.21354,-8.539003,8.836497,5.008745,-4.6353374,-11.21731,26.615488,68.72812,-14.817629,5.8775177,-6.1712346
368,0.8279882669448853,-1.391188621520996,78.35607147216797,-0.6233345843846488,-2.5031354930208742,129.50473584217806,4.889771,2.3470306,-1.5061097,9.943224,-12.244996,-3.0909798,4.1655984,-0.93473375,-3.2999947,7.8440022,-10.358366,3.703,8.67117,4.806651,8.333581,-2.6779249,10.621874,-38.782528,61.2022,-8.533969,8.837232,5.0054016,-4.6349287,-11.219675,26.62621,68.735634,-14.889555,5.8574667,-6.077625
369,0.8170627951622009,-1.3772541284561157,78.35118865966797,-0.629085763386233,-2.5964410893993004,129.50094479165213,5.003987,2.3537366,-1.5001438,9.962471,-12.282649,-3.091935,4.2801676,-0.9283859,-3.2961473,7.857991,-10.390173,3.700544,8.646315,4.831673,8.373143,-2.627143,10.632633,-38.70709,61.15119,-8.516127,8.824788,5.0037227,-4.6328735,-11.256536,26.73874,68.71478,-14.914458,5.8315334,-5.923961
370,0.8047634959220886,-1.3662077188491821,78.34693145751953,-0.6361725424718843,-2.679346139905726,129.49597160972522,5.1039886,2.361645,-1.4939293,9.989164,-12.319306,-3.0911856,4.379487,-0.9206099,-3.2896562,7.8796525,-10.4232435,3.6971066,8.6450405,4.855318,8.402346,-2.5901496,10.641349,-38.650425,61.111988,-8.502352,8.80189,5.005425,-4.6192813,-11.286915,26.82202,68.67938,-14.932261,5.803321,-5.7400303
371,0.7941222786903381,-1.3555409908294678,78.34249877929688,-0.6430595940830816,-2.764615195574137,129.48967807750958,5.206229,2.3691187,-1.4873091,10.018565,-12.35783,-3.0891645,4.4812264,-0.9131638,-3.2814298,7.902596,-10.458621,3.6936529,8.667849,4.8745728,8.426931,-2.5697758,10.64404,-38.623665,61.0942,-8.497576,8.781347,5.0113106,-4.5993276,-11.297404,26.864908,68.65193,-14.943606,5.7626667,-5.52908
372,0.7807692289352417,-1.3450754880905151,78.33562469482422,-0.6472925773339702,-2.852803494366797,129.48280052859542,5.312961,2.3735018,-1.4811848,10.045926,-12.398241,-3.0860863,4.585716,-0.90911776,-3.2731638,7.927149,-10.49875,3.691334,8.660131,4.897685,8.458686,-2.533794,10.648835,-38.56915,61.059765,-8.4906025,8.774593,5.013509,-4.5796194,-11.318026,26.935183,68.61599,-14.911959,5.705218,-5.2960424
373,0.7663533687591553,-1.3339546918869019,78.32877349853516,-0.6472424836789558,-2.944219883999041,129.47721308023907,5.4246902,2.3716238,-1.4790215,10.070923,-12.441929,-3.080373,4.693734,-0.9111735,-3.2672086,7.9539886,-10.546852,3.690109,8.645574,4.9221945,8.498716,-2.4947376,10.653457,-38.516846,61.013153,-8.482581,8.793037,5.0163593,-4.555605,-11.340587,26.987064,68.574684,-14.839304,5.6222916,-5.033637
374,0.7543959617614746,-1.3212404251098633,78.32269287109375,-0.6449398357950887,-3.0382054806562153,129.47135340217903,5.5396013,2.3665721,-1.4787879,10.096032,-12.487886,-3.072647,4.805516,-0.9163837,-3.2614858,7.9796944,-10.598713,3.6894395,8.64373,4.9439325,8.538393,-2.4669547,10.65521,-38.487072,60.976948,-8.482043,8.826596,5.0216427,-4.5237083,-11.352543,27.006083,68.53611,-14.740123,5.5179243,-4.7425046
375,0.7390008568763733,-1.3097914457321167,78.31771850585938,-0.642005848714071,-3.1354196497178948,129.46383467891116,5.6595783,2.3615644,-1.4757584,10.119149,-12.534571,-3.0656545,4.9204917,-0.92165786,-3.2538188,8.00608,-10.65145,3.689857,8.637378,4.967912,8.582207,-2.4373734,10.65632,-38.454914,60.93682,-8.486595,8.861128,5.0240455,-4.4858265,-11.365309,27.02277,68.488304,-14.629845,5.4099092,-4.438706
376,0.7264350652694702,-1.2978100776672363,78.3128890991211,-0.64088225453329,-3.2358910435726083,129.452816694438,5.783882,2.3608115,-1.464747,10.141984,-12.582031,-3.0623386,5.0384364,-0.9233516,-3.2417934,8.030893,-10.699068,3.691842,8.638858,4.993327,8.624466,-2.4125168,10.656562,-38.432335,60.90351,-8.507311,8.882055,5.022787,-4.441099,-11.37345,27.031353,68.43763,-14.537405,5.313123,-4.142111
377,0.7173531651496887,-1.2848825454711914,78.30823516845703,-0.6423683672660131,-3.3424948200944447,129.43860599275578,5.9170794,2.3662667,-1.4425191,10.161444,-12.6293125,-3.0637941,5.162576,-0.9198212,-3.2238865,8.053359,-10.739637,3.6965575,8.640029,5.0233893,8.670395,-2.387038,10.656631,-38.410492,60.868927,-8.547641,8.88407,5.014864,-4.3849497,-11.381119,27.042637,68.37099,-14.470913,5.2343664,-3.849211
378,0.709006667137146,-1.272559404373169,78.30288696289062,-0.6454285325792997,-3.4536836554621915,129.42174032031141,6.0550885,2.3756564,-1.4125584,10.183478,-12.679822,-3.0683784,5.2906294,-0.9133004,-3.2018526,8.076133,-10.7769,3.703412,8.645807,5.0563254,8.719225,-2.3670597,10.656399,-38.400097,60.837784,-8.608825,8.874896,5.003406,-4.326231,-11.382839,27.046978,68.30239,-14.415811,5.1627884,-3.5533144
379,0.69804847240448,-1.262223482131958,78.2962646484375,-0.6486680303079997,-3.5650501009587585,129.40178585960868,6.195686,2.3860216,-1.3797711,10.2007,-12.727489,-3.074921,5.4187694,-0.90570724,-3.1775308,8.097248,-10.811926,3.7102547,8.6524105,5.0890374,8.763506,-2.3428533,10.656048,-38.38752,60.806255,-8.67006,8.862058,4.9897056,-4.2617826,-11.38392,27.04901,68.23242,-14.359916,5.0941353,-3.266072
380,0.6871392130851746,-1.2498083114624023,78.28926086425781,-0.6514901472507496,-3.671602827304637,129.37858792198554,6.3313675,2.395198,-1.3499161,10.216884,-12.772187,-3.0822804,5.5414867,-0.89860773,-3.1533513,8.11808,-10.847205,3.7149298,8.6606045,5.119699,8.801841,-2.314137,10.655506,-38.369354,60.772102,-8.7162895,8.852064,4.9770217,-4.1947227,-11.383875,27.045897,68.16245,-14.290957,5.0242395,-2.998557
381,0.6754572987556458,-1.237641453742981,78.28382110595703,-0.6536526644520174,-3.770985057569512,129.35047717714542,6.4608135,2.402585,-1.32469,10.2293,-12.81142,-3.092541,5.6555243,-0.8922238,-3.12963,8.138914,-10.883483,3.7160249,8.670628,5.146042,8.831127,-2.2764676,10.654417,-38.333584,60.733143,-8.729232,8.847591,4.9635253,-4.122259,-11.383276,27.037788,68.09107,-14.21695,4.949212,-2.7521129
382,0.6670402884483337,-1.2251707315444946,78.27772521972656,-0.6554990083598448,-3.865954185323232,129.31839702637382,6.5861835,2.4093072,-1.30143,10.239726,-12.847381,-3.1054707,5.764584,-0.8856153,-3.105744,8.158768,-10.919176,3.714996,8.678578,5.172499,8.85738,-2.2345655,10.652405,-38.285095,60.689636,-8.724043,8.844435,4.947819,-4.057179,-11.380816,27.028639,68.027885,-14.138079,4.8704114,-2.5198464
383,0.6561728715896606,-1.2128404378890991,78.27310180664062,-0.6572550928326515,-3.9596885798114885,129.28504289236423,6.7093115,2.4157085,-1.2777921,10.252134,-12.883625,-3.116605,5.8706636,-0.8792173,-3.0807288,8.181295,-10.955821,3.7138443,8.686826,5.1981,8.8805,-2.19088,10.650063,-38.237522,60.646263,-8.721525,8.840248,4.9333825,-3.9939687,-11.377158,27.010832,67.970024,-14.042846,4.7956905,-2.3042061
384,0.6455032825469971,-1.2016758918762207,78.267822265625,-0.6588956901900773,-4.055363480352113,129.2535742877892,6.8337326,2.421561,-1.2518221,10.266641,-12.921687,-3.1213188,5.978772,-0.8734653,-3.0545344,8.203801,-10.990731,3.714661,8.68681,5.2230854,8.9073,-2.1467726,10.647328,-38.184433,60.60352,-8.729504,8.832757,4.918681,-3.9389417,-11.372396,26.97817,67.91896,-13.926023,4.731873,-2.104935
385,0.630776584148407,-1.197217583656311,78.26177978515625,-0.660917897945492,-4.155315155058333,129.22516162035328,6.9594164,2.4272754,-1.2228794,10.288767,-12.965188,-3.1158018,6.091369,-0.8682759,-3.0263069,8.226713,-11.023031,3.7189102,8.676834,5.248468,8.940294,-2.101462,10.645587,-38.130108,60.55928,-8.754211,8.819255,4.9041266,-3.892835,-11.369037,26.930092,67.875145,-13.777002,4.678461,-1.9156964
386,0.6186939477920532,-1.1893261671066284,78.255615234375,-0.6632327056333486,-4.256944257351355,129.19770399846263,7.084624,2.4327822,-1.1918547,10.31637,-13.011885,-3.1033964,6.2052794,-0.86320525,-2.996389,8.250494,-11.05359,3.7251346,8.660167,5.2731924,8.981117,-2.0571284,10.643683,-38.058,60.512474,-8.778227,8.802201,4.886485,-3.8536155,-11.364543,26.855503,67.833755,-13.612884,4.632024,-1.7364228
387,0.6114838123321533,-1.17868971824646,78.24957275390625,-0.6651165678935446,-4.358053771796587,129.170676868141,7.209829,2.4376833,-1.1600848,10.342053,-13.057411,-3.0902221,6.319221,-0.8588128,-2.96648,8.272406,-11.083772,3.7311525,8.640477,5.297261,9.0211525,-2.013068,10.642273,-37.98986,60.467484,-8.809059,8.785557,4.868517,-3.8183792,-11.360804,26.774343,67.79599,-13.438942,4.5964584,-1.5811969
388,0.6013034582138062,-1.1647173166275024,78.2434310913086,-0.6655645673974446,-4.455183070252628,129.14308772149252,7.33189,2.4416819,-1.1289835,10.363733,-13.099772,-3.0824792,6.4269476,-0.85568666,-2.938534,8.297092,-11.118489,3.7348514,8.624764,5.3193126,9.058693,-1.973301,10.640685,-37.92095,60.427895,-8.836848,8.773417,4.8479705,-3.7865384,-11.356603,26.676832,67.76128,-13.276429,4.573506,-1.4605544
389,0.5918807983398438,-1.1520856618881226,78.2370834350586,-0.6632667322604507,-4.546295163864076,129.11442113000604,7.450685,2.4432716,-1.0981445,10.376393,-13.13636,-3.0817683,6.5284843,-0.8552741,-2.9130726,8.319885,-11.15807,3.7357757,8.601877,5.339228,9.075004,-1.9241905,10.6396475,-37.877537,60.395958,-8.898616,8.766894,4.835008,-3.7542603,-11.355394,26.612095,67.73773,-13.076462,4.569849,-1.3901103
390,0.5861866474151611,-1.1415855884552002,78.23326873779297,-0.6588944129886011,-4.634755109373947,129.08523925154066,7.569293,2.443041,-1.0670072,10.3824005,-13.169216,-3.084812,6.627586,-0.8570313,-2.8890555,8.340753,-11.200564,3.7351024,8.588835,5.3578444,9.102061,-1.8840072,10.638102,-37.811554,60.360947,-8.930864,8.767544,4.8095317,-3.7213378,-11.356231,26.487432,67.70321,-12.910304,4.5774875,-1.3449044
391,0.5745140314102173,-1.1354159116744995,78.23078918457031,-0.6554649879055123,-4.72157946408581,129.05583689814208,7.686189,2.444013,-1.0364784,10.386978,-13.199995,-3.0904043,6.723962,-0.8576314,-2.8653278,8.362848,-11.2427,3.7327867,8.58246,5.3768945,9.124853,-1.8531927,10.636166,-37.76954,60.33779,-8.97594,8.767122,4.787584,-3.6856544,-11.361126,26.367453,67.666275,-12.752273,4.593583,-1.3271333
392,0.565401554107666,-1.1243298053741455,78.2259521484375,-0.6558550161139435,-4.807228050877565,129.0273647233571,7.7962995,2.4493308,-1.0083622,10.400168,-13.232952,-3.0974023,6.8171906,-0.8536121,-2.8415227,8.386632,-11.279203,3.7288554,8.554313,5.395382,9.134868,-1.8153636,10.635594,-37.749096,60.326862,-9.044083,8.758841,4.7786818,-3.668287,-11.362524,26.32927,67.65299,-12.587828,4.6148076,-1.338051
393,0.557178795337677,-1.1145150661468506,78.2209243774414,-0.6617610055824089,-4.8995435665833496,128.99839325360568,7.913793,2.4613163,-0.98211807,10.412102,-13.262715,-3.1074874,6.9182186,-0.8428605,-2.8153875,8.407407,-11.305127,3.7216277,8.543659,5.422176,9.166714,-1.7891548,10.634863,-37.71797,60.31199,-9.065409,8.743406,4.760842,-3.641764,-11.3734865,26.237642,67.610794,-12.521005,4.635713,-1.3515155
394,0.5515741109848022,-1.1057881116867065,78.21453094482422,-0.671567826533388,-4.991602314761425,128.96936096588345,8.029232,2.4779491,-0.9578851,10.425234,-13.290353,-3.1206067,7.0161896,-0.82728857,-2.7883801,8.432,-11.326662,3.711621,8.52367,5.449175,9.192806,-1.7687218,10.63505,-37.711864,60.313667,-9.105009,8.719288,4.751283,-3.6254165,-11.384831,26.196535,67.57692,-12.459381,4.6628137,-1.3913856
395,0.5448104739189148,-1.102228045463562,78.20906066894531,-0.6815889694840858,-5.079762564697398,128.9417520966669,8.136102,2.4946504,-0.93446374,10.444882,-13.320669,-3.1329124,7.1090927,-0.8115614,-2.7624967,8.456904,-11.346762,3.7024314,8.497717,5.471454,9.214045,-1.7510659,10.635277,-37.708244,60.323566,-9.142871,8.697634,4.7453947,-3.6212893,-11.389078,26.182676,67.55847,-12.41375,4.6939034,-1.4559207
396,0.5396170616149902,-1.0990554094314575,78.20526885986328,-0.6883769521971563,-5.165119992001631,128.91647891296736,8.243047,2.5073771,-0.9097253,10.455433,-13.348481,-3.1403673,7.202774,-0.7999754,-2.7386682,8.472635,-11.365586,3.6977634,8.4828,5.4971004,9.237208,-1.7286094,10.63662,-37.70435,60.318314,-9.165147,8.688663,4.7386665,-3.5969307,-11.410735,26.1574,67.51957,-12.396531,4.7271314,-1.5374243
397,0.5343320965766907,-1.0951673984527588,78.20182037353516,-0.6900823098329978,-5.240848927144271,128.8946320869033,8.336476,2.513993,-0.8826152,10.467698,-13.379412,-3.139487,7.284877,-0.7952424,-2.7181056,8.489248,-11.389228,3.699965,8.467917,5.518109,9.252751,-1.7044308,10.636769,-37.696377,60.308388,-9.182056,8.697558,4.7359796,-3.57561,-11.436634,26.15657,67.488976,-12.390429,4.764879,-1.6474049
398,0.5322352647781372,-1.0887783765792847,78.19850158691406,-0.689116404088682,-5.310883212573345,128.87506716559045,8.422819,2.5171604,-0.8540648,10.478891,-13.411585,-3.1331947,7.361709,-0.7944165,-2.6997044,8.501998,-11.412862,3.7065792,8.452626,5.533713,9.261808,-1.6800864,10.635749,-37.68623,60.30048,-9.1921,8.718289,4.7374444,-3.5624826,-11.4579,26.174297,67.47424,-12.404397,4.8077693,-1.7857677
399,0.52940833568573,-1.084373116493225,78.1952896118164,-0.6871486006857431,-5.377746413004632,128.85712367942426,8.505415,2.5191398,-0.8273221,10.48819,-13.442057,-3.1273,7.4349117,-0.79456604,-2.6826499,8.513819,-11.436284,3.7142951,8.4402685,5.545766,9.268797,-1.6621181,10.634333,-37.67829,60.300583,-9.193953,8.741433,4.7364197,-3.555946,-11.470832,26.191128,67.47463,-12.435621,4.846727,-1.9374735
400,0.5258529186248779,-1.0804773569107056,78.19153594970703,-0.6858436467907383,-5.445070589300018,128.8402337174389,8.588977,2.521911,-0.80599684,10.49516,-13.468942,-3.1275067,7.50987,-0.79323107,-2.6665406,8.5226145,-11.457277,3.7199163,8.403902,5.5670424,9.282399,-1.6288617,10.629835,-37.647743,60.287952,-9.18043,8.758532,4.7298055,-3.533379,-11.507784,26.23661,67.446526,-12.458304,4.880531,-2.0870972
401,0.5237115025520325,-1.0782908201217651,78.18755340576172,-0.6847202061453315,-5.514619629194281,128.8243139347485,8.675897,2.525153,-0.7927971,10.499382,-13.491697,-3.1375148,7.585712,-0.7908084,-2.650816,8.534363,-11.479465,3.7233057,8.379092,5.583839,9.298875,-1.6117393,10.627169,-37.63169,60.295856,-9.1556,8.76574,4.7112975,-3.515449,-11.529194,26.257896,67.43745,-12.500096,4.8987017,-2.245068
402,0.5199130773544312,-1.0718202590942383,78.18384552001953,-0.6834964294297302,-5.5839405275925005,128.80977793292965,8.763281,2.528003,-0.7854191,10.500648,-13.510909,-3.1535084,7.66089,-0.7882475,-2.6362667,8.546246,-11.501878,3.725888,8.358951,5.5976315,9.316051,-1.6036526,10.625658,-37.623737,60.316135,-9.121873,8.768256,4.685598,-3.5035021,-11.541446,26.270653,67.44429,-12.5576725,4.9069257,-2.4137726
403,0.5196500420570374,-1.0661579370498657,78.17869567871094,-0.6829253293846007,-5.650701571132856,128.79601408769403,8.846919,2.5321116,-0.77887255,10.501439,-13.5281925,-3.170213,7.7343264,-0.78415924,-2.6225142,8.55455,-11.520624,3.726878,8.326488,5.6151195,9.335493,-1.5845739,10.623416,-37.601288,60.323723,-9.077739,8.770489,4.6611996,-3.4737213,-11.564326,26.293781,67.4261,-12.612996,4.9150844,-2.5748556
404,0.5203738808631897,-1.0661770105361938,78.17332458496094,-0.6847434923683982,-5.7053269148560135,128.78239007584526,8.911918,2.5388544,-0.76845336,10.509184,-13.546176,-3.182462,7.7899942,-0.77767986,-2.60936,8.56859,-11.536984,3.7253566,8.300759,5.626541,9.3409,-1.5748776,10.622948,-37.593235,60.337765,-9.049639,8.775938,4.648843,-3.4620252,-11.569343,26.293205,67.43838,-12.667056,4.9206343,-2.704136
405,0.5221704840660095,-1.067355990409851,78.16839599609375,-0.6885311899326505,-5.755499934000428,128.76747830500486,8.971153,2.5498042,-0.74990636,10.513521,-13.56108,-3.1866956,7.8433585,-0.76703984,-2.595453,8.572054,-11.541972,3.7209647,8.265187,5.6511455,9.350335,-1.545076,10.620062,-37.55743,60.316948,-9.001547,8.788319,4.64504,-3.4163868,-11.598267,26.275064,67.40629,-12.738573,4.9278903,-2.8045247
406,0.5258452296257019,-1.0667251348495483,78.16610717773438,-0.6949135849902824,-5.793804115998353,128.75304786742473,9.012028,2.5635035,-0.72808534,10.525525,-13.577173,-3.1864753,7.8797965,-0.7538053,-2.5822604,8.581187,-11.544652,3.7141862,8.2323,5.6679015,9.34097,-1.520091,10.619262,-37.54234,60.304638,-8.972566,8.803669,4.6569214,-3.389637,-11.603759,26.25329,67.410446,-12.802995,4.932864,-2.883858
407,0.5313000082969666,-1.0625041723251343,78.16368103027344,-0.7022763421875318,-5.828162850498264,128.7389621104366,9.047284,2.578388,-0.70609224,10.538288,-13.591971,-3.1870046,7.9121137,-0.7395017,-2.5698514,8.588242,-11.544698,3.7055144,8.202863,5.6863184,9.335162,-1.4950242,10.617709,-37.51524,60.28474,-8.934524,8.819163,4.66679,-3.3503287,-11.613493,26.198076,67.39982,-12.876707,4.9367123,-2.9394267
408,0.5365732908248901,-1.0600029230117798,78.1624755859375,-0.7080947672252339,-5.863191491177552,128.72528015326432,9.08449,2.5917342,-0.6876039,10.547003,-13.60292,-3.193392,7.943834,-0.72704804,-2.558786,8.596456,-11.547584,3.6955233,8.178116,5.703854,9.335665,-1.4753917,10.615851,-37.493633,60.267292,-8.911439,8.829065,4.6730075,-3.3057797,-11.623642,26.128119,67.385414,-12.927749,4.940466,-2.979443
409,0.5427759885787964,-1.05717134475708,78.1642074584961,-0.7111085116014427,-5.9013484450280345,128.7114084041987,9.127699,2.6032197,-0.6730874,10.548088,-13.608039,-3.2087793,7.9774847,-0.7170084,-2.5493934,8.605164,-11.5551195,3.6828954,8.154008,5.7201962,9.341677,-1.4558959,10.61414,-37.47632,60.249634,-8.908485,8.831641,4.6755815,-3.256037,-11.631933,26.048512,67.37037,-12.950281,4.9467707,-3.0058212
410,0.5461195111274719,-1.0617047548294067,78.16610717773438,-0.7141164959831492,-5.93784496718865,128.6978933152566,9.169012,2.613886,-0.66113794,10.549186,-13.610997,-3.229819,8.007327,-0.7080584,-2.541652,8.617394,-11.566251,3.66784,8.109815,5.733871,9.34289,-1.4252154,10.613549,-37.45978,60.231472,-8.936959,8.827573,4.6831117,-3.2197416,-11.633214,26.008324,67.37788,-12.920685,4.955612,-3.0238278
411,0.5528396368026733,-1.064328908920288,78.16765594482422,-0.7166599889422854,-5.973212797674032,128.68539724279105,9.211085,2.6241121,-0.6511544,10.544213,-13.609939,-3.2520108,8.037929,-0.69961214,-2.5344095,8.625156,-11.57436,3.6530828,8.094501,5.747022,9.357693,-1.4065503,10.612908,-37.43131,60.208683,-8.933203,8.824666,4.676975,-3.154907,-11.635621,25.8761,67.35197,-12.9347925,4.960066,-3.0135243
412,0.5604487657546997,-1.0657875537872314,78.16693115234375,-0.7188678572402009,-6.003513963027398,128.67550411459254,9.244386,2.6344457,-0.6436805,10.542302,-13.610239,-3.2707913,8.061446,-0.69076735,-2.5271928,8.633357,-11.577812,3.6414516,8.071804,5.7562475,9.362817,-1.3873526,10.612781,-37.4144,60.197792,-8.950139,8.819363,4.6746635,-3.0973356,-11.635392,25.773266,67.34025,-12.9089155,4.95978,-2.9937134
413,0.5691377520561218,-1.06560480594635,78.16468811035156,-0.7222466339999197,-6.028767446505913,128.66767514481404,9.268646,2.6462686,-0.6381664,10.545399,-13.61397,-3.2843738,8.080012,-0.6802539,-2.5182934,8.63926,-11.5731535,3.6340625,8.050817,5.7628613,9.364365,-1.3713216,10.613276,-37.39843,60.197193,-8.9686985,8.811806,4.6684313,-3.0370796,-11.632743,25.662127,67.329575,-12.858655,4.949081,-2.955747
414,0.5784725546836853,-1.0693645477294922,78.16236877441406,-0.7268427212723354,-6.049507933686714,128.66127481887318,9.287101,2.658904,-0.6346672,10.55002,-13.618703,-3.2953553,8.094149,-0.66874605,-2.5084772,8.643605,-11.56265,3.6293685,8.036887,5.7668447,9.364062,-1.3603987,10.614676,-37.38755,60.204746,-8.990956,8.801901,4.6588345,-2.971663,-11.62694,25.534681,67.318344,-12.790115,4.9305387,-2.8997486
415,0.5876676440238953,-1.0729912519454956,78.16036224365234,-0.7296226888698877,-6.066567857736419,128.65836618306483,9.298747,2.6701438,-0.6343466,10.554845,-13.621988,-3.3059459,8.104481,-0.65855026,-2.5012124,8.645667,-11.55038,3.6258001,8.021712,5.766025,9.360738,-1.3495706,10.616982,-37.375595,60.21597,-9.014477,8.792889,4.649615,-2.906155,-11.617434,25.409159,67.30913,-12.722048,4.9139757,-2.833534
416,0.5965474843978882,-1.074803352355957,78.16073608398438,-0.7300922823121023,-6.078589541541427,128.66106595329427,9.304532,2.6780076,-0.6382309,10.555854,-13.62043,-3.318319,8.109819,-0.65179396,-2.4998775,8.648126,-11.542416,3.621753,7.980669,5.7615867,9.350412,-1.3216571,10.617718,-37.34819,60.22185,-9.042276,8.787135,4.6473465,-2.8500278,-11.612877,25.341934,67.30733,-12.652075,4.910506,-2.7669363
417,0.6080194115638733,-1.0749691724777222,78.16193389892578,-0.7267897877000205,-6.08812579283827,128.67211882123456,9.308459,2.679905,-0.64766425,10.5507345,-13.613713,-3.3322766,8.11622,-0.65086234,-2.5068786,8.647216,-11.540832,3.6193516,7.965064,5.744558,9.352103,-1.3182985,10.620324,-37.310993,60.23499,-9.037799,8.792176,4.634952,-2.7846112,-11.59816,25.214588,67.28868,-12.665114,4.9221797,-2.6830275
418,0.622059166431427,-1.0773730278015137,78.1629638671875,-0.7196049376097015,-6.094648660048794,128.68957545165318,9.30732,2.6774619,-0.6617203,10.543379,-13.604088,-3.3468363,8.119207,-0.6543737,-2.519827,8.647169,-11.544441,3.6186588,7.9315825,5.7233586,9.344661,-1.3005301,10.621472,-37.269955,60.246487,-9.042647,8.801345,4.6281576,-2.7183034,-11.587287,25.137735,67.27077,-12.673003,4.9480824,-2.593213
419,0.6343188881874084,-1.0781915187835693,78.1644287109375,-0.7128744234430426,-6.093886984854011,128.70840193149402,9.295683,2.6757517,-0.67800593,10.5371065,-13.591177,-3.3634207,8.114773,-0.6569264,-2.535127,8.643799,-11.544046,3.6147096,7.891168,5.7015157,9.33188,-1.28102,10.6217785,-37.234615,60.2597,-9.058216,8.808635,4.630407,-2.6611702,-11.58141,25.0845,67.2618,-12.674697,4.973795,-2.5060456
420,0.6503289937973022,-1.0812381505966187,78.16765594482422,-0.7077179719888459,-6.0833053176303995,128.72337659838848,9.270622,2.6787136,-0.6940766,10.529294,-13.571709,-3.3833427,8.092119,-0.6549441,-2.549354,8.645894,-11.536879,3.6026967,7.866904,5.6732755,9.328947,-1.2845346,10.62369,-37.18081,60.281967,-9.047552,8.809906,4.6322846,-2.6106775,-11.559011,24.964552,67.25181,-12.714074,4.9845166,-2.423922
421,0.6684437394142151,-1.0875917673110962,78.17138671875,-0.7056278922230337,-6.062921130612712,128.73368313363838,9.23143,2.687607,-0.7117048,10.523946,-13.546568,-3.4084978,8.051987,-0.6471429,-2.5632563,8.653679,-11.521978,3.5787163,7.832327,5.648897,9.311015,-1.2804953,10.625597,-37.152073,60.30869,-9.086223,8.794074,4.663821,-2.5733821,-11.541291,24.885256,67.26371,-12.706009,4.97699,-2.3594968
422,0.6906269788742065,-1.0882818698883057,78.17671203613281,-0.7050893623541856,-6.034890422503628,128.74206361269603,9.180412,2.7005773,-0.73161596,10.519868,-13.516349,-3.4378057,7.999867,-0.63529474,-2.5781615,8.662188,-11.500436,3.546145,7.804908,5.6207547,9.290143,-1.2859081,10.629409,-37.132545,60.34408,-9.139674,8.768639,4.7097216,-2.546816,-11.513289,24.791782,67.290794,-12.699135,4.956411,-2.302445
423,0.7186713814735413,-1.0960185527801514,78.18260955810547,-0.7054590856255345,-5.99470254649545,128.74833878421381,9.113523,2.716306,-0.7492404,10.514504,-13.481496,-3.467613,7.930889,-0.6205579,-2.5913994,8.669313,-11.470843,3.511313,7.771075,5.5932217,9.263262,-1.2892518,10.633416,-37.117344,60.377174,-9.184541,8.744683,4.7576137,-2.5241733,-11.489123,24.711765,67.31489,-12.682893,4.9364924,-2.2580059
424,0.752467691898346,-1.1112394332885742,78.19004821777344,-0.7061100225119347,-5.938267812388986,128.75188645535218,9.0264015,2.7338457,-0.7596277,10.506569,-13.443,-3.4944782,7.841295,-0.60378027,-2.599667,8.671766,-11.431154,3.4805117,7.7371345,5.5651784,9.230311,-1.3006774,10.637542,-37.110954,60.412308,-9.191356,8.734225,4.789689,-2.5102434,-11.467955,24.630362,67.33786,-12.673821,4.9253507,-2.2295003
425,0.7855356931686401,-1.1219482421875,78.19866943359375,-0.7060099242643324,-5.8613210143380154,128.75213752079773,8.912794,2.753686,-0.75940096,10.49689,-13.403329,-3.5145636,7.7251606,-0.58463925,-2.6006093,8.667994,-11.378763,3.456705,7.7305937,5.529118,9.186417,-1.3391628,10.64538,-37.13755,60.463474,-9.142217,8.746333,4.7964773,-2.4981139,-11.4287615,24.497047,67.359146,-12.699212,4.9285593,-2.2175753
426,0.8234609961509705,-1.1345577239990234,78.20635223388672,-0.7064954395335888,-5.766778431479537,128.750023125905,8.776357,2.7763686,-0.752313,10.485873,-13.360801,-3.5307245,7.5887437,-0.56262237,-2.5970962,8.654944,-11.312918,3.4361854,7.709499,5.496437,9.1334715,-1.3741173,10.651691,-37.162388,60.510365,-9.056482,8.772184,4.789936,-2.4917252,-11.3999815,24.384119,67.37168,-12.7181015,4.943281,-2.220533
427,0.8669300675392151,-1.1474978923797607,78.21533966064453,-0.7071518277370795,-5.663619111944216,128.74606846339776,8.6284,2.8008754,-0.74342734,10.4730015,-13.312546,-3.5494843,7.439916,-0.538522,-2.5920208,8.639784,-11.240767,3.414854,7.698961,5.460175,9.081326,-1.4195719,10.659583,-37.20459,60.55883,-8.959818,8.799039,4.782761,-2.4902172,-11.36691,24.260462,67.384865,-12.742633,4.9570856,-2.2392175
428,0.9128720760345459,-1.1640111207962036,78.22760009765625,-0.7063605452448202,-5.562664265708446,128.74072267064605,8.482522,2.8259892,-0.7377768,10.45342,-13.252414,-3.5773451,7.288728,-0.5138458,-2.5885746,8.628116,-11.168745,3.3888707,7.651094,5.429032,9.038877,-1.4403888,10.662387,-37.21735,60.58602,-8.874515,8.8123865,4.7891326,-2.5008278,-11.357226,24.214972,67.396454,-12.72785,4.9636836,-2.276366
429,0.9619368314743042,-1.1801087856292725,78.24139404296875,-0.7041461944464563,-5.46204524810867,128.73521353295186,8.333857,2.8509111,-0.7387729,10.432333,-13.179728,-3.6191761,7.1321044,-0.48886922,-2.5888948,8.622391,-11.098139,3.3550684,7.695888,5.372859,9.008734,-1.5272216,10.680799,-37.32496,60.64296,-8.820312,8.812756,4.808548,-2.515388,-11.293898,24.030779,67.435135,-12.762856,4.9467325,-2.333753
430,1.011972188949585,-1.2003722190856934,78.25614929199219,-0.7006799661355646,-5.361205803657001,128.72934412290948,8.185011,2.875838,-0.74342155,10.403804,-13.094528,-3.6701763,6.9713864,-0.463726,-2.5914485,8.617638,-11.025191,3.3166244,7.6819415,5.321483,8.987691,-1.577959,10.695267,-37.383396,60.671432,-8.76603,8.802986,4.83774,-2.551943,-11.253958,23.945213,67.476105,-12.745312,4.925645,-2.413302
431,1.0689092874526978,-1.2215920686721802,78.2699966430664,-0.6974406535311516,-5.256868870237353,128.72005632307489,8.029406,2.9035122,-0.7459033,10.374995,-13.005146,-3.7236302,6.8045163,-0.43543476,-2.5917883,8.608837,-10.94659,3.2775447,7.667745,5.2719703,8.973007,-1.6279024,10.708372,-37.43782,60.69107,-8.708816,8.787466,4.8723927,-2.5952406,-11.223179,23.883274,67.51525,-12.731942,4.9015007,-2.50267
432,1.1388442516326904,-1.2465894222259521,78.28243255615234,-0.6947949206532379,-5.147434584339182,128.70413912090845,7.865596,2.9358308,-0.7405116,10.345974,-12.916082,-3.7727,6.629059,-0.4027205,-2.585548,8.593842,-10.860071,3.2420762,7.6708117,5.222528,8.959045,-1.6809716,10.722978,-37.498898,60.704643,-8.645417,8.769899,4.911229,-2.642654,-11.1923065,23.837667,67.5573,-12.748384,4.879266,-2.5948153
433,1.2086725234985352,-1.2703555822372437,78.29400634765625,-0.6937748007539468,-5.0313487179682275,128.67796341481207,7.690758,2.974753,-0.7230991,10.319954,-12.830747,-3.8149707,6.441596,-0.36351913,-2.5688288,8.573738,-10.764149,3.2131736,7.6940575,5.1730967,8.9434595,-1.7349712,10.741113,-37.564945,60.70949,-8.56519,8.749459,4.9588504,-2.6985767,-11.157043,23.813059,67.61005,-12.794599,4.8615236,-2.691411
434,1.280417561531067,-1.2977443933486938,78.30510711669922,-0.693521223567587,-4.910020872756357,128.64408655188512,7.5069017,3.0185823,-0.697698,10.295729,-12.74613,-3.8542554,6.244805,-0.3193854,-2.5449288,8.548039,-10.659595,3.1880157,7.724028,5.125773,8.931071,-1.7883561,10.757885,-37.62439,60.706112,-8.469543,8.724423,5.0135393,-2.7624943,-11.127356,23.816145,67.66542,-12.858272,4.8460236,-2.7941482
435,1.360880732536316,-1.3218295574188232,78.31552124023438,-0.6932847569470695,-4.785592551034605,128.6091679950618,7.316977,3.0648096,-0.67065465,10.270213,-12.658783,-3.893114,6.043649,-0.272912,-2.5205276,8.517122,-10.550852,3.162037,7.75733,5.078514,8.921848,-1.8407948,10.773746,-37.683563,60.69656,-8.381696,8.698112,5.067186,-2.8327808,-11.101735,23.843935,67.72173,-12.942515,4.8279862,-2.899557
436,1.4444835186004639,-1.3482667207717896,78.32926177978516,-0.6918729285895342,-4.66112706154178,128.5804134420553,7.1248927,3.1104681,-0.64861596,10.241829,-12.566413,-3.9339664,5.841934,-0.22743274,-2.5025232,8.485673,-10.444338,3.130844,7.7851005,5.0336194,8.926816,-1.8966151,10.779313,-37.719696,60.684433,-8.298764,8.67289,5.105011,-2.8871083,-11.094614,23.88118,67.73725,-13.065964,4.8081713,-2.9971883
437,1.5293047428131104,-1.373909831047058,78.34195709228516,-0.6901024031715429,-4.535548556612159,128.55827982706052,6.9284673,3.155547,-0.6310983,10.214233,-12.472607,-3.9778204,5.635857,-0.18246865,-2.4928477,8.461316,-10.346736,3.091614,7.7990203,4.971453,8.923448,-1.9395442,10.804888,-37.784557,60.662457,-8.288817,8.650406,5.1374774,-2.962645,-11.064438,24.004795,67.774994,-13.183293,4.7877173,-3.108667
438,1.618442177772522,-1.4052457809448242,78.353515625,-0.6879509898299068,-4.4098864197021665,128.5394340924318,6.7305865,3.2012892,-0.61490023,10.183317,-12.375284,-4.0230737,5.4290013,-0.13723902,-2.4873145,8.435343,-10.2508335,3.047496,7.8300157,4.9161177,8.942673,-2.0048075,10.814013,-37.825703,60.64265,-8.265658,8.6301,5.147882,-3.0166464,-11.05684,24.095827,67.76203,-13.371917,4.762972,-3.2067187
439,1.7133941650390625,-1.4385643005371094,78.36518096923828,-0.6846468486254049,-4.2813182361973,128.52549042654886,6.52425,3.2463295,-0.60440314,10.154463,-12.273746,-4.068721,5.216983,-0.092355356,-2.486018,8.409539,-10.15371,3.0019166,7.812638,4.846224,8.951356,-2.0247583,10.845888,-37.85612,60.597477,-8.281777,8.606557,5.167154,-3.094795,-11.03413,24.300299,67.77354,-13.5190325,4.742304,-3.320173
440,1.80629301071167,-1.4691966772079468,78.37702178955078,-0.6779238438573275,-4.150715713631969,128.51750896246105,6.311192,3.2888105,-0.603097,10.122605,-12.162025,-4.1135993,5.000429,-0.049788613,-2.4884496,8.382051,-10.05022,2.958736,7.7938933,4.7708373,8.981163,-2.0455477,10.881528,-37.863914,60.546974,-8.273884,8.578076,5.187267,-3.17055,-11.013911,24.460232,67.76361,-13.69235,4.7186794,-3.4242494
441,1.907859206199646,-1.4944571256637573,78.38819885253906,-0.6670241294311944,-4.0185767893238,128.51442378616687,6.0886855,3.3281794,-0.6119593,10.0953045,-12.0417595,-4.156689,4.78012,-0.009782073,-2.4916127,8.352728,-9.938751,2.919129,7.776189,4.6882834,9.024369,-2.0675397,10.91555,-37.871952,60.505024,-8.250366,8.535817,5.2214646,-3.2344134,-10.9975395,24.597893,67.726654,-13.884581,4.694162,-3.522924
442,2.019914150238037,-1.526637077331543,78.40105438232422,-0.652726711498912,-3.8848279177181158,128.51583479473942,5.8590693,3.3649511,-0.6288271,10.068704,-11.913285,-4.198732,4.555789,0.028065672,-2.496586,8.322257,-9.821704,2.8810563,7.7529626,4.597402,9.078396,-2.0851767,10.952995,-37.875084,60.463223,-8.221916,8.484119,5.263656,-3.2949648,-10.981959,24.734344,67.67253,-14.093272,4.6690655,-3.619183
443,2.1338248252868652,-1.5690611600875854,78.41262817382812,-0.6375664820894512,-3.747538083641012,128.5249495760587,5.6207514,3.4012306,-0.6537827,10.040079,-11.7787485,-4.241654,4.325386,0.065384254,-2.5091712,8.291012,-9.70194,2.843206,7.744566,4.510923,9.140184,-2.1274855,10.970602,-37.887356,60.44875,-8.200266,8.434284,5.304033,-3.3364973,-10.975785,24.820934,67.594986,-14.305564,4.642115,-3.7092185
444,2.241933584213257,-1.6119869947433472,78.42632293701172,-0.6237716007341734,-3.604175427582232,128.5452530889021,5.3702483,3.4391923,-0.68702656,10.0069475,-11.639596,-4.287626,4.0900965,0.10408915,-2.535407,8.249809,-9.576562,2.8041422,7.693067,4.421754,9.20381,-2.1357682,11.010975,-37.86153,60.397427,-8.207085,8.401687,5.3315597,-3.393434,-10.961393,24.935987,67.531364,-14.457264,4.616774,-3.803129
445,2.361269950866699,-1.6589174270629883,78.43844604492188,-0.6120072722450585,-3.458242329218664,128.5804100568792,5.1094236,3.479732,-0.7305555,9.970979,-11.499266,-4.3374667,3.8544524,0.14470206,-2.5805511,8.197603,-9.447612,2.7638807,7.653808,4.3427234,9.274088,-2.1793957,11.031104,-37.847248,60.37753,-8.249158,8.390483,5.3397717,-3.4257932,-10.954249,24.978989,67.44731,-14.586252,4.588506,-3.8961744
446,2.4952266216278076,-1.70670747756958,78.45172882080078,-0.6009888318166251,-3.309493228059323,128.62881489826952,4.8388762,3.5215492,-0.7846361,9.932364,-11.3557005,-4.390004,3.6139405,0.18586439,-2.641194,8.14353,-9.318333,2.7230403,7.5791206,4.2629194,9.355397,-2.1963358,11.071491,-37.798965,60.319733,-8.313157,8.398118,5.334142,-3.4775069,-10.9384365,25.025549,67.376854,-14.679737,4.558509,-3.9934466
447,2.629882574081421,-1.7466909885406494,78.46577453613281,-0.5898868015152204,-3.15142470059227,128.68172888946023,4.5555906,3.5634637,-0.8435457,9.88829,-11.203867,-4.4443355,3.3639355,0.22716208,-2.706799,8.0822,-9.181696,2.6811461,7.5170856,4.1842756,9.435196,-2.227827,11.1020155,-37.752796,60.280273,-8.386466,8.408068,5.3259254,-3.5115328,-10.925846,25.032019,67.291336,-14.749405,4.529354,-4.080217
448,2.7618260383605957,-1.7853070497512817,78.4782485961914,-0.5775431418542342,-2.9774320727257657,128.7319651709799,4.254985,3.603928,-0.9029532,9.838852,-11.0400715,-4.4992876,3.094329,0.2674148,-2.7685761,8.017539,-9.035145,2.6378453,7.4649987,4.103427,9.510236,-2.252089,11.134144,-37.69064,60.235313,-8.446726,8.4110365,5.322987,-3.5393808,-10.911928,25.014847,67.20047,-14.787418,4.5030537,-4.146553
449,2.89154314994812,-1.8288532495498657,78.49019622802734,-0.5634914165338409,-2.782989012240904,128.77261556594388,3.9350467,3.642812,-0.9571393,9.781657,-10.860897,-4.5549974,2.7983453,0.3070549,-2.8188376,7.95262,-8.877738,2.5916514,7.4333525,4.02084,9.573514,-2.2728336,11.159494,-37.6151,60.19678,-8.489643,8.402535,5.328989,-3.5531454,-10.900849,24.964787,67.09637,-14.780076,4.4801207,-4.1855817
450,3.01639986038208,-1.8777568340301514,78.5045394897461,-0.5481819850212449,-2.5729608800777544,128.80956430326512,3.5978236,3.680684,-1.0103775,9.719525,-10.670027,-4.6118464,2.4807453,0.34609073,-2.8646154,7.8894725,-8.713417,2.543371,7.41059,3.939767,9.632807,-2.2861397,11.179341,-37.521088,60.153255,-8.519998,8.3910675,5.3386106,-3.5603793,-10.892173,24.8851,66.983894,-14.736027,4.4589806,-4.2036915
451,3.162940263748169,-1.935889720916748,78.51962280273438,-0.53262789177537,-2.3536882551817637,128.8536045952215,3.2483077,3.7168264,-1.0717756,9.651774,-10.470911,-4.669102,2.1560643,0.3838052,-2.9172623,7.815747,-8.540145,2.495716,7.390278,3.860231,9.683471,-2.3023965,11.1917095,-37.434338,60.12375,-8.56308,8.375419,5.355004,-3.5555053,-10.886611,24.805515,66.87095,-14.662383,4.4417458,-4.215233
452,3.307175636291504,-1.991953730583191,78.53506469726562,-0.5173362301290785,-2.1328654743615254,128.91608839499347,2.891435,3.7504597,-1.1508961,9.580595,-10.268298,-4.7262464,1.8324628,0.41875386,-2.9888067,7.7367435,-8.365459,2.4515014,7.3570004,3.7750556,9.762813,-2.3267105,11.224253,-37.308453,60.073162,-8.587373,8.363189,5.359102,-3.570378,-10.872414,24.696838,66.76935,-14.625523,4.423854,-4.2207446
453,3.45194935798645,-2.046734571456909,78.55111694335938,-0.5030731229323648,-1.9139250246649921,129.002979669114,2.5286734,3.781616,-1.2543783,9.507267,-10.064488,-4.78504,1.5171831,0.4509521,-3.0853856,7.646946,-8.188216,2.41145,7.312773,3.6972504,9.826183,-2.3612154,11.237053,-37.234238,60.059433,-8.670549,8.348483,5.379746,-3.5636008,-10.866381,24.637812,66.67915,-14.553232,4.4140387,-4.2444158
454,3.60107684135437,-2.1019113063812256,78.56512451171875,-0.4887497127253181,-1.6937599764775886,129.1072624942548,2.1591132,3.8103352,-1.3757308,9.429558,-9.856388,-4.845281,1.2041227,0.48087287,-3.1997623,7.5491014,-8.007287,2.3739154,7.2530603,3.6150067,9.914456,-2.4037073,11.26154,-37.119534,60.03534,-8.739779,8.335565,5.389816,-3.5721347,-10.854238,24.557472,66.59697,-14.497909,4.4045043,-4.2633033
455,3.7482991218566895,-2.157444953918457,78.5784912109375,-0.4738987415578653,-1.4642958551111043,129.22057941036388,1.7776431,3.836819,-1.5050696,9.345888,-9.64062,-4.903167,0.88478076,0.5087186,-3.3233197,7.440911,-7.819377,2.33854,7.187564,3.5314841,9.995851,-2.436648,11.295129,-37.009926,60.00006,-8.816547,8.321953,5.406689,-3.585494,-10.837121,24.49138,66.53359,-14.437443,4.3987017,-4.2778153
456,3.8990373611450195,-2.218562602996826,78.5903549194336,-0.4582740637065016,-1.218044710556489,129.33424282125472,1.377262,3.8619492,-1.6326982,9.259396,-9.416217,-4.9551196,0.548584,0.5349373,-3.4473808,7.32583,-7.6244774,2.3048973,7.131053,3.449465,10.061787,-2.4676085,11.331912,-36.915215,59.959366,-8.890668,8.304643,5.434324,-3.597366,-10.81864,24.430918,66.482864,-14.383161,4.396665,-4.278238
457,4.052005290985107,-2.277707576751709,78.60291290283203,-0.44136401553759197,-0.948246711648095,129.4442611741381,0.9504372,3.8867667,-1.7553563,9.171077,-9.1810875,-4.995184,0.18805093,0.56024027,-3.567617,7.201205,-7.41875,2.2723608,7.084375,3.3620803,10.110392,-2.482701,11.393881,-36.833344,59.884964,-8.960565,8.28702,5.4736733,-3.616355,-10.789832,24.374603,66.45126,-14.353717,4.398342,-4.2592654
458,4.203944206237793,-2.336604595184326,78.61336517333984,-0.4236640215659762,-0.6608470903750162,129.55591558319816,0.50263906,3.9113579,-1.8785292,9.079752,-8.936573,-5.02714,-0.19032776,0.5844399,-3.6894503,7.0685887,-7.2045918,2.2413836,7.0498443,3.2832744,10.143105,-2.5102432,11.43969,-36.76994,59.824715,-9.030064,8.26567,5.5257735,-3.6244538,-10.770599,24.317154,66.42223,-14.337992,4.4042263,-4.2240257
459,4.345288276672363,-2.394779682159424,78.6261215209961,-0.4048249273820034,-0.36717659143479797,129.67415654230234,0.050828446,3.933537,-2.005378,8.978057,-8.683637,-5.061825,-0.5697713,0.60557395,-3.818461,6.924474,-6.9849424,2.2130463,7.021373,3.216154,10.162034,-2.555525,11.453474,-36.72471,59.803467,-9.100095,8.2358465,5.5881867,-3.6192508,-10.765638,24.271994,66.398994,-14.299228,4.414558,-4.183277
460,4.50698709487915,-2.451843500137329,78.63764190673828,-0.38374838054528904,-0.07959809939877975,129.80427540869832,-0.38893658,3.9509356,-2.1389072,8.861129,-8.424253,-5.11016,-0.9531389,0.620081,-3.9601533,6.8090496,-6.7857766,2.188369,6.9943233,3.1435087,10.210869,-2.6019585,11.491878,-36.64893,59.759487,-9.135682,8.202596,5.634027,-3.627082,-10.752313,24.190105,66.3802,-14.25245,4.422363,-4.135186
461,4.658758163452148,-2.5070078372955322,78.65087890625,-0.3592224467632091,0.1995270943810266,129.94809331014974,-0.8049501,3.9617298,-2.2780962,8.71006,-8.15022,-5.1830163,-1.3707443,0.62260807,-4.117385,6.7928925,-6.6460967,2.1690116,6.9670553,3.076551,10.261265,-2.653185,11.514054,-36.579456,59.740627,-9.160875,8.158864,5.6746273,-3.6235032,-10.744923,24.12073,66.36852,-14.148401,4.433098,-4.0927444
462,4.813942909240723,-2.571683168411255,78.66056823730469,-0.33175163213916886,0.47578749600765874,130.10274284078181,-1.2159785,3.967352,-2.42252,8.550048,-7.8722076,-5.272094,-1.7864095,0.61750674,-4.2861447,6.7838097,-6.515141,2.1539173,6.941157,3.0059216,10.330195,-2.7064142,11.550821,-36.487995,59.71136,-9.15651,8.109612,5.7008944,-3.6269429,-10.732759,24.02977,66.3638,-14.031245,4.443333,-4.043696
463,4.966005802154541,-2.6323485374450684,78.67139434814453,-0.3045828391102535,0.7515684458419324,130.26567478623824,-1.6219698,3.9716272,-2.5736783,8.378521,-7.587954,-5.358826,-2.1977432,0.6098972,-4.4637465,6.7712665,-6.384328,2.1412518,6.9142046,2.9364288,10.402068,-2.75176,11.59859,-36.402706,59.671276,-9.1544075,8.057795,5.73563,-3.6353455,-10.717504,23.943262,66.371735,-13.889071,4.4557405,-3.9931405
464,5.11746072769165,-2.6870648860931396,78.68093872070312,-0.2804178831464279,1.029499541058689,130.43445908072292,-2.038186,3.9774678,-2.7341535,8.223252,-7.3112636,-5.4247637,-2.6098714,0.60452425,-4.6461134,6.7590923,-6.2527924,2.1275997,6.88737,2.8675444,10.470325,-2.7961648,11.661529,-36.339,59.630047,-9.178445,8.002571,5.791517,-3.6470659,-10.698032,23.864576,66.38939,-13.724898,4.4706388,-3.9400434
465,5.27528190612793,-2.737027406692505,78.68927764892578,-0.2617080939566713,1.3129270378779545,130.60964449727524,-2.4722288,3.9876986,-2.9079583,8.089964,-7.042642,-5.460635,-3.0253036,0.6052333,-4.8358045,6.745803,-6.1178913,2.1120028,6.8615484,2.8034635,10.531862,-2.8460586,11.730035,-36.300148,59.599407,-9.232195,7.9400644,5.880395,-3.661794,-10.678655,23.791445,66.418945,-13.535864,4.4885063,-3.8757026
466,5.42686653137207,-2.7919015884399414,78.69495391845703,-0.24624819332203535,1.5996637626527068,130.79236912930216,-2.9177005,4.0001135,-3.0929477,7.9712152,-6.779812,-5.477762,-3.4430606,0.6084436,-5.033936,6.733684,-5.982277,2.09613,6.837052,2.7487574,10.588312,-2.9133034,11.784658,-36.279568,59.59887,-9.30368,7.8687763,5.993435,-3.676061,-10.665268,23.721922,66.458336,-13.320969,4.5093236,-3.8024657
467,5.573642253875732,-2.841444969177246,78.69993591308594,-0.23003248732865714,1.8838241756702063,130.98029981782915,-3.3591702,4.009686,-3.2813182,7.8524103,-6.5185695,-5.4886913,-3.8550055,0.6087515,-5.2351894,6.721071,-5.8499565,2.0816178,6.81541,2.6996186,10.643022,-2.9885604,11.831151,-36.271862,59.612488,-9.382373,7.7978334,6.1134048,-3.6909797,-10.6553335,23.65624,66.50403,-13.09015,4.5324774,-3.7370737
468,5.716458320617676,-2.895271062850952,78.70513153076172,-0.20939723455812892,2.159681409686896,131.17087009200634,-3.7818909,4.0115666,-3.4653268,7.719756,-6.2551093,-5.5058494,-4.255208,0.60024875,-5.4346356,6.7097073,-5.7261615,2.070273,6.800436,2.6494656,10.700984,-3.0594902,11.88414,-36.27536,59.61668,-9.460558,7.7371507,6.222467,-3.7091405,-10.64549,23.593355,66.55288,-12.852854,4.5571527,-3.6964576
469,5.858681678771973,-2.9445888996124268,78.70923614501953,-0.18153487455608874,2.429408425983916,131.36704170945066,-4.186912,4.0011177,-3.645678,7.5687184,-5.9858203,-5.531161,-4.645537,0.5790573,-5.633022,6.6991577,-5.6124587,2.063468,6.7879114,2.5956576,10.763373,-3.1228073,11.949625,-36.291832,59.60321,-9.531345,7.6974015,6.3127584,-3.730671,-10.6334915,23.533352,66.603195,-12.590871,4.583133,-3.68977
470,6.008556365966797,-2.9971437454223633,78.71326446533203,-0.14906497551326156,2.6946401430630664,131.56896200760355,-4.5805516,3.9816604,-3.8252592,7.4072638,-5.713697,-5.5581965,-5.0281415,0.5492327,-5.832155,6.6887145,-5.5057793,2.0599327,6.774941,2.5442326,10.8248,-3.1911898,12.006537,-36.317184,59.600193,-9.597456,7.669274,6.395755,-3.7573466,-10.623714,23.4808,66.66228,-12.305186,4.611114,-3.7073295
471,6.141200065612793,-3.0437264442443848,78.7188949584961,-0.11673196496025826,2.9493701450337233,131.76992423788548,-4.955515,3.9609067,-3.9998047,7.240562,-5.446016,-5.586968,-5.395908,0.51766044,-6.028397,6.678424,-5.404351,2.0573967,6.769385,2.4964237,10.888479,-3.2552385,12.065795,-36.347824,59.59309,-9.675038,7.636641,6.4800715,-3.78622,-10.6145935,23.436977,66.72531,-12.034185,4.640198,-3.7356906
472,6.266750335693359,-3.0946173667907715,78.72372436523438,-0.08911166390954733,3.1873225137486125,131.96302819935488,-5.307705,3.9462051,-4.1652827,7.0799637,-5.192932,-5.6174545,-5.741803,0.49197,-6.21841,6.66931,-5.307561,2.053489,6.770173,2.4626667,10.950078,-3.3253045,12.098042,-36.367924,59.612373,-9.772021,7.5788546,6.576964,-3.8193793,-10.611392,23.417458,66.79774,-11.811071,4.6708937,-3.762823
473,6.392813682556152,-3.143446207046509,78.72737884521484,-0.06704536610087956,3.4075726471305243,132.1502034365353,-5.6332088,3.9384427,-4.3248105,6.91899,-4.952369,-5.651945,-6.0635486,0.47345135,-6.40451,6.659059,-5.213919,2.0494087,6.785703,2.4323077,11.019968,-3.377208,12.153864,-36.39406,59.60658,-9.918222,7.488776,6.686379,-3.8507712,-10.60829,23.410202,66.86621,-11.649703,4.7057266,-3.782379
474,6.5127668380737305,-3.1875128746032715,78.72947692871094,-0.04845850141143685,3.613090913876877,132.33371509790197,-5.9371753,3.9339037,-4.479364,6.7594247,-4.7231236,-5.689505,-6.36229,0.4593343,-6.5878553,6.6426606,-5.121507,2.0456553,6.804925,2.4133894,11.088845,-3.4352999,12.187304,-36.414623,59.627117,-10.090802,7.373674,6.806272,-3.8861306,-10.608839,23.42506,66.94427,-11.526861,4.7446904,-3.803508
475,6.629371643066406,-3.2241463661193848,78.73272705078125,-0.03252771919349042,3.805243087806272,132.50795504498285,-6.2709618,3.92902,-4.6242166,6.7096667,-4.5608354,-5.725126,-6.6513205,0.44781184,-6.7621884,6.642848,-5.041318,2.0392227,6.8360972,2.4023056,11.156834,-3.489048,12.213258,-36.428513,59.644882,-10.258811,7.253121,6.930611,-3.924393,-10.611864,23.451677,67.02684,-11.439666,4.7798376,-3.8297696
476,6.745762348175049,-3.2590811252593994,78.73370361328125,-0.019333017399359265,3.9852973182140103,132.66696897138036,-6.6005187,3.928448,-4.7490807,6.697198,-4.4257903,-5.754656,-6.9210796,0.44042227,-6.9215217,6.63482,-4.9579964,2.0267038,6.8803415,2.3975575,11.223112,-3.527235,12.239636,-36.424572,59.63591,-10.386727,7.1461897,7.0534925,-3.9666321,-10.61812,23.490454,67.11074,-11.381373,4.8035226,-3.8651056
477,6.852392196655273,-3.298105001449585,78.73393249511719,-0.009182811740755139,4.154932297226544,132.8102395740442,-6.9117546,3.9324646,-4.8574104,6.686208,-4.2977347,-5.7731137,-7.1795707,0.4370558,-7.0650406,6.628263,-4.874825,2.004031,6.938453,2.401514,11.285498,-3.5478804,12.264409,-36.396046,59.595673,-10.443265,7.061546,7.1754017,-4.015678,-10.629249,23.543774,67.201126,-11.354454,4.8103776,-3.9152162
478,6.958515167236328,-3.338430404663086,78.73351287841797,-0.0026213883384188876,4.31338839140603,132.9402121782597,-7.203666,3.9411051,-4.9512324,6.6757183,-4.1769958,-5.784187,-7.4240746,0.43813336,-7.1958303,6.6218147,-4.792646,1.9739547,7.0072813,2.4142609,11.345416,-3.5568233,12.285875,-36.347607,59.536316,-10.454915,6.9873443,7.297775,-4.0701766,-10.646185,23.614393,67.29637,-11.358989,4.80541,-3.975678
479,7.053258895874023,-3.369842767715454,78.73272705078125,0.0026266124559062316,4.4578203712565,133.05713130428921,-7.471215,3.9564679,-5.0189657,6.666484,-4.0668125,-5.7963,-7.649884,0.44164625,-7.3136797,6.6156507,-4.7146745,1.9438158,7.0849404,2.4316547,11.405004,-3.5563514,12.300663,-36.28647,59.465374,-10.469194,6.9140778,7.420995,-4.1279674,-10.66617,23.694935,67.38987,-11.392103,4.7977343,-4.037665
480,7.144155979156494,-3.3985533714294434,78.72875213623047,0.008841290077461133,4.58501308771991,133.16090778258695,-7.7085996,3.9807537,-5.0487037,6.6578765,-3.9698017,-5.8178377,-7.8523545,0.44536465,-7.418007,6.6102753,-4.6442533,1.920962,7.1650968,2.4487875,11.467414,-3.547031,12.309831,-36.215893,59.387085,-10.535104,6.8318844,7.543574,-4.1896334,-10.687816,23.784601,67.47538,-11.448053,4.7965536,-4.0919046
481,7.230792999267578,-3.4247796535491943,78.72419738769531,0.016563472903377043,4.690925152238516,133.2485208227748,-7.907844,4.0193768,-5.0227704,6.648812,-3.8887901,-5.854696,-8.0260725,0.44889003,-7.506149,6.6055336,-4.582756,1.9100718,7.245624,2.464969,11.537042,-3.5236723,12.314683,-36.132626,59.297855,-10.682643,6.7307925,7.6676188,-4.257147,-10.711993,23.887833,67.55292,-11.524345,4.8063374,-4.1379995
482,7.304543495178223,-3.452991247177124,78.72115325927734,0.02497540818479403,4.778293592596929,133.32106750222835,-8.075104,4.069449,-4.952508,6.6413565,-3.8224144,-5.901134,-8.174969,0.45303592,-7.5790663,6.6007085,-4.5276747,1.9064314,7.3337708,2.4816072,11.61043,-3.4886515,12.314897,-36.040535,59.1971,-10.880254,6.618442,7.793282,-4.328924,-10.736548,23.998228,67.62598,-11.626332,4.821626,-4.18049
483,7.375553131103516,-3.478884220123291,78.72022247314453,0.03243713456143501,4.85498149802889,133.38473073789262,-8.222967,4.1221023,-4.8696404,6.634535,-3.764071,-5.9482536,-8.308295,0.45829335,-7.642441,6.59546,-4.477237,1.9031975,7.396986,2.503013,11.684372,-3.4320354,12.309814,-35.906235,59.07474,-11.075535,6.5109873,7.9121675,-4.410715,-10.776199,24.151693,67.68739,-11.741367,4.8377447,-4.2152987
484,7.439050674438477,-3.5000901222229004,78.72144317626953,0.03819918573151931,4.928577477073516,133.44609857731757,-8.364841,4.1677265,-4.805954,6.6284003,-3.7077577,-5.9871674,-8.435138,0.4650564,-7.702404,6.592054,-4.432447,1.8933798,7.48258,2.5214763,11.745311,-3.391368,12.302455,-35.799976,58.95878,-11.245616,6.4257827,8.025477,-4.487813,-10.804717,24.277662,67.74349,-11.893766,4.846926,-4.2434473
485,7.503350257873535,-3.5238940715789795,78.72077178955078,0.04142265549290263,5.000585680907629,133.50463714359205,-8.501672,4.2057104,-4.763734,6.6226935,-3.6530569,-6.0149446,-8.556611,0.47497442,-7.757579,6.589522,-4.393498,1.8708128,7.5464416,2.5414445,11.795471,-3.334651,12.290558,-35.65508,58.817432,-11.366869,6.3714056,8.127998,-4.575755,-10.838738,24.43623,67.79295,-12.064216,4.846906,-4.260871
486,7.56160306930542,-3.538740396499634,78.72207641601562,0.04302421151571107,5.067248580169342,133.55758138802497,-8.627398,4.2402854,-4.7278543,6.6176977,-3.60283,-6.036631,-8.668583,0.48723462,-7.8056927,6.586939,-4.3595505,1.8406525,7.6188264,2.5594974,11.836316,-3.276198,12.277937,-35.50939,58.6626,-11.471232,6.3381257,8.224534,-4.6642127,-10.867072,24.590542,67.83579,-12.264708,4.840215,-4.2702384
487,7.609397888183594,-3.54799485206604,78.71852111816406,0.04386692790465779,5.128102723101436,133.60824553926756,-8.743707,4.2698174,-4.704793,6.6130958,-3.5561585,-6.0550003,-8.770377,0.49843726,-7.8515067,6.5839596,-4.3288283,1.813061,7.674827,2.5776262,11.871833,-3.2140863,12.262636,-35.353474,58.50974,-11.5488825,6.3136935,8.314142,-4.763922,-10.896165,24.765635,67.876236,-12.485863,4.8345995,-4.275965
488,7.664022445678711,-3.564441680908203,78.7115478515625,0.04467638575662892,5.1826807630857346,133.65971913411866,-8.852228,4.2930336,-4.701016,6.608977,-3.5125148,-6.072935,-8.863218,0.5057059,-7.899911,6.581761,-4.2998295,1.798038,7.7255325,2.5954711,11.903618,-3.1668577,12.246401,-35.223484,58.386173,-11.602579,6.286363,8.399094,-4.868142,-10.92266,24.940826,67.91124,-12.731837,4.836302,-4.2825713
489,7.713810443878174,-3.5833542346954346,78.7054443359375,0.04606707491377226,5.231775870202536,133.71537437982505,-8.95599,4.3047934,-4.7325296,6.6049666,-3.469422,-6.0890303,-8.946762,0.50634694,-7.9541144,6.578416,-4.271063,1.8041786,7.763406,2.6131408,11.931248,-3.1329916,12.227226,-35.113937,58.294437,-11.615001,6.254931,8.480445,-4.9809623,-10.949585,25.127245,67.94018,-13.007878,4.847328,-4.284357
490,7.751608848571777,-3.5976686477661133,78.70296478271484,0.04772160240821982,5.275372775416061,133.77263301181264,-9.05356,4.3073354,-4.7910547,6.601347,-3.4278407,-6.102587,-9.022105,0.50262517,-8.010796,6.5756164,-4.2441673,1.824101,7.82268,2.6269157,11.953784,-3.1233058,12.213515,-35.054623,58.22824,-11.601994,6.226388,8.558971,-5.0889535,-10.966849,25.279093,67.95906,-13.328554,4.8621526,-4.2808127
491,7.783819198608398,-3.6050775051116943,78.70216369628906,0.04831652366851154,5.311674451204305,133.82615645000442,-9.138746,4.309623,-4.846551,6.598118,-3.3924835,-6.11695,-9.085845,0.4985056,-8.065053,6.5727005,-4.2200313,1.8442364,7.804414,2.651254,11.973515,-3.089395,12.1767435,-34.92559,58.174496,-11.560202,6.19496,8.627,-5.226691,-11.00727,25.532703,67.98107,-13.625357,4.885763,-4.2849793
492,7.817456245422363,-3.616223096847534,78.70298767089844,0.04820725314686723,5.338713644716002,133.8703148198798,-9.203566,4.3196373,-4.8679957,6.5949965,-3.3692505,-6.1355577,-9.135937,0.4974664,-8.111487,6.571449,-4.2007823,1.850623,7.8607287,2.6656747,11.9948225,-3.101518,12.163166,-34.904068,58.149097,-11.565032,6.1639924,8.688601,-5.3325605,-11.021371,25.664656,67.98525,-13.961844,4.909012,-4.3056545
493,7.844204425811768,-3.6255505084991455,78.70421600341797,0.04429023049650401,5.3525774853963295,133.9043239184565,-9.245487,4.335107,-4.8822446,6.5932837,-3.3618672,-6.1706023,-9.165324,0.5041892,-8.150793,6.5692134,-4.1871796,1.8339945,7.8557196,2.689496,12.015209,-3.0908847,12.135524,-34.834774,58.13744,-11.600716,6.1245937,8.738907,-5.4607553,-11.046091,25.877459,67.997856,-14.269211,4.947482,-4.3520474
494,7.866497993469238,-3.6324985027313232,78.7039794921875,0.03800302387992447,5.355225331259283,133.93074439868593,-9.26794,4.3527656,-4.89382,6.592058,-3.3664684,-6.216547,-9.178628,0.51497823,-8.185056,6.569656,-4.17992,1.8035187,7.8641276,2.7131991,12.038773,-3.0995848,12.111676,-34.798286,58.1505,-11.663052,6.0817604,8.779643,-5.582554,-11.064602,26.055725,68.00064,-14.599917,4.9942093,-4.4124794
495,7.879481315612793,-3.6400086879730225,78.70323944091797,0.03376395015126426,5.354786882108563,133.94991668153287,-9.277381,4.38143,-4.8397613,6.5913515,-3.377045,-6.2501326,-9.186005,0.523183,-8.211306,6.5696898,-4.173375,1.773494,7.869364,2.7327042,12.057026,-3.1165457,12.089836,-34.781315,58.178894,-11.71838,6.042082,8.812733,-5.7044816,-11.079114,26.225565,68.000534,-14.919111,5.0359764,-4.4857907
496,7.888462543487549,-3.6460649967193604,78.70222473144531,0.03651521191376429,5.359239178291123,133.96220813449358,-9.279802,4.4286,-4.656777,6.5912743,-3.3881245,-6.2478476,-9.198657,0.52083707,-8.226739,6.5688806,-4.1630645,1.7583275,7.871626,2.7422035,12.064458,-3.1434681,12.070412,-34.78855,58.21885,-11.736742,6.012496,8.8395605,-5.8263035,-11.090659,26.384811,67.999054,-15.203961,5.058226,-4.5686526
497,7.892339706420898,-3.6509101390838623,78.70606231689453,0.04788262171138834,5.373631873428142,133.96723611386685,-9.279959,4.4934387,-4.3291345,6.5925317,-3.3994315,-6.194894,-9.224351,0.50497127,-8.22915,6.5692954,-4.1464467,1.7641224,7.8844523,2.7356684,12.06297,-3.1891084,12.06132,-34.831356,58.26798,-11.701155,5.99618,8.861714,-5.9452996,-11.096678,26.503735,67.98913,-15.452214,5.046115,-4.6667805
498,7.8919291496276855,-3.660851001739502,78.70880889892578,0.06529176326658792,5.393004004425961,133.96500226620145,-9.273298,4.5722785,-3.890165,6.5942903,-3.4133632,-6.1064973,-9.255285,0.4800471,-8.220674,6.568605,-4.1252136,1.7825286,7.87133,2.722747,12.042509,-3.2326572,12.045245,-34.88743,58.335037,-11.638333,5.9858437,8.884237,-6.0698504,-11.106231,26.659002,67.98284,-15.641039,5.0150003,-4.78592
499,7.891526222229004,-3.6640400886535645,78.71117401123047,0.08608824116502095,5.409659923486323,133.95608674673946,-9.250828,4.6705465,-3.3502262,6.5968966,-3.4305496,-6.004633,-9.280906,0.44993052,-8.204218,6.567504,-4.105734,1.8059378,7.868109,2.705164,12.021093,-3.2912917,12.034764,-34.968666,58.41056,-11.5580015,5.983755,8.892458,-6.187704,-11.113355,26.78108,67.96898,-15.832831,4.982072,-4.9014163
500,7.886935710906982,-3.6692280769348145,78.7137222290039,0.10784682139498905,5.416528561510014,133.94107622335133,-9.204326,4.7930326,-2.719831,6.6005154,-3.4510465,-5.9111943,-9.292606,0.418473,-8.182945,6.5685725,-4.0954146,1.8268678,7.8670173,2.6891828,11.999244,-3.352693,12.028393,-35.066166,58.48679,-11.481111,5.9880867,8.881179,-6.2948375,-11.118417,26.892262,67.950455,-16.042187,4.970097,-4.9978046
501,7.875161647796631,-3.6753575801849365,78.71612548828125,0.1332489728936736,5.411504320717541,133.91500891896334,-9.124839,4.9485726,-1.9566587,6.6040072,-3.474236,-5.8221197,-9.287323,0.38350758,-8.152266,6.5698385,-4.094465,1.8450882,7.8701115,2.6740603,11.974548,-3.4160233,12.024149,-35.18444,58.56431,-11.432613,5.996778,8.847285,-6.392009,-11.122702,27.005796,67.93491,-16.29572,4.992284,-5.0729437
502,7.857093811035156,-3.6797783374786377,78.7195816040039,0.16262981159976214,5.398332797915742,133.8793027829529,-9.017269,5.1309485,-1.069669,6.608479,-3.5012085,-5.7290354,-9.2699795,0.34387222,-8.112392,6.571779,-4.1002564,1.8641013,7.8731627,2.6570506,11.950553,-3.4845529,12.022876,-35.31247,58.64316,-11.388174,6.0116067,8.792214,-6.485627,-11.125759,27.111279,67.91958,-16.58004,5.0338755,-5.133431
503,7.83135986328125,-3.6858835220336914,78.72515869140625,0.18882022479654567,5.379197278680648,133.84385587266718,-8.894994,5.3241615,-0.14659832,6.6136537,-3.5303483,-5.6482224,-9.242415,0.3062368,-8.073318,6.5739737,-4.1113086,1.8815085,7.875285,2.6448133,11.914103,-3.553667,12.023069,-35.47712,58.733543,-11.336483,6.033053,8.7318735,-6.5595884,-11.128354,27.217264,67.89282,-16.816423,5.0789957,-5.1855283
504,7.804502487182617,-3.6879653930664062,78.72671508789062,0.20438640113762707,5.355222913934077,133.81876217339027,-8.770214,5.5122285,0.7245608,6.6171765,-3.558952,-5.596061,-9.204902,0.27689198,-8.045012,6.575886,-4.1266146,1.8949513,7.8510528,2.6401806,11.887727,-3.6230886,12.025167,-35.607746,58.826393,-11.198429,6.065984,8.656663,-6.6387553,-11.129037,27.293842,67.85068,-16.980526,5.105267,-5.2215786
505,7.774203300476074,-3.687089204788208,78.72787475585938,0.20425308296000863,5.327131225271592,133.80679154702622,-8.64239,5.710879,1.5813056,6.6200266,-3.589248,-5.585939,-9.157726,0.2615908,-8.030465,6.578385,-4.1472974,1.9021882,7.8209505,2.648315,11.843678,-3.6913507,12.030528,-35.784622,58.937126,-10.990822,6.108955,8.58283,-6.690115,-11.126891,27.363674,67.785126,-17.01935,5.1133976,-5.255699
506,7.738780975341797,-3.6907129287719727,78.72724914550781,0.19370501139097296,5.293652578711048,133.8019216534784,-8.506072,5.921723,2.4508467,6.623183,-3.6207552,-5.606373,-9.100285,0.25567803,-8.023746,6.580917,-4.172973,1.9049693,7.7793427,2.6641197,11.799368,-3.7637153,12.039212,-35.960686,59.056995,-10.709272,6.1624036,8.495742,-6.7319565,-11.121144,27.40908,67.702354,-16.989689,5.109584,-5.2793403
507,7.701787948608398,-3.6891744136810303,78.72584533691406,0.17954134621824255,5.256036263750936,133.8033901447596,-8.370383,6.1090403,3.2277808,6.625679,-3.6491292,-5.63643,-9.034154,0.2500509,-8.023401,6.5831733,-4.202312,1.9070508,7.7281246,2.681484,11.754538,-3.8361363,12.052053,-36.144863,59.18235,-10.417817,6.222977,8.406081,-6.769383,-11.111229,27.431253,67.60992,-16.900352,5.0952916,-5.2883725
508,7.666740417480469,-3.687518358230591,78.72411346435547,0.1694654629401393,5.2153991680043985,133.8100020994833,-8.247839,6.238271,3.8067486,6.6274858,-3.6690588,-5.654722,-8.962334,0.2358088,-8.027389,6.5853696,-4.2332764,1.9121978,7.668094,2.6953905,11.711837,-3.9078395,12.067597,-36.33385,59.311543,-10.175191,6.287366,8.322112,-6.8054104,-11.09808,27.42848,67.50914,-16.7625,5.071489,-5.2763376
509,7.62338924407959,-3.688523530960083,78.72506713867188,0.16406503682224335,5.173767198353085,133.82189912640564,-8.148632,6.2933407,4.123398,6.6291842,-3.6778207,-5.661583,-8.8867855,0.21072726,-8.037873,6.5878987,-4.266036,1.9209396,7.5772996,2.7086136,11.672414,-3.9737415,12.079077,-36.505527,59.445816,-9.981908,6.357277,8.242311,-6.8512235,-11.088144,27.415161,67.400826,-16.546732,5.0354576,-5.2351975
510,7.580348014831543,-3.685931444168091,78.72473907470703,0.1601062810276816,5.1303096041493,133.83944155758547,-8.065842,6.2960663,4.2462063,6.6298003,-3.6783004,-5.6647115,-8.806018,0.1791829,-8.055023,6.5907884,-4.3014297,1.9313844,7.5057993,2.7186136,11.625868,-4.054806,12.095974,-36.737278,59.59848,-9.840255,6.4336224,8.171366,-6.8757815,-11.072705,27.343914,67.275085,-16.263857,4.9872184,-5.1724424
511,7.525848388671875,-3.6869049072265625,78.7247085571289,0.1581187278906163,5.081184980909579,133.86208844807524,-7.9869804,6.2687254,4.2667146,6.631194,-3.676668,-5.6576777,-8.716709,0.14285108,-8.073779,6.593917,-4.339321,1.9439447,7.4334927,2.7266722,11.583978,-4.137149,12.11459,-36.9687,59.75305,-9.72509,6.5122886,8.104017,-6.893869,-11.055167,27.249876,67.14047,-15.967127,4.9340763,-5.0982676
512,7.466197967529297,-3.6891984939575195,78.72825622558594,0.15792235808157054,5.023125109820147,133.8888858513611,-7.898224,6.233678,4.277644,6.633148,-3.678294,-5.6323333,-8.615522,0.103021465,-8.089227,6.597018,-4.3800306,1.9589252,7.364155,2.7321227,11.5498085,-4.2155633,12.133965,-37.184746,59.9029,-9.63328,6.588308,8.042015,-6.9046564,-11.035791,27.154606,67.00244,-15.704153,4.8834243,-5.026066
513,7.410067558288574,-3.692657232284546,78.73067474365234,0.16141344717061176,4.954824264902968,133.92444933043436,-7.799447,6.188312,4.2773232,6.636703,-3.6824715,-5.5775476,-8.500836,0.05750333,-8.102507,6.601308,-4.424653,1.9780378,7.2761397,2.7348318,11.527069,-4.2844706,12.148434,-37.357105,60.05089,-9.553524,6.66318,7.987295,-6.9122653,-11.019571,27.08035,66.854744,-15.461848,4.833357,-4.9545617
514,7.357490062713623,-3.693922996520996,78.73332214355469,0.16738255315742032,4.878331096099969,133.96764228586898,-7.6963687,6.1242414,4.224613,6.6413527,-3.6871815,-5.501436,-8.374797,0.006636627,-8.115744,6.606373,-4.472627,2.0005975,7.1986055,2.7329102,11.509901,-4.359946,12.164522,-37.537697,60.20651,-9.505412,6.7388806,7.9416347,-6.9051433,-10.999205,26.98344,66.69541,-15.2292,4.7803445,-4.879137
515,7.300075054168701,-3.697430372238159,78.7363510131836,0.1739924941924855,4.794557540271624,134.00918139876094,-7.584755,6.053792,4.1551366,6.6463284,-3.69622,-5.4205422,-8.239837,-0.045961056,-8.124354,6.6118307,-4.5229135,2.023564,7.1134377,2.7337048,11.4975605,-4.4223685,12.1770315,-37.688877,60.35019,-9.476634,6.809318,7.8958197,-6.8993263,-10.98136,26.900972,66.5424,-15.029697,4.7332783,-4.8051696
516,7.2344818115234375,-3.7027313709259033,78.73867797851562,0.17841835316925544,4.704753355214935,134.0396108442276,-7.461726,5.9894624,4.1043167,6.6518664,-3.7129257,-5.351839,-8.0979,-0.0958549,-8.124281,6.616166,-4.57415,2.0436969,7.0559425,2.7388268,11.483107,-4.4793434,12.190256,-37.84881,60.47748,-9.482446,6.869567,7.8462887,-6.8881583,-10.960381,26.805868,66.409775,-14.903867,4.698705,-4.740041
517,7.165738105773926,-3.7142179012298584,78.74032592773438,0.18107095561222952,4.608467969449517,134.05552563947168,-7.324695,5.9329844,4.0804405,6.6567955,-3.7380006,-5.2998652,-7.95028,-0.14274147,-8.1126795,6.6220765,-4.628693,2.060289,7.019628,2.75017,11.466219,-4.521714,12.20373,-38.00321,60.586403,-9.534734,6.918461,7.786067,-6.8749294,-10.935345,26.702242,66.299904,-14.879305,4.6828365,-4.6833177
518,7.097453594207764,-3.7206318378448486,78.74313354492188,0.18257453105023203,4.505319804829084,134.06219739044332,-7.1757946,5.8785625,4.064855,6.661601,-3.7698693,-5.2556243,-7.794389,-0.18848227,-8.092438,6.6269155,-4.685253,2.074959,6.9740844,2.7702205,11.45168,-4.5432606,12.211521,-38.119656,60.677376,-9.618041,6.958026,7.7177844,-6.8659797,-10.917763,26.622217,66.20376,-14.92275,4.681427,-4.631538
519,7.028632640838623,-3.7255921363830566,78.74586486816406,0.1827418774399502,4.396288902515275,134.06362280234126,-7.0185843,5.8257375,4.0528026,6.667412,-3.8074076,-5.215393,-7.63276,-0.2332053,-8.067932,6.6332436,-4.742307,2.0882392,6.958222,2.7906578,11.437027,-4.567514,12.219412,-38.252636,60.75348,-9.71317,6.989616,7.6552105,-6.8515553,-10.894764,26.529015,66.12631,-14.997911,4.6827726,-4.588021
520,6.957791805267334,-3.730569362640381,78.74506378173828,0.18077399514177492,4.282095562244884,134.06371631458984,-6.8548875,5.7740593,4.0395455,6.6727962,-3.8485036,-5.1753025,-7.4655585,-0.27656156,-8.043524,6.6384425,-4.7952447,2.1007047,6.909308,2.8165212,11.432367,-4.570051,12.221534,-38.320385,60.78704,-9.758449,7.0125484,7.6012096,-6.863233,-10.888136,26.509533,66.075714,-15.035368,4.6794686,-4.5531006
521,6.888781547546387,-3.7401981353759766,78.74421691894531,0.17467234881229962,4.163515140904884,134.0645117419683,-6.6884055,5.7255025,4.0189204,6.679524,-3.8924222,-5.1386023,-7.2953825,-0.3167807,-8.02336,6.644182,-4.8418045,2.109398,6.9086246,2.8389158,11.424145,-4.5903554,12.225308,-38.444008,60.799767,-9.799637,7.0214252,7.573945,-6.8643227,-10.876243,26.479168,66.047905,-15.04563,4.6650267,-4.5335345
522,6.813516616821289,-3.7485289573669434,78.74559020996094,0.1654452100548804,4.0394807888991044,134.06351805212265,-6.5255227,5.6800933,3.9942944,6.7069783,-3.9508138,-5.1058145,-7.11966,-0.35463473,-8.004091,6.6496687,-4.884523,2.115053,6.894445,2.8647904,11.425602,-4.5963893,12.227081,-38.5238,60.77265,-9.812262,7.018066,7.5559654,-6.8841853,-10.871511,26.493467,66.04557,-15.044309,4.6463127,-4.5232844
523,6.7385969161987305,-3.764724016189575,78.74488830566406,0.1567094091979697,3.9098005310941444,134.0581309775369,-6.383491,5.6358323,3.973889,6.798342,-4.0485816,-5.0695066,-6.9375405,-0.39365736,-7.9789567,6.6549206,-4.9272943,2.1237369,6.891584,2.891287,11.4268465,-4.5987377,12.228643,-38.605335,60.72661,-9.803315,7.014364,7.5434012,-6.9052505,-10.869268,26.522465,66.064026,-15.0341215,4.628603,-4.520022
524,6.656074523925781,-3.780364990234375,78.74819946289062,0.15210344875351656,3.773720030612772,134.0451655529063,-6.230783,5.5875087,3.971191,6.8943577,-4.156068,-5.0224214,-6.747404,-0.43725792,-7.940868,6.660957,-4.9752693,2.1413674,6.8896556,2.917144,11.436368,-4.5992045,12.229044,-38.65511,60.669296,-9.738785,7.023138,7.519512,-6.936078,-10.870069,26.551903,66.10202,-15.030626,4.6157804,-4.514743
525,6.573258876800537,-3.7985100746154785,78.75244903564453,0.15403567480910546,3.629180717433806,134.02369066170115,-6.064115,5.532033,3.9919298,6.998154,-4.277939,-4.9574623,-6.546395,-0.48769796,-7.883994,6.6680026,-5.03072,2.1716936,6.909804,2.9443269,11.431762,-4.591682,12.2293415,-38.745842,60.60266,-9.6471195,7.0495453,7.4958873,-6.951891,-10.875984,26.598349,66.163025,-14.997795,4.612535,-4.516181
526,6.490368366241455,-3.814913034439087,78.7568588256836,0.15994240557662576,3.4766458055186558,133.99533786031776,-5.885532,5.4720745,4.0295944,7.107744,-4.410897,-4.8803844,-6.334766,-0.5425084,-7.8134174,6.674545,-5.090548,2.2107484,6.9396205,2.971516,11.4354105,-4.585439,12.228603,-38.817993,60.51891,-9.4985695,7.087767,7.463394,-6.973067,-10.886761,26.640158,66.24447,-14.968258,4.612499,-4.5171843
527,6.401717662811279,-3.82578706741333,78.75985717773438,0.16630850239149556,3.3211937649609258,133.96111642817624,-5.698706,5.4120216,4.0756927,7.213413,-4.5461807,-4.802654,-6.1203337,-0.5985906,-7.738858,6.6815434,-5.1512866,2.253278,6.975663,2.9989946,11.439956,-4.576636,12.227145,-38.879604,60.4309,-9.334306,7.1270523,7.431471,-6.9953785,-10.8995695,26.688906,66.33614,-14.942667,4.616318,-4.520392
528,6.318089485168457,-3.8350093364715576,78.75931549072266,0.16945560077721017,3.1677437862239706,133.92257660990896,-5.5106196,5.356354,4.1215477,7.3108478,-4.6772985,-4.735734,-5.9091206,-0.65213114,-7.6700187,6.6881127,-5.209741,2.2938914,7.013051,3.0312748,11.441934,-4.5636806,12.223301,-38.933853,60.34917,-9.192317,7.156714,7.407211,-7.01098,-10.92476,26.753437,66.41771,-14.924021,4.6228237,-4.5245013
529,6.2336554527282715,-3.849337339401245,78.75604248046875,0.16841789521673403,3.0169265356033454,133.87969699618478,-5.32185,5.3060994,4.1647825,7.398877,-4.801837,-4.68269,-5.7022905,-0.70293933,-7.6118603,6.6937118,-5.264628,2.3307762,7.049301,3.0627785,11.443509,-4.5474615,12.218911,-38.965443,60.276005,-9.063133,7.174411,7.390013,-7.036829,-10.949169,26.830973,66.50733,-14.922695,4.630256,-4.52932
530,6.142248153686523,-3.8723771572113037,78.75175476074219,0.16551237612951275,2.866226503874503,133.8321433732635,-5.1285,5.257996,4.210282,7.4783106,-4.922844,-4.6372075,-5.4969134,-0.7524891,-7.558543,6.6999507,-5.31885,2.3669102,7.086485,3.0941966,11.4439335,-4.525938,12.213916,-38.980507,60.20448,-8.935453,7.185624,7.3781853,-7.0669894,-10.973976,26.923695,66.60425,-14.9298725,4.6403017,-4.536036
531,6.052457332611084,-3.887829303741455,78.75028991699219,0.16037746062916727,2.7164576601204673,133.779545374275,-4.931793,5.212927,4.2598615,7.551082,-5.043169,-4.5971637,-5.292998,-0.7995782,-7.5031323,6.7061324,-5.371587,2.4038866,7.1287303,3.1265736,11.4411,-4.5048203,12.209412,-38.992573,60.14211,-8.826054,7.192732,7.369526,-7.1002393,-10.9947195,27.015064,66.7099,-14.949955,4.653295,-4.546598
532,5.963427543640137,-3.8982856273651123,78.75040435791016,0.15258634066246893,2.5683156635046562,133.72196377345398,-4.7343063,5.1714654,4.3152595,7.622623,-5.1680284,-4.560282,-5.0912223,-0.8429599,-7.4389105,6.7118936,-5.422049,2.4436944,7.1616764,3.1683683,11.433616,-4.476149,12.20125,-38.9969,60.086803,-8.748181,7.1972933,7.36338,-7.124582,-11.028014,27.123613,66.80274,-14.969195,4.6728525,-4.5620365
533,5.8742241859436035,-3.9151382446289062,78.74842071533203,0.14097866792918334,2.4254430861404104,133.6586920597348,-4.534153,5.1350856,4.377563,7.6821866,-5.2940965,-4.5289354,-4.8951297,-0.881249,-7.3632407,6.7166767,-5.4681096,2.486823,7.21011,3.2186038,11.415843,-4.455095,12.191498,-39.01922,60.050125,-8.7207775,7.194717,7.364159,-7.1394906,-11.06152,27.212414,66.896416,-15.008903,4.69836,-4.5872707
534,5.784401893615723,-3.9309871196746826,78.74903869628906,0.12621199083932916,2.2862649348752546,133.58991079811688,-4.3337345,5.103401,4.4455376,7.7365823,-5.423068,-4.5033345,-4.7043486,-0.9153885,-7.279959,6.721981,-5.5110097,2.5322592,7.270353,3.27368,11.388942,-4.4385266,12.181313,-39.053993,60.02944,-8.733576,7.185839,7.3716393,-7.1502624,-11.091508,27.290668,66.9967,-15.065392,4.729008,-4.6211705
535,5.691607475280762,-3.951540946960449,78.74790954589844,0.11082407917261333,2.1437884182309794,133.5172084734451,-4.1269817,5.072368,4.5183806,7.788407,-5.5531645,-4.478012,-4.5098667,-0.9484916,-7.1916475,6.726409,-5.554129,2.5794573,7.331714,3.3283966,11.3643055,-4.4231935,12.170235,-39.087177,60.01868,-8.75579,7.18144,7.374572,-7.1568103,-11.120129,27.362148,67.08846,-15.126648,4.7621903,-4.6529865
536,5.595169544219971,-3.970827102661133,78.74488067626953,0.0974026292652639,1.990711287480214,133.4417800053145,-3.9114954,5.039202,4.5949097,7.848988,-5.687547,-4.4476194,-4.304854,-0.98351365,-7.101276,6.732108,-5.601959,2.6278584,7.3845234,3.3795252,11.353732,-4.4068604,12.156831,-39.10691,60.012947,-8.757502,7.192569,7.3610334,-7.157536,-11.150852,27.42712,67.15652,-15.183233,4.7946944,-4.671445
537,5.503397464752197,-3.989299774169922,78.7436752319336,0.08745651432801785,1.8243726846591635,133.36449244008247,-3.6825519,5.0033,4.676577,7.915172,-5.8249793,-4.4118013,-4.085753,-1.0216316,-7.009063,6.7379446,-5.6570787,2.6771796,7.424903,3.4260178,11.361991,-4.3904405,12.136845,-39.098427,60.01513,-8.723901,7.227838,7.321162,-7.147558,-11.191792,27.485397,67.187195,-15.238407,4.832851,-4.67053
538,5.409154891967773,-4.009878158569336,78.74037170410156,0.07919348800337969,1.6488737152910697,133.28437051845492,-3.443424,4.9667134,4.763246,7.9847307,-5.96566,-4.373322,-3.8569608,-1.0612199,-6.9137206,6.7438965,-5.71687,2.727785,7.4656816,3.4612281,11.379811,-4.3726583,12.125963,-39.081997,60.021233,-8.677674,7.2810426,7.2632127,-7.143514,-11.211685,27.522858,67.21814,-15.30369,4.8739867,-4.6611133
539,5.310823917388916,-4.034122467041016,78.73602294921875,0.07182031556871082,1.4666461408238345,133.2006811469828,-3.1973524,4.9291315,4.8519573,8.056863,-6.1071777,-4.3312235,-3.6227684,-1.1017436,-6.8151917,6.751339,-5.776582,2.7800684,7.4919357,3.496563,11.407195,-4.35136,12.111163,-39.054996,60.03159,-8.626362,7.335705,7.2026553,-7.139426,-11.236615,27.571602,67.23437,-15.354097,4.9084425,-4.645936
540,5.221811771392822,-4.050568103790283,78.73275756835938,0.06396504327626829,1.2803086789428868,133.11248581343398,-2.9498222,4.890941,4.939711,8.1347065,-6.248904,-4.284757,-3.3845744,-1.1416183,-6.7135363,6.7570014,-5.829902,2.834174,7.5186744,3.5304694,11.440537,-4.3317647,12.100767,-39.051464,60.043427,-8.58918,7.3781476,7.15546,-7.141745,-11.253163,27.615843,67.25433,-15.386871,4.9224706,-4.6324053
541,5.125438213348389,-4.07038688659668,78.7286376953125,0.0568711500293244,1.0880716806028143,133.02015886174578,-2.700177,4.849632,5.0231733,8.221607,-6.390111,-4.2289486,-3.1417043,-1.1833677,-6.6088862,6.76341,-5.8755693,2.8930075,7.5466943,3.5592906,11.489293,-4.3214297,12.0974245,-39.066425,60.057877,-8.561903,7.4023495,7.1239314,-7.152493,-11.258566,27.647038,67.27354,-15.403232,4.907356,-4.618959
542,5.038785457611084,-4.094415664672852,78.72376251220703,0.051684262544282114,0.8881752239768419,132.92318313574796,-2.4434102,4.8056045,5.1056824,8.31289,-6.530722,-4.1657405,-2.8912613,-1.2273957,-6.500382,6.7693777,-5.9164166,2.9555926,7.5562377,3.5943577,11.533223,-4.2924438,12.0867,-39.109505,60.074043,-8.56653,7.4147234,7.1145625,-7.1588416,-11.276069,27.733967,67.289314,-15.360343,4.8750215,-4.6114306
543,4.946593284606934,-4.119280815124512,78.716552734375,0.04387606730938468,0.6871441356848672,132.82258555612555,-2.1853843,4.7650533,5.190703,8.403057,-6.672028,-4.1048822,-2.641724,-1.268073,-6.3895645,6.775868,-5.95488,3.0164628,7.562883,3.6325338,11.586593,-4.2727265,12.073208,-39.151783,60.096222,-8.566007,7.4239864,7.103215,-7.163401,-11.297523,27.805521,67.28694,-15.318197,4.83617,-4.597887
544,4.852985382080078,-4.144444942474365,78.71048736572266,0.03031519161416754,0.4897488579855694,132.718448265527,-1.9264859,4.732663,5.2832875,8.481353,-6.8134713,-4.0560412,-2.4192472,-1.302936,-6.2758512,6.8244576,-6.014412,3.070197,7.5693827,3.6752076,11.642221,-4.256486,12.0593405,-39.190464,60.117867,-8.553787,7.43823,7.08292,-7.164791,-11.317821,27.855341,67.26802,-15.290779,4.8047414,-4.579192
545,4.763607025146484,-4.171298503875732,78.70482635498047,0.007346759298438555,0.2951633282913864,132.61109469037086,-1.6647127,4.7126427,5.385141,8.544139,-6.9576297,-4.026488,-2.226281,-1.3277093,-6.160632,6.922449,-6.1002655,3.112218,7.5712676,3.7277253,11.699063,-4.2421756,12.043459,-39.22088,60.14208,-8.5311775,7.45863,7.0497046,-7.1627975,-11.338,27.885365,67.23005,-15.276492,4.7825527,-4.5510616
546,4.667812347412109,-4.20361852645874,78.69691467285156,-0.022246409258763533,0.1037929272216872,132.50112002598402,-1.4044023,4.7013946,5.492904,8.60026,-7.1048784,-4.0096307,-2.0380502,-1.3431418,-6.044263,7.016748,-6.1827116,3.146215,7.563879,3.7784362,11.763255,-4.227696,12.039417,-39.23177,60.158615,-8.493019,7.4829946,7.004045,-7.177041,-11.342208,27.892155,67.19285,-15.279797,4.761176,-4.5159903
547,4.586737632751465,-4.233347415924072,78.69287109375,-0.05213501005508576,-0.08787691585924956,132.38584097399587,-1.1381657,4.6919146,5.6073384,8.644787,-7.246622,-3.994148,-1.8498837,-1.3564214,-5.922558,7.1064024,-6.2607574,3.179999,7.5615664,3.8388283,11.8175,-4.2122025,12.019202,-39.27624,60.18521,-8.468161,7.5066547,6.9676065,-7.1663,-11.3612175,27.91062,67.13149,-15.265928,4.7474627,-4.4861803
548,4.504631519317627,-4.262531757354736,78.68904113769531,-0.07761654838679397,-0.2697223756484979,132.2665758627679,-0.8857572,4.6787868,5.723644,8.693412,-7.381874,-3.9688234,-1.6742632,-1.3735698,-5.7955027,7.194949,-6.3342657,3.2205842,7.554721,3.8863096,11.874341,-4.201675,12.006566,-39.31738,60.199,-8.431109,7.5320907,6.9319277,-7.1700797,-11.371384,27.9283,67.07408,-15.260069,4.7393727,-4.466938
549,4.418478965759277,-4.290057182312012,78.68362426757812,-0.09827659960228674,-0.4453661058117564,132.14036056443877,-0.6440953,4.6623464,5.843209,8.752092,-7.5139155,-3.9306955,-1.5045891,-1.3934296,-5.6588335,7.277002,-6.400186,3.2694652,7.5582423,3.9238565,11.922415,-4.1993794,11.994003,-39.39101,60.212963,-8.407002,7.5585766,6.91055,-7.1591105,-11.379586,27.958994,66.99905,-15.243146,4.750221,-4.471987
550,4.337591648101807,-4.319149017333984,78.67765808105469,-0.116584969445455,-0.6159411659132972,132.0084284260353,-0.4062237,4.644221,5.967052,8.8071375,-7.6387353,-3.8855433,-1.3387231,-1.4135197,-5.514738,7.350226,-6.4579706,3.3229818,7.567185,3.9565265,11.966425,-4.2032194,11.981141,-39.489166,60.224136,-8.391293,7.5873594,6.8978724,-7.142536,-11.385681,27.993408,66.91345,-15.223241,4.774066,-4.4928036
551,4.255342483520508,-4.355182647705078,78.67210388183594,-0.13147747289294112,-0.7764542445289331,131.87421417305856,-0.18156576,4.6221313,6.093545,8.861616,-7.7570114,-3.8354213,-1.1870098,-1.4374211,-5.3692207,7.4237614,-6.512385,3.3804665,7.5820527,3.981452,12.002879,-4.2174277,11.965235,-39.60587,60.245434,-8.371686,7.612454,6.8852286,-7.1187,-11.390113,28.020918,66.82172,-15.201149,4.792717,-4.512592
552,4.1756792068481445,-4.386178016662598,78.666748046875,-0.14146190927564076,-0.9226451658887573,131.7424574786864,0.027749099,4.5929165,6.220915,8.904737,-7.8621483,-3.7822726,-1.0534391,-1.4684802,-5.2290177,7.4930987,-6.5602293,3.4414191,7.571624,3.995789,12.042105,-4.2225623,11.958692,-39.686565,60.254395,-8.315146,7.6314955,6.8561287,-7.1172795,-11.390448,28.051533,66.745804,-15.183242,4.786325,-4.5112844
553,4.095288276672363,-4.425079345703125,78.66315460205078,-0.1455925683266786,-1.0513979063508365,131.61251245681922,0.21569312,4.5544467,6.348946,8.939794,-7.9533005,-3.7246974,-0.9387914,-1.5086782,-5.0957932,7.55086,-6.5965734,3.5074792,7.563756,3.9982145,12.063626,-4.2366743,11.950578,-39.79391,60.28712,-8.249939,7.637226,6.817131,-7.1093936,-11.389655,28.078049,66.67736,-15.148618,4.7429543,-4.4859715
554,4.019887924194336,-4.467947959899902,78.65768432617188,-0.14452296075740087,-1.1662811005047191,131.48312986449395,0.38738716,4.5084205,6.47818,8.966805,-8.031698,-3.6622038,-0.8451743,-1.5567667,-4.966366,7.611481,-6.6296763,3.5785441,7.545597,3.9907346,12.08316,-4.2542806,11.943352,-39.893368,60.32369,-8.157847,7.635038,6.7654004,-7.110294,-11.387923,28.099308,66.61462,-15.113689,4.6737237,-4.4414363
555,3.945746898651123,-4.506001949310303,78.65299224853516,-0.14135008170699803,-1.269465342216164,131.3551864981163,0.5452964,4.4595265,6.609099,8.988953,-8.10344,-3.5983553,-0.76224893,-1.6067902,-4.838889,7.66214,-6.6550164,3.650709,7.515095,3.97787,12.101497,-4.270379,11.939144,-39.97479,60.354477,-8.049138,7.6313996,6.709033,-7.116398,-11.385941,28.119925,66.55305,-15.085787,4.601485,-4.39117
556,3.8777124881744385,-4.548862457275391,78.6544189453125,-0.13854097820921665,-1.3627273306934136,131.23001967814227,0.6935669,4.411643,6.7420053,9.003836,-8.171241,-3.5366485,-0.6881102,-1.6547427,-4.7111893,7.706261,-6.6762686,3.720338,7.5055504,3.9652746,12.101481,-4.296614,11.932525,-40.105312,60.393787,-7.9754443,7.632205,6.6702485,-7.0991554,-11.381368,28.128803,66.4863,-15.057947,4.550838,-4.35583
557,3.806204080581665,-4.592118263244629,78.65279388427734,-0.13620209244224823,-1.4460647890330183,131.1103190454949,0.83136374,4.3647423,6.8780966,9.012676,-8.2368,-3.4775872,-0.6247885,-1.7008123,-4.584304,7.74997,-6.6986227,3.7863352,7.498767,3.9541051,12.097513,-4.32938,11.925032,-40.245163,60.42569,-7.9117947,7.639345,6.6432486,-7.073374,-11.373878,28.117174,66.41092,-15.054998,4.528971,-4.333305
558,3.7403578758239746,-4.6304121017456055,78.6554183959961,-0.13301284977176395,-1.5184634340817325,130.99454814792307,0.95744187,4.3169847,7.016893,9.014716,-8.297502,-3.4194226,-0.5731465,-1.7470056,-4.4585295,7.790264,-6.7188377,3.850714,7.4758525,3.941468,12.090809,-4.3560925,11.920882,-40.36873,60.443577,-7.844692,7.64958,6.6209526,-7.0499907,-11.367082,28.112024,66.33261,-15.061874,4.523574,-4.316677
559,3.675126314163208,-4.673619747161865,78.65495300292969,-0.1304184319992248,-1.5819436015111088,130.87849357787317,1.0726706,4.270185,7.1554303,9.014511,-8.355283,-3.3623388,-0.53128046,-1.791531,-4.332153,7.82599,-6.7335277,3.914517,7.4737315,3.926906,12.074805,-4.393727,11.915727,-40.52072,60.468185,-7.7893324,7.663676,6.6041617,-7.0140862,-11.356067,28.085297,66.256905,-15.074225,4.523319,-4.3037453
560,3.6096408367156982,-4.718997955322266,78.65168762207031,-0.12909401597703024,-1.6390772736661092,130.7578987765765,1.182171,4.2250514,7.290942,9.007932,-8.407143,-3.3063602,-0.4978016,-1.8335873,-4.2031755,7.857481,-6.7395186,3.9789739,7.465655,3.9102254,12.060208,-4.424674,11.911688,-40.642754,60.485783,-7.7174926,7.682827,6.581021,-6.990786,-11.346217,28.070366,66.20088,-15.079974,4.5175266,-4.287361
561,3.543768882751465,-4.765026092529297,78.646240234375,-0.13006151113458098,-1.6895990556777867,130.63215835497942,1.2802039,4.1839385,7.418678,9.006055,-8.458877,-3.253634,-0.47351825,-1.8714519,-4.072173,7.8843474,-6.7344713,4.0440807,7.4386835,3.8935611,12.055485,-4.4434295,11.910638,-40.699966,60.484978,-7.599664,7.7148066,6.5414205,-6.988105,-11.342649,28.07922,66.162,-15.0772,4.5036,-4.2652884
562,3.4803311824798584,-4.8148908615112305,78.64059448242188,-0.13228048878827928,-1.732066719511055,130.50327415442402,1.3697788,4.144779,7.5419497,8.999,-8.505525,-3.203279,-0.45975703,-1.9067053,-3.9395535,7.907961,-6.7212205,4.1094003,7.423404,3.8739157,12.042789,-4.4640822,11.9098,-40.763355,60.485836,-7.477049,7.7560816,6.500462,-6.9823017,-11.339262,28.09188,66.13552,-15.062436,4.488314,-4.245951
563,3.4223835468292236,-4.863688945770264,78.63653564453125,-0.13495807138663748,-1.7682524432844409,130.37099613742689,1.4516904,4.106313,7.668061,8.991012,-8.549663,-3.1514118,-0.45378867,-1.9408654,-3.8040454,7.9283023,-6.70323,4.1752486,7.4234095,3.8532937,12.019529,-4.4878397,11.908036,-40.85562,60.49438,-7.385449,7.7917967,6.468452,-6.9667373,-11.333191,28.09729,66.11878,-15.043654,4.4726396,-4.2265706
564,3.3619091510772705,-4.906644344329834,78.63677978515625,-0.13710424918204825,-1.8001963037256967,130.23496723272063,1.5285622,4.067081,7.804524,8.9840765,-8.592574,-3.0940883,-0.45327893,-1.9753606,-3.6642094,7.946485,-6.6842065,4.2418604,7.403032,3.8342378,12.004449,-4.500792,11.907292,-40.90925,60.4942,-7.311963,7.8079977,6.440745,-6.966129,-11.330473,28.100174,66.11398,-15.043885,4.455172,-4.195454
565,3.3026785850524902,-4.956682205200195,78.6379623413086,-0.13816433025058875,-1.8291676474962426,130.09359724579397,1.6026987,4.026627,7.955953,8.977695,-8.633754,-3.0269904,-0.45931557,-2.0109587,-3.5183582,7.9683595,-6.6682515,4.3096514,7.4009705,3.816372,11.976184,-4.5176663,11.905718,-41.022396,60.51121,-7.3319526,7.790534,6.4391727,-6.950166,-11.325387,28.08124,66.120186,-15.061048,4.433061,-4.153717
566,3.242462396621704,-5.005302429199219,78.64134216308594,-0.13947290248818223,-1.8540556849075944,129.94763855366864,1.670753,3.9866157,8.117387,8.974863,-8.674774,-2.9534512,-0.47082785,-2.0459285,-3.3673587,7.988241,-6.650571,4.377777,7.40801,3.799479,11.947541,-4.539798,11.903472,-41.149643,60.535793,-7.3985825,7.751016,6.4494176,-6.927756,-11.320991,28.036062,66.13098,-15.102374,4.406213,-4.1001387
567,3.1744697093963623,-5.057940483093262,78.64077758789062,-0.13986011807063484,-1.8721851114155676,129.7999567354967,1.733321,3.9448762,8.282417,8.965887,-8.711601,-2.8804326,-0.49050745,-2.0818493,-3.2144713,8.004844,-6.629532,4.4469132,7.407538,3.781989,11.918146,-4.5524774,11.901081,-41.255688,60.551987,-7.4607553,7.7114315,6.4595733,-6.9133635,-11.319213,27.994556,66.153175,-15.134173,4.3846188,-4.048086
568,3.1138925552368164,-5.113284587860107,78.63915252685547,-0.13906372180864257,-1.8805961679499792,129.653083780588,1.7878665,3.9005134,8.444987,8.947271,-8.743277,-2.815073,-0.5210466,-2.118981,-3.061134,8.017044,-6.603885,4.516055,7.399539,3.760899,11.886803,-4.554651,11.898946,-41.323013,60.55452,-7.4736166,7.6938934,6.4578714,-6.9046936,-11.318846,27.964323,66.179214,-15.131991,4.3786445,-4.0108366
569,3.0521976947784424,-5.165237903594971,78.63629150390625,-0.1366520410348139,-1.8762171274931205,129.50808464437986,1.8332331,3.8526103,8.603956,8.913598,-8.768005,-2.762366,-0.56753904,-2.1580033,-2.9075756,8.028022,-6.5749397,4.5842443,7.401302,3.7346082,11.848545,-4.5487847,11.895463,-41.36574,60.542618,-7.417046,7.7101135,6.443929,-6.894588,-11.318826,27.93089,66.2041,-15.082983,4.397069,-3.9967937
570,2.9970736503601074,-5.219592571258545,78.63473510742188,-0.1332777418381951,-1.8614435254118626,129.36330569576145,1.8719968,3.8021126,8.762681,8.865932,-8.785439,-2.7175333,-0.6251267,-2.1979754,-2.7528152,8.03295,-6.540605,4.6519756,7.410355,3.70528,11.8049555,-4.5381627,11.889468,-41.389103,60.52324,-7.319043,7.746532,6.423528,-6.886247,-11.319211,27.8921,66.23462,-15.004615,4.4321904,-3.9974017
571,2.9429848194122314,-5.276885509490967,78.63473510742188,-0.12928979755182576,-1.8410951080068703,129.2184625063051,1.9042565,3.7497468,8.920314,8.8158655,-8.799962,-2.67289,-0.68686384,-2.2390716,-2.597779,8.0313,-6.5014234,4.7212234,7.4122286,3.6749802,11.760064,-4.5225096,11.88186,-41.39543,60.499973,-7.21522,7.7869744,6.3982196,-6.883116,-11.319913,27.857603,66.27671,-14.913754,4.469523,-4.001212
572,2.875993251800537,-5.33764123916626,78.63404846191406,-0.12594629824724585,-1.8205192063246864,129.07406908955255,1.9292718,3.69794,9.075112,8.777172,-8.817189,-2.6209714,-0.7487172,-2.280423,-2.444276,8.027082,-6.45892,4.7939563,7.396362,3.643966,11.717454,-4.506277,11.879434,-41.39681,60.479,-7.1495023,7.8148775,6.370921,-6.88493,-11.320236,27.839243,66.333435,-14.824699,4.494818,-3.9982235
573,2.8179588317871094,-5.396524906158447,78.63391876220703,-0.12006455091870163,-1.8005497895638047,128.92882962840207,1.9544463,3.6423562,9.228143,8.735528,-8.828307,-2.55912,-0.81515336,-2.3256147,-2.2902174,8.032718,-6.4191318,4.8711877,7.3926687,3.6189737,11.675188,-4.4947968,11.869986,-41.417816,60.461445,-7.1290274,7.830049,6.3410783,-6.8829927,-11.320748,27.7769,66.413956,-14.76338,4.4960237,-3.9775023
574,2.7567925453186035,-5.455738067626953,78.63581085205078,-0.11589732742144117,-1.7791652337561739,128.7858084297035,1.9697968,3.5884967,9.375876,8.706403,-8.842345,-2.4921536,-0.87916034,-2.369805,-2.1396167,8.029081,-6.37277,4.9510355,7.369167,3.5923016,11.633782,-4.4822164,11.864286,-41.432484,60.445915,-7.145649,7.837794,6.3091617,-6.8841968,-11.321196,27.736893,66.50827,-14.687941,4.488066,-3.9553018
575,2.695401191711426,-5.521202564239502,78.63209533691406,-0.10924472084010516,-1.7546048610871325,128.6391917262043,1.9853512,3.530284,9.5274935,8.668161,-8.850192,-2.4209006,-0.94949216,-2.4176273,-1.9852825,8.027482,-6.326328,5.034095,7.380152,3.5681527,11.589727,-4.489055,11.851344,-41.482296,60.446373,-7.174248,7.8400397,6.277814,-6.8741198,-11.3217945,27.642061,66.606415,-14.643903,4.475413,-3.9246387
576,2.633124351501465,-5.583824634552002,78.63043212890625,-0.10109810979911843,-1.7253317301886197,128.48952929206462,1.9943061,3.469204,9.684204,8.633161,-8.859629,-2.3469899,-1.0253717,-2.468377,-1.8276616,8.022514,-6.278424,5.1201077,7.3877463,3.5429776,11.540693,-4.4911823,11.8358345,-41.531982,60.450974,-7.192208,7.8367877,6.251286,-6.8648195,-11.323628,27.554861,66.69971,-14.611322,4.476684,-3.896653
577,2.566528558731079,-5.644641399383545,78.62779235839844,-0.09016410464509021,-1.6894651769228382,128.33433430995262,1.9992481,3.4036398,9.84928,8.591994,-8.8659,-2.2695649,-1.1091641,-2.523614,-1.6650124,8.014206,-6.2303042,5.208373,7.377668,3.5157745,11.486277,-4.473814,11.824866,-41.561504,60.44521,-7.1835365,7.824153,6.22997,-6.8670025,-11.3258505,27.49325,66.79427,-14.590468,4.495088,-3.8655748
578,2.502232313156128,-5.71234655380249,78.62590789794922,-0.07734628095367133,-1.648339773760072,128.1751899880213,2.0005996,3.334314,10.019915,8.546709,-8.869593,-2.1882546,-1.2000805,-2.5823784,-1.4985318,8.004425,-6.18183,5.2992268,7.3933287,3.4909515,11.426047,-4.4750204,11.798835,-41.620617,60.46369,-7.169918,7.8024926,6.2145042,-6.8566256,-11.33345,27.39278,66.88052,-14.598342,4.5216475,-3.8277006
579,2.43633770942688,-5.780485153198242,78.6251220703125,-0.064340274066801,-1.6056910408092888,128.0152947392777,1.9967957,3.2636473,10.1922035,8.50654,-8.875092,-2.105292,-1.2911028,-2.6425939,-1.3307768,7.9886317,-6.129318,5.3939075,7.3621607,3.4605014,11.369238,-4.441624,11.790501,-41.62771,60.453156,-7.1512156,7.782007,6.1955914,-6.8678536,-11.3370075,27.364256,66.97258,-14.587654,4.5575066,-3.8034909
580,2.3724560737609863,-5.8521928787231445,78.62444305419922,-0.048739579329738346,-1.563702040023883,127.85302292327648,1.999482,3.187093,10.368601,8.452986,-8.873437,-2.0219707,-1.3872004,-2.7066097,-1.1576982,7.9817033,-6.0780473,5.494492,7.3771715,3.4393842,11.3134165,-4.428461,11.765777,-41.66262,60.46249,-7.135476,7.7694507,6.1710486,-6.8634586,-11.348779,27.27141,67.057526,-14.615173,4.5888586,-3.7858584
581,2.312669515609741,-5.920923233032227,78.62615203857422,-0.03313402254099668,-1.5233776598054596,127.69226986476751,2.0029848,3.107947,10.54549,8.398901,-8.870675,-1.9391541,-1.4771427,-2.7718704,-0.9823847,7.9634895,-6.017021,5.603334,7.38646,3.4189782,11.264799,-4.4179516,11.730994,-41.676903,60.48161,-7.13568,7.764909,6.1390224,-6.850362,-11.367738,27.205683,67.12098,-14.634755,4.6275883,-3.796732
582,2.2445998191833496,-5.992390155792236,78.62787628173828,-0.016547556170477064,-1.482674312451227,127.53099584038056,2.005996,3.025342,10.724803,8.342964,-8.865889,-1.8557544,-1.5684477,-2.8396776,-0.80380327,7.9444914,-5.9526715,5.718896,7.385494,3.3986394,11.220293,-4.39403,11.698696,-41.664806,60.49063,-7.138951,7.7658052,6.1008615,-6.8444934,-11.387065,27.161684,67.18381,-14.657155,4.6721354,-3.8263614
583,2.177809000015259,-6.0679240226745605,78.62678527832031,-0.00028895613528876233,-1.4436911653764533,127.36910532740005,2.0097427,2.9417105,10.904249,8.2876,-8.861916,-1.7718487,-1.6568427,-2.9077556,-0.62474436,7.9212413,-5.8850894,5.83609,7.3796988,3.3796365,11.178206,-4.3648887,11.669891,-41.648026,60.496384,-7.141414,7.7748175,6.0594783,-6.8435984,-11.406054,27.12693,67.24912,-14.679823,4.713291,-3.8618267
584,2.1025116443634033,-6.14702844619751,78.62372589111328,0.014129612527647792,-1.4082755730463508,127.20673130222455,2.01584,2.8597257,11.081432,8.232732,-8.859305,-1.6875403,-1.7424448,-2.9738061,-0.4478493,7.898771,-5.8184404,5.94984,7.367443,3.359308,11.137057,-4.33549,11.651657,-41.64083,60.50182,-7.139508,7.7932506,6.0162983,-6.844338,-11.419112,27.10012,67.31529,-14.695268,4.7435017,-3.8919017
585,2.0400679111480713,-6.222214698791504,78.6207504272461,0.026032640027326526,-1.3768782904345256,127.04429354600072,2.022853,2.7807324,11.255258,8.182953,-8.861636,-1.6027195,-1.8260909,-3.0370028,-0.27546263,7.8811245,-5.756495,6.0570526,7.3744583,3.3548217,11.095389,-4.352831,11.597972,-41.669712,60.568436,-7.1228533,7.8221817,5.969358,-6.8132553,-11.459959,27.041737,67.348236,-14.718898,4.755558,-3.9019835
586,1.9716659784317017,-6.294891357421875,78.61788940429688,0.03634438321622391,-1.348058977945743,126.88212290478897,2.0305462,2.7030306,11.426707,8.134766,-8.866045,-1.5174781,-1.9052585,-3.098633,-0.106179945,7.8588624,-5.692714,6.1610045,7.376963,3.3522322,11.052004,-4.3682795,11.55152,-41.71309,60.63434,-7.1050425,7.864463,5.920202,-6.784824,-11.498137,26.989265,67.387184,-14.738496,4.755476,-3.9091027
587,1.8998818397521973,-6.384245872497559,78.61100006103516,0.04584573673730497,-1.3228377360598325,126.71833503389983,2.0415752,2.6250756,11.598046,8.08594,-8.8703,-1.4318193,-1.9852196,-3.1599352,0.06472998,7.843462,-5.6313944,6.266248,7.361098,3.3439178,11.013917,-4.357938,11.531409,-41.739075,60.66748,-7.0835695,7.911318,5.871152,-6.783711,-11.516953,26.960594,67.45055,-14.749562,4.751743,-3.920368
588,1.8246605396270752,-6.466622829437256,78.60892486572266,0.05468724461605919,-1.3024096421892732,126.55047572026169,2.056402,2.5473592,11.772552,8.039221,-8.874975,-1.346066,-2.0598934,-3.2210417,0.24193442,7.821917,-5.563365,6.3771505,7.364868,3.335044,10.985777,-4.3690085,11.502784,-41.77861,60.7214,-7.074254,7.9450874,5.8283296,-6.754863,-11.546697,26.922377,67.4701,-14.75301,4.757549,-3.935037
589,1.7552697658538818,-6.547060012817383,78.60504913330078,0.06368031265961174,-1.2866540414361107,126.37871407302073,2.0763528,2.4681828,11.949632,7.9921484,-8.878556,-1.2583238,-2.1325548,-3.2827895,0.42745116,7.7993636,-5.4901385,6.4968324,7.3528137,3.3192906,10.969334,-4.3554907,11.492478,-41.788666,60.742775,-7.0730963,7.9709816,5.7913527,-6.7556863,-11.559303,26.919981,67.50556,-14.732022,4.774984,-3.9638536
590,1.6849061250686646,-6.63084602355957,78.60430145263672,0.07211879686685556,-1.2751888209964044,126.20380797961674,2.0989113,2.389381,12.128263,7.9477997,-8.8826885,-1.1692588,-2.2014046,-3.3440921,0.61847836,7.7726197,-5.4112825,6.6222935,7.3417664,3.3030367,10.961571,-4.34251,11.482884,-41.793938,60.76339,-7.079677,7.991155,5.759054,-6.7565174,-11.573339,26.930546,67.528,-14.695223,4.7995043,-3.9992259
591,1.6150219440460205,-6.720757484436035,78.60317993164062,0.07952709372639957,-1.2685144858935924,126.0261912255018,2.12733,2.3098223,12.308816,7.9013877,-8.886422,-1.0820675,-2.266243,-3.4053833,0.8120922,7.745357,-5.3313875,6.749134,7.3229094,3.3000276,10.961513,-4.330826,11.458038,-41.789726,60.788708,-7.0816026,8.002069,5.7327785,-6.741742,-11.6137295,26.955317,67.51925,-14.65118,4.8239193,-4.0291314
592,1.5355966091156006,-6.809484004974365,78.59992980957031,0.08622363448533808,-1.2670368439710824,125.84613306679614,2.1629999,2.22923,12.491619,7.85081,-8.889731,-1.0003328,-2.3302124,-3.466827,1.0053706,7.7267537,-5.2571135,6.8729243,7.302932,3.2949455,10.963384,-4.3067594,11.447675,-41.787838,60.798878,-7.0709457,8.006,5.7132,-6.7411437,-11.632123,26.959269,67.5369,-14.633831,4.836356,-4.052701
593,1.4540059566497803,-6.908721446990967,78.59368133544922,0.09109170233553798,-1.2735087250627566,125.66563651604812,2.2085638,2.1470914,12.673939,7.7978086,-8.894977,-0.9260434,-2.3833163,-3.52927,1.1939285,7.706571,-5.186251,6.9903126,7.2792325,3.3013346,10.971346,-4.2777257,11.433288,-41.78126,60.806473,-7.040664,7.996709,5.70119,-6.723941,-11.658535,26.940939,67.53952,-14.654529,4.837324,-4.0587583
594,1.38137686252594,-6.9996724128723145,78.5871353149414,0.09509037613180514,-1.2867141305591925,125.48385330244294,2.2641392,2.062744,12.856683,7.7384663,-8.898737,-0.85693586,-2.4332592,-3.5925274,1.3807776,7.6942964,-5.1211505,7.104502,7.255655,3.3138556,10.984081,-4.2429104,11.419827,-41.775013,60.808174,-6.9991636,7.977592,5.696325,-6.7050505,-11.682745,26.902672,67.545715,-14.703221,4.828546,-4.054656
595,1.3072117567062378,-7.089766025543213,78.58041381835938,0.09829675630422387,-1.301550575574146,125.2971293626838,2.3213096,1.979736,13.044627,7.6795177,-8.903413,-0.7903252,-2.4823997,-3.6539521,1.5726274,7.6797748,-5.053095,7.220595,7.2277946,3.3246255,10.99705,-4.203492,11.412543,-41.77408,60.805824,-6.9552584,7.9541144,5.6981773,-6.694631,-11.695917,26.871264,67.56042,-14.742291,4.81581,-4.052636
596,1.222198247909546,-7.187520503997803,78.573486328125,0.1006639379516513,-1.3131628871090186,125.1022496007584,2.3745477,1.9009832,13.242285,7.6203313,-8.90642,-0.7233263,-2.5330212,-3.710871,1.775536,7.6510043,-4.971327,7.343743,7.1985774,3.330336,11.010628,-4.171254,11.409503,-41.784237,60.808044,-6.9115715,7.9316063,5.704373,-6.6929607,-11.702463,26.856815,67.57264,-14.7427435,4.803649,-4.0602517
597,1.1459007263183594,-7.2794718742370605,78.56681060791016,0.10356855892580051,-1.3200720168848006,124.8969997401321,2.423871,1.8250608,13.452973,7.5577345,-8.905175,-0.6535326,-2.5941021,-3.7639189,1.9959046,7.621303,-4.880828,7.477881,7.175126,3.330633,11.025109,-4.153788,11.407923,-41.8186,60.81842,-6.8718266,7.9068203,5.716521,-6.6965265,-11.708879,26.859306,67.57441,-14.693918,4.7934513,-4.079547
598,1.0721510648727417,-7.376697063446045,78.5613021850586,0.10602290080989134,-1.3248309542257115,124.68418220748501,2.469469,1.7522659,13.6727085,7.4964585,-8.902894,-0.58307266,-2.6544013,-3.813633,2.2273386,7.576024,-4.776402,7.619264,7.153563,3.3290985,11.03923,-4.1438003,11.408184,-41.87438,60.83354,-6.8367634,7.877904,5.736202,-6.702813,-11.714826,26.878798,67.569176,-14.6067705,4.7830634,-4.1067924
599,0.9981611967086792,-7.478052139282227,78.55528259277344,0.10698100990894396,-1.3287457229450337,124.46542042575825,2.5148752,1.68255,13.898913,7.433726,-8.90074,-0.51548755,-2.7183826,-3.8596103,2.4636786,7.5300646,-4.668734,7.762273,7.145065,3.3290083,11.045187,-4.1328044,11.412433,-41.972225,60.849346,-6.8220253,7.8537617,5.766229,-6.6922593,-11.727015,26.904156,67.54912,-14.488685,4.7714734,-4.1391416
600,0.9223117232322693,-7.580528259277344,78.54661560058594,0.10539771531935395,-1.3338867058319168,124.24209413962934,2.5643508,1.6163896,14.128765,7.3667736,-8.899663,-0.45445418,-2.7819567,-3.901405,2.6974213,7.482605,-4.5605984,7.9010973,7.1215243,3.327655,11.0618515,-4.1159363,11.416644,-42.022278,60.860718,-6.7770066,7.84394,5.7891445,-6.6931124,-11.731576,26.911741,67.53039,-14.389833,4.7551017,-4.1660447
601,0.8540732860565186,-7.676815986633301,78.5385971069336,0.10024077668730706,-1.3430234378632988,124.01353909491833,2.6224675,1.5548451,14.362492,7.2945223,-8.901621,-0.4044932,-2.8411057,-3.9382343,2.9258733,7.4329762,-4.45439,8.034488,7.098999,3.3294284,11.079865,-4.087498,11.421803,-42.06428,60.866386,-6.7188115,7.856242,5.816013,-6.6876526,-11.733739,26.90236,67.50805,-14.30565,4.7344503,-4.1873918
602,0.7753174901008606,-7.774534702301025,78.52937316894531,0.09198076231047261,-1.3546440554219252,123.77924998041529,2.6860673,1.4975114,14.60107,7.2185493,-8.905637,-0.3625113,-2.901306,-3.969993,3.153104,7.387476,-4.3513074,8.165441,7.073773,3.333242,11.101628,-4.0542,11.426784,-42.093506,60.87078,-6.644009,7.8837233,5.844253,-6.682976,-11.733481,26.881454,67.48345,-14.228293,4.7098846,-4.204821
603,0.7005378603935242,-7.877124786376953,78.52043151855469,0.08268883944520958,-1.363019138771642,123.54204607174518,2.7446156,1.4428369,14.842781,7.14284,-8.908784,-0.32062843,-2.9599214,-3.9993181,3.3812945,7.3258924,-4.235922,8.294935,7.065073,3.3318849,11.122052,-4.0236998,11.44166,-42.141953,60.87189,-6.5796537,7.913998,5.870604,-6.67031,-11.727902,26.827974,67.45138,-14.144918,4.680832,-4.225006
604,0.6239946484565735,-7.979679107666016,78.51274871826172,0.07396332099449582,-1.3622867106300962,123.3037131979877,2.789396,1.3890607,15.086379,7.069007,-8.907799,-0.27091187,-3.0343232,-4.026351,3.6147037,7.269271,-4.1144347,8.423883,7.0522785,3.3217974,11.137819,-3.9981935,11.458871,-42.189457,60.87857,-6.5377884,7.934428,5.889364,-6.656626,-11.717432,26.771301,67.41221,-14.031481,4.6500382,-4.2569923
605,0.5543777942657471,-8.085628509521484,78.50778198242188,0.06597727611809047,-1.3478863732781845,123.06539305640203,2.8100317,1.3379971,15.333663,7.006022,-8.90449,-0.20715007,-3.1286352,-4.0515075,3.8546786,7.2139573,-3.981255,8.550621,7.03416,3.3024123,11.143028,-3.9736362,11.48037,-42.23441,60.88848,-6.5246406,7.937428,5.8971257,-6.6487246,-11.700897,26.716726,67.3744,-13.862013,4.616205,-4.313062
606,0.4843156337738037,-8.18896770477295,78.50216674804688,0.05743048038725101,-1.3239386131833157,122.82564601596178,2.8158765,1.2896365,15.584908,6.9466248,-8.898084,-0.1349128,-3.2342408,-4.073915,4.0991607,7.1525517,-3.835625,8.675377,7.0088425,3.2786393,11.141472,-3.9491665,11.501165,-42.272182,60.90241,-6.5290747,7.9309907,5.8973036,-6.6430545,-11.682286,26.664837,67.33321,-13.65156,4.579625,-4.385372
607,0.4255909323692322,-8.285655975341797,78.49815368652344,0.0504957772607674,-1.2979780968965808,122.5842300905834,2.7997353,1.2458886,15.834476,6.9268165,-8.91134,-0.06428257,-3.3469691,-4.0957227,4.3460865,7.0972743,-3.6902866,8.80193,6.9948344,3.2339432,11.139087,-3.918984,11.554118,-42.334515,60.899303,-6.5552397,7.9262915,5.89569,-6.6464953,-11.633934,26.585838,67.30864,-13.450057,4.539033,-4.4555273
608,0.3643416464328766,-8.384984016418457,78.49400329589844,0.04461759536720064,-1.2777437150777642,122.34067005623126,2.7812154,1.2030168,16.077097,6.924599,-8.936299,-0.004940559,-3.4469693,-4.1178603,4.5918226,7.0274534,-3.5402267,8.934183,6.9639955,3.1890752,11.144246,-3.8902724,11.593575,-42.386642,60.908466,-6.5791564,7.927526,5.8976088,-6.6501865,-11.59883,26.520405,67.27642,-13.276391,4.4972644,-4.495568
609,0.30469849705696106,-8.487502098083496,78.48734283447266,0.03922174121121686,-1.2665429040024423,122.0945043863496,2.7719347,1.1581866,16.30824,6.921616,-8.964282,0.038499616,-3.5426636,-4.1385016,4.838123,6.9668083,-3.3925498,9.063836,6.9295163,3.1418412,11.159669,-3.8670616,11.6273155,-42.452118,60.925953,-6.612621,7.9415884,5.9076605,-6.6497808,-11.569974,26.441294,67.23628,-13.164428,4.4552035,-4.4847183
610,0.23777945339679718,-8.593977928161621,78.48074340820312,0.034416781271583305,-1.2595965318758808,121.84597879668328,2.766869,1.1120434,16.531929,6.9184856,-8.994177,0.07193542,-3.6362543,-4.157888,5.0855455,6.9073915,-3.2417114,9.192009,6.9111004,3.0809953,11.181097,-3.8456867,11.682899,-42.553413,60.93329,-6.6675196,7.965275,5.9221787,-6.64651,-11.525885,26.32303,67.19742,-13.100268,4.41071,-4.442488
611,0.17387300729751587,-8.700678825378418,78.47391510009766,0.031885628201020234,-1.2533501198641783,121.59633465990335,2.762115,1.0652366,16.755733,6.9145083,-9.023667,0.10164485,-3.749311,-4.1763644,5.3325944,6.892712,-3.1245506,9.33629,6.8722644,3.0201037,11.20475,-3.8268924,11.719368,-42.633286,60.960167,-6.713119,7.98533,5.9344153,-6.6439533,-11.499073,26.235603,67.15025,-13.020868,4.364088,-4.4006033
612,0.1179644986987114,-8.795106887817383,78.4643783569336,0.03692515264878955,-1.2437639121215003,121.34626360658973,2.7546701,1.0142686,16.98788,6.9103208,-9.052758,0.13373597,-3.9455917,-4.1931705,5.5813923,7.053898,-3.1234102,9.513753,6.858022,2.9348392,11.226744,-3.8084624,11.787187,-42.744324,60.976013,-6.760738,7.9979496,5.9395456,-6.637361,-11.453842,26.131277,67.10898,-12.908858,4.3095684,-4.3982787
613,0.060956280678510666,-8.887655258178711,78.45661163330078,0.039321153522102,-1.2274137777915939,121.09794333555155,2.7395606,0.97188413,17.229252,6.906263,-9.082124,0.1644952,-4.113289,-4.2079425,5.82265,7.1444745,-3.1012037,9.713072,6.8252664,2.8411365,11.245206,-3.7778897,11.865272,-42.82522,60.990623,-6.792174,7.9948997,5.9341664,-6.641986,-11.406911,26.072796,67.072876,-12.717009,4.2476563,-4.4464064
614,0.010724622756242752,-8.983098983764648,78.44679260253906,0.040472875151890846,-1.2073260733619366,120.85033179698739,2.720186,0.934871,17.476063,6.9021053,-9.111812,0.19241521,-4.2675343,-4.220734,6.058843,7.2020645,-3.0741186,9.93006,6.7831135,2.7432656,11.261671,-3.748534,11.938754,-42.89204,61.018982,-6.814431,7.9809475,5.9226656,-6.647888,-11.366649,26.041586,67.03324,-12.474455,4.1799016,-4.5238123
615,-0.04018818587064743,-9.077193260192871,78.4356689453125,0.04811381836800778,-1.1893903887349577,120.59971513749512,2.7040868,0.8926741,17.727201,6.8974404,-9.139391,0.22602426,-4.4089546,-4.2417793,6.2879014,7.244125,-3.068556,10.192599,6.7429385,2.6368318,11.279339,-3.7226396,12.012215,-42.965187,61.05359,-6.8248916,7.964625,5.905885,-6.649731,-11.3302965,26.018297,66.993774,-12.228201,4.107967,-4.6174493
616,-0.08465205878019333,-9.168438911437988,78.42273712158203,0.07023101175145557,-1.1793776769710593,120.34266526877292,2.6995294,0.83443624,17.982002,6.8914695,-9.162669,0.27377865,-4.5382447,-4.28155,6.5074873,7.2890706,-3.1098325,10.528286,6.7124124,2.515809,11.302174,-3.697278,12.0952835,-43.059753,61.08022,-6.81924,7.954374,5.884054,-6.6464787,-11.295589,25.989317,66.9604,-12.023015,4.033801,-4.714783
617,-0.1370812952518463,-9.262762069702148,78.40482330322266,0.11394507419798398,-1.177974917196789,120.07712555295554,2.7076893,0.7508224,18.241571,6.884716,-9.179168,0.34437567,-4.626751,-4.3496046,6.7338037,7.2780304,-3.186302,10.994997,6.6925936,2.3766546,11.330265,-3.6816702,12.177084,-43.187008,61.113106,-6.791807,7.951045,5.854582,-6.6338053,-11.2691145,25.961308,66.92944,-11.8895235,3.963628,-4.8066316
618,-0.18593910336494446,-9.350711822509766,78.38667297363281,0.17215924752771353,-1.1822521434556257,119.80547713758178,2.7243118,0.651459,18.505606,6.877612,-9.19072,0.43097597,-4.6901155,-4.4374237,6.9606085,7.2355375,-3.2934964,11.560403,6.6833735,2.2224102,11.363212,-3.669659,12.267942,-43.34124,61.142212,-6.7485995,7.9515204,5.817755,-6.6127505,-11.248491,25.932705,66.89755,-11.799549,3.8943114,-4.901693
619,-0.22692200541496277,-9.436697959899902,78.3729248046875,0.22991582469175417,-1.1927684702353976,119.53010717366183,2.74967,0.55464524,18.770866,6.8704367,-9.203681,0.51879823,-4.774183,-4.5296097,7.1502776,7.2594166,-3.452806,12.117514,6.680973,2.0716782,11.400147,-3.658107,12.358851,-43.49883,61.1669,-6.69493,7.954388,5.780351,-6.5830235,-11.236368,25.894053,66.86338,-11.701935,3.815288,-5.011718
620,-0.2727680504322052,-9.51107406616211,78.35931396484375,0.2733700240114584,-1.2098668286375882,119.25400125890222,2.7825358,0.47819352,19.03412,6.8650656,-9.224364,0.593127,-4.92127,-4.6114764,7.267343,7.4395595,-3.6828296,12.559558,6.6853833,1.9400133,11.440657,-3.64259,12.448769,-43.642235,61.18025,-6.640001,7.9591336,5.7490034,-6.5440993,-11.232485,25.831095,66.82569,-11.546865,3.7154834,-5.1484823
621,-0.3174836337566376,-9.592369079589844,78.34539794921875,0.30130071774076994,-1.2317437529870934,118.96850936234402,2.8225482,0.42450076,19.303072,6.861109,-9.257181,0.6513352,-5.152111,-4.666243,7.3605523,7.8072696,-3.9996645,12.872986,6.7030897,1.8293365,11.481737,-3.6220496,12.533584,-43.76668,61.183056,-6.5799327,7.9674845,5.72463,-6.4960427,-11.237356,25.744576,66.78591,-11.3048,3.5812783,-5.3162985
622,-0.36477386951446533,-9.66843318939209,78.32965087890625,0.32059730480288534,-1.2587309956064765,118.675144089953,2.8698936,0.38508153,19.576725,6.8584723,-9.297944,0.7008372,-5.438913,-4.7070637,7.4305787,8.307187,-4.387747,13.109322,6.725009,1.7334043,11.5200615,-3.6055317,12.594334,-43.870697,61.202255,-6.5060997,7.9773436,5.705259,-6.4473643,-11.247946,25.650505,66.75723,-11.005647,3.4218905,-5.5098863
623,-0.4077124297618866,-9.739502906799316,78.31462860107422,0.33111343857228664,-1.293887644514862,118.39133699303645,2.9259133,0.35745838,19.839355,6.856592,-9.339161,0.74235386,-5.757334,-4.7665367,7.373224,8.911108,-4.8254952,13.259286,6.749574,1.651053,11.56484,-3.5933661,12.654537,-43.97552,61.21773,-6.4372826,7.9864597,5.6904683,-6.386475,-11.263708,25.526669,66.7222,-10.696703,3.2595742,-5.7221966
624,-0.4410882592201233,-9.80644416809082,78.302001953125,0.33338420526702117,-1.3406050128273994,118.1347712413042,2.990458,0.33940697,20.075106,6.857266,-9.373933,0.7767851,-6.0810375,-4.8797483,7.084775,9.58833,-5.290994,13.313108,6.776844,1.5802313,11.62933,-3.5775285,12.74929,-44.09911,61.19106,-6.3877406,7.9935827,5.6786165,-6.2969613,-11.291885,25.34958,66.652435,-10.423781,3.1169958,-5.9445753
625,-0.4746595025062561,-9.871901512145996,78.2943115234375,0.32881076622924177,-1.4037919601298348,117.90825553195413,3.0697408,0.3280929,20.281935,6.8569036,-9.396716,0.8048042,-6.4102077,-5.061561,6.5155888,10.353371,-5.800418,13.249238,6.7698464,1.5216956,11.710546,-3.5646217,12.839542,-44.20475,61.167618,-6.348223,7.990526,5.675235,-6.208948,-11.3157015,25.160463,66.587166,-10.166768,2.9934063,-6.206716
626,-0.5096174478530884,-9.934189796447754,78.28488159179688,0.3193442480811858,-1.480346588294023,117.70303773586838,3.1593022,0.32370186,20.467878,6.8604493,-9.414461,0.82633746,-6.752652,-5.3019094,5.73265,11.210611,-6.3581376,13.078149,6.7473845,1.4716895,11.802944,-3.5590153,12.92384,-44.304237,61.151684,-6.317259,7.9808273,5.6796017,-6.119724,-11.334106,24.948242,66.52894,-9.914251,2.8782504,-6.503218
627,-0.5418604612350464,-9.988886833190918,78.27760314941406,0.306715097090115,-1.5618540214533323,117.51936347827193,3.2542899,0.32286137,20.632753,6.8625073,-9.430704,0.84122753,-7.0841546,-5.599178,4.805828,12.0958805,-6.919899,12.839001,6.7186823,1.4276913,11.896775,-3.5564082,13.00974,-44.398777,61.132,-6.2922544,7.972513,5.6832695,-6.0232873,-11.348566,24.706005,66.47009,-9.702488,2.7837358,-6.785076
628,-0.565194845199585,-10.04143238067627,78.26848602294922,0.29062290525784334,-1.6399127508820488,117.3578766565661,3.3456082,0.32588536,20.775776,6.865231,-9.451871,0.84902334,-7.392579,-5.94614,3.803999,12.9698715,-7.4463453,12.570387,6.6848345,1.3893161,11.978944,-3.5559125,13.093303,-44.481224,61.111065,-6.269457,7.972439,5.6782947,-5.923037,-11.359003,24.439236,66.41491,-9.563383,2.7228673,-7.005018
629,-0.592140793800354,-10.086387634277344,78.25938415527344,0.27258290422629095,-1.7147326433228862,117.22038349425,3.4344437,0.33022445,20.893383,6.868774,-9.481273,0.84721315,-7.666298,-6.3647723,2.6517925,13.82145,-7.9421554,12.284094,6.646103,1.3554064,12.047963,-3.5555785,13.17496,-44.546257,61.083405,-6.249336,7.986541,5.658377,-5.811043,-11.364186,24.13396,66.35476,-9.534185,2.7050889,-7.148912
630,-0.6176065802574158,-10.126689910888672,78.25101470947266,0.2526442829953045,-1.790116359878481,117.10637036704196,3.524209,0.3357656,20.987213,6.871712,-9.514216,0.8369471,-7.909631,-6.855131,1.3443412,14.67309,-8.426057,11.958378,6.599144,1.3254431,12.109225,-3.5584192,13.252457,-44.596867,61.055523,-6.233621,8.009361,5.629332,-5.6920643,-11.364032,23.795824,66.295166,-9.58728,2.7223153,-7.243208
631,-0.6449605226516724,-10.162253379821777,78.24166107177734,0.2299944988397612,-1.86339240325024,117.01239571996423,3.6104105,0.34485218,21.06408,6.87623,-9.548843,0.8233558,-8.139082,-7.3723955,0.055435237,15.53797,-8.882784,11.58214,6.551232,1.3007752,12.164702,-3.565796,13.331837,-44.648777,61.027233,-6.220912,8.032295,5.600658,-5.5733504,-11.360383,23.444021,66.242874,-9.660549,2.7609622,-7.299334
632,-0.6690467000007629,-10.1922025680542,78.23273468017578,0.20325652197417401,-1.9318072817667153,116.935011081314,3.6907494,0.35888323,21.131224,6.879607,-9.58046,0.81159884,-8.371721,-7.868742,-1.0420307,16.420567,-9.29163,11.144187,6.50054,1.2834338,12.214327,-3.5805593,13.408216,-44.705936,61.010387,-6.205784,8.0456,5.581819,-5.4677634,-11.356192,23.109211,66.210945,-9.68883,2.8076632,-7.329285
633,-0.6908087730407715,-10.219490051269531,78.22927856445312,0.16696431645213267,-1.9931690606856471,116.87704640601214,3.7596684,0.3849356,21.189428,6.8846884,-9.611073,0.7993613,-8.631573,-8.340537,-1.9471773,17.357697,-9.650939,10.582996,6.4283543,1.2810578,12.253695,-3.6101265,13.459433,-44.75377,61.033638,-6.184217,8.040739,5.5761395,-5.3885684,-11.354306,22.82664,66.20948,-9.670027,2.86738,-7.3215246
634,-0.70868319272995,-10.241713523864746,78.2274169921875,0.12485923400518317,-2.049418345940321,116.83939117572399,3.821036,0.41744104,21.235271,6.889482,-9.641224,0.7853221,-8.898902,-8.809166,-2.739122,18.320953,-9.9667225,9.924002,6.382573,1.2848183,12.293019,-3.6548772,13.530955,-44.844032,61.049587,-6.1743875,8.02844,5.577183,-5.296306,-11.354724,22.512598,66.19904,-9.652694,2.942429,-7.269501
635,-0.729932427406311,-10.25805377960205,78.22650146484375,0.088578755344354,-2.104737655752273,116.81591678342954,3.8824966,0.44263852,21.268986,6.8932157,-9.6679125,0.7764835,-9.143311,-9.259042,-3.364221,19.243244,-10.230806,9.287526,6.3169007,1.2909157,12.324853,-3.6966298,13.587233,-44.911552,61.075317,-6.155256,8.014673,5.583894,-5.219694,-11.356136,22.226114,66.21525,-9.578687,3.022781,-7.2089815
636,-0.7464977502822876,-10.276001930236816,78.22604370117188,0.06824186657584917,-2.1631531135596487,116.80009025868506,3.9506016,0.44903085,21.290249,6.8969984,-9.689172,0.77921736,-9.332652,-9.669878,-3.7696657,20.051844,-10.431962,8.794972,6.2587123,1.291778,12.351958,-3.7372675,13.636043,-44.980186,61.097385,-6.132268,8.009873,5.5953894,-5.1407924,-11.357055,21.923979,66.25042,-9.423068,3.0948153,-7.1687384
637,-0.7666124701499939,-10.283951759338379,78.22402954101562,0.06705227447285447,-2.226627759959557,116.79072159495027,4.0295815,0.43194076,21.29729,6.8989453,-9.698892,0.80021405,-9.470993,-10.036583,-3.9334207,20.750437,-10.556912,8.460187,6.218631,1.2859296,12.37798,-3.7792885,13.684885,-45.066967,61.108704,-6.105873,8.018656,5.614314,-5.054094,-11.356966,21.587755,66.30334,-9.162471,3.1584659,-7.1510477
638,-0.7870244979858398,-10.28609561920166,78.21981811523438,0.07758389873374354,-2.292763947944356,116.79093900997374,4.1140285,0.4008141,21.290482,6.901686,-9.701173,0.83398503,-9.576077,-10.360954,-3.8880973,21.372814,-10.611697,8.226481,6.180569,1.2787242,12.399945,-3.8204656,13.727492,-45.15478,61.11789,-6.0726304,8.034914,5.640411,-4.970293,-11.355655,21.242947,66.379295,-8.8162155,3.2197795,-7.142935
639,-0.8108552694320679,-10.281145095825195,78.2167739868164,0.09291934575989035,-2.358497976901217,116.80064979189477,4.2006216,0.36455476,21.273624,6.903716,-9.704793,0.86852634,-9.636867,-10.632118,-3.6645312,21.891792,-10.612961,8.110993,6.1551094,1.2733572,12.415098,-3.8622198,13.768193,-45.24695,61.120995,-6.045533,8.054389,5.667618,-4.880486,-11.352148,20.881235,66.46396,-8.431513,3.2733345,-7.147187
640,-0.8298023343086243,-10.263744354248047,78.20989990234375,0.1064131409435663,-2.4208270000850125,116.81974158583591,4.2861013,0.33216816,21.25047,6.9051375,-9.719814,0.8918438,-9.644465,-10.8404045,-3.292675,22.28693,-10.582105,8.130574,6.125537,1.273258,12.417543,-3.8932133,13.800562,-45.31014,61.118443,-6.023853,8.071943,5.689632,-4.7947173,-11.345892,20.532581,66.56062,-8.042613,3.3144276,-7.169242
641,-0.8526479005813599,-10.245905876159668,78.19961547851562,0.11387812740598166,-2.478861350158828,116.847899534044,4.369303,0.30809534,21.223263,6.906193,-9.751415,0.89956415,-9.593495,-10.97153,-2.7438536,22.544779,-10.524931,8.311973,6.104358,1.2827668,12.405686,-3.9188392,13.829172,-45.360775,61.109222,-6.018656,8.088772,5.7035174,-4.703963,-11.335808,20.174646,66.666245,-7.6271696,3.3311434,-7.215156
642,-0.8678490519523621,-10.225489616394043,78.18970489501953,0.11864710857821982,-2.53412993865826,116.88483218727842,4.452046,0.28848034,21.189745,6.9077253,-9.79441,0.8982253,-9.489326,-11.032347,-2.0156028,22.683466,-10.43517,8.640055,6.083442,1.3003756,12.3814,-3.9368517,13.852326,-45.394222,61.094112,-6.022623,8.106479,5.712932,-4.614081,-11.321842,19.818182,66.78643,-7.1718483,3.3296769,-7.281278
643,-0.885921835899353,-10.194894790649414,78.17700958251953,0.1250057722613342,-2.5868960767431792,116.93124235956708,4.5339136,0.26902908,21.14688,6.9089007,-9.84011,0.8924108,-9.338309,-11.046562,-1.1765162,22.728146,-10.314927,9.06786,6.072333,1.3177581,12.348825,-3.9516633,13.872027,-45.416477,61.07232,-6.029725,8.122061,5.7222824,-4.5234365,-11.303276,19.460205,66.9104,-6.7536106,3.3301163,-7.35415
644,-0.8991732001304626,-10.158939361572266,78.16667938232422,0.13689875532366283,-2.6377201106229804,116.98766372432705,4.615394,0.24634677,21.091637,6.9096274,-9.881713,0.8865033,-9.145496,-11.037941,-0.29515025,22.69922,-10.163109,9.547945,6.065579,1.3290402,12.310958,-3.961531,13.887998,-45.41991,61.04226,-6.0335555,8.131939,5.7355404,-4.437315,-11.281151,19.120823,67.032104,-6.44006,3.3537395,-7.4216022
645,-0.907849133014679,-10.114347457885742,78.15946960449219,0.15594382018304903,-2.6877716862967445,117.05767178839928,4.6968756,0.21831478,21.020004,6.9103875,-9.917092,0.8819677,-8.904046,-11.007699,0.63800776,22.589901,-9.99126,10.082913,6.075319,1.3316553,12.271262,-3.9710445,13.903689,-45.410046,60.999687,-6.033259,8.135352,5.755633,-4.3478956,-11.250229,18.767872,67.14646,-6.2586765,3.4027133,-7.4845233
646,-0.9159927368164062,-10.064733505249023,78.14879608154297,0.1794807354001375,-2.736323476573446,117.13970203010233,4.778157,0.18735938,20.9347,6.910793,-9.950173,0.8763387,-8.61175,-10.948056,1.6503874,22.394556,-9.800809,10.692096,6.081588,1.330408,12.225749,-3.9684892,13.916074,-45.367935,60.942795,-6.0276318,8.133533,5.7797885,-4.264271,-11.215478,18.431202,67.26346,-6.1590047,3.4680347,-7.5492573
647,-0.9184872508049011,-10.010920524597168,78.13904571533203,0.20675176979986803,-2.781010885887927,117.22679182677663,4.8572874,0.15567572,20.842804,6.910646,-9.982017,0.86838233,-8.28143,-10.867988,2.7015584,22.133148,-9.572676,11.353645,6.079258,1.3268096,12.169937,-3.953517,13.923633,-45.30553,60.87841,-6.023131,8.127868,5.803945,-4.189821,-11.187016,18.152193,67.379944,-6.1195436,3.551982,-7.6080995
648,-0.9178593754768372,-9.952094078063965,78.12841796875,0.23703575911567393,-2.8197046473325593,117.3122887981359,4.931601,0.1257383,20.751257,6.911733,-10.014688,0.8567911,-7.9272513,-10.776906,3.7523406,21.82681,-9.286373,12.046705,6.122257,1.3095466,12.108052,-3.9623394,13.935792,-45.28365,60.82702,-6.025067,8.122352,5.821048,-4.121207,-11.139903,17.86752,67.49787,-6.169009,3.6526117,-7.6513557
649,-0.9174900054931641,-9.888466835021973,78.11388397216797,0.27170649380204104,-2.8520852573422806,117.39421599213314,5.0010104,0.09634374,20.661325,6.9124017,-10.04612,0.84110236,-7.5374155,-10.672461,4.8199677,21.448912,-8.872539,12.841545,6.167169,1.2824409,12.029774,-3.966105,13.949751,-45.274227,60.776085,-6.0398765,8.11503,5.8348384,-4.0692134,-11.091086,17.66668,67.62082,-6.275286,3.7810397,-7.6909966
650,-0.9107086062431335,-9.8206205368042,78.0990219116211,0.31111994102852875,-2.87929026726728,117.4763289876067,5.0664997,0.06645067,20.569551,6.9130044,-10.076329,0.82207537,-7.1070247,-10.553932,5.9198055,20.996153,-8.365628,13.725301,6.2239,1.2431731,11.939927,-3.9686875,13.969794,-45.27511,60.721848,-6.062819,8.106087,5.84554,-4.0313854,-11.032456,17.511871,67.75082,-6.454922,3.9329917,-7.726757
651,-0.8963697552680969,-9.73969554901123,78.0856704711914,0.3520620490762787,-2.9005917144565667,117.5595710869826,5.127903,0.03982642,20.475876,6.913129,-10.107295,0.8001841,-6.66773,-10.430393,7.0076494,20.533297,-7.900026,14.551466,6.2818284,1.1977496,11.8419285,-3.9635756,13.992679,-45.26636,60.663906,-6.083938,8.096067,5.8503957,-4.0071692,-10.975602,17.409746,67.8842,-6.682618,4.093548,-7.7387013
652,-0.8713698983192444,-9.653298377990723,78.07840728759766,0.37659345072122896,-2.918343340136987,117.63881767317045,5.1867814,0.042537987,20.384272,6.9188194,-10.143525,0.7694284,-6.2391834,-10.276394,8.026197,20.104774,-7.5920014,15.000033,6.342224,1.1741506,11.74118,-3.9539006,14.002532,-45.239933,60.612324,-6.099696,8.084268,5.8477955,-3.9805436,-10.952125,17.362486,67.99952,-6.9304543,4.248238,-7.7031083
653,-0.843634843826294,-9.567313194274902,78.07088470458984,0.3833680203797082,-2.9305969242569634,117.71604236401461,5.2419605,0.076252066,20.29502,6.9286385,-10.186266,0.732302,-5.8366566,-10.077603,9.00718,19.755404,-7.500671,15.000033,6.4244523,1.1617577,11.635568,-3.943844,14.010061,-45.200924,60.5681,-6.106479,8.0714245,5.8325963,-3.9603202,-10.933247,17.334677,68.114105,-7.236082,4.401852,-7.6117244
654,-0.8262403011322021,-9.469897270202637,78.0615234375,0.40645724251636384,-2.9317139169922983,117.8042447895192,5.2868023,0.08971925,20.198683,6.934197,-10.230333,0.7021958,-5.4754844,-9.905786,9.979667,19.49447,-7.573457,15.000033,6.482553,1.1008865,11.516844,-3.9049876,14.047025,-45.102436,60.51033,-6.0859632,8.060922,5.8028865,-4.0128508,-10.852527,17.35241,68.3057,-7.6159706,4.5567336,-7.4920135
655,-0.800187885761261,-9.370888710021973,78.05217742919922,0.4355442954150961,-2.929103873264504,117.89748787841613,5.32803,0.097690776,20.095903,6.9378552,-10.272389,0.66977406,-5.1295457,-9.766677,10.8538065,19.242712,-7.7134314,15.000033,6.5544524,1.048168,11.395393,-3.8812869,14.06615,-45.040577,60.469704,-6.0826435,8.04879,5.775478,-4.0362887,-10.817081,17.409714,68.45642,-7.9901104,4.6969585,-7.339981
656,-0.7655621767044067,-9.273241996765137,78.04522705078125,0.461975187156656,-2.9312214055219323,117.99083249551471,5.374744,0.112856865,19.986515,6.9399595,-10.3082,0.6255087,-4.7723436,-9.666805,11.539761,18.92063,-7.8259654,15.000033,6.6194935,0.9923911,11.277836,-3.8654916,14.0869665,-45.00274,60.44394,-6.090993,8.037819,5.756151,-4.073796,-10.784138,17.526188,68.61866,-8.319106,4.80238,-7.1863227
657,-0.730575442314148,-9.172890663146973,78.03375244140625,0.4850139234143549,-2.9404420935263222,118.08248020028692,5.4279375,0.13728958,19.866865,6.9430594,-10.337698,0.5647484,-4.393578,-9.614661,12.017448,18.483965,-7.89577,15.000033,6.6764865,0.93042403,11.163866,-3.858006,14.116622,-45.00732,60.43116,-6.124288,8.027295,5.751886,-4.1312633,-10.747395,17.710152,68.803795,-8.578471,4.8660355,-7.042201
658,-0.6920029520988464,-9.066048622131348,78.02493286132812,0.508728154664804,-2.951838574186374,118.17476096479162,5.483222,0.16466239,19.738728,6.9451885,-10.362106,0.49313504,-4.0111785,-9.603506,12.333913,17.980595,-7.967543,15.000033,6.7272043,0.8556651,11.050613,-3.847768,14.165772,-45.038498,60.415226,-6.1746025,8.018282,5.7557096,-4.20994,-10.702277,17.95393,69.01,-8.79988,4.898673,-6.896425
659,-0.6497238278388977,-8.954870223999023,78.02188873291016,0.5321136945870132,-2.9636568905170653,118.26937846426038,5.539002,0.19647524,19.609438,6.946377,-10.382648,0.41656575,-3.6392715,-9.61662,12.499803,17.468365,-8.038917,15.000033,6.805789,0.78752863,10.942332,-3.8685439,14.197004,-45.109886,60.43187,-6.230814,8.010611,5.759533,-4.2666254,-10.681329,18.203808,69.186005,-9.022649,4.9074636,-6.7278666
660,-0.5989870429039001,-8.845710754394531,78.0257339477539,0.5541712172450095,-2.9738387985092736,118.36797731832928,5.593347,0.23460354,19.485922,6.947044,-10.40084,0.3407674,-3.2916303,-9.639685,12.52618,17.004723,-8.107905,15.000033,6.874846,0.7152854,10.834148,-3.8794196,14.234355,-45.155937,60.449863,-6.269435,8.008516,5.7534375,-4.3342,-10.662237,18.504295,69.36248,-9.260544,4.8993278,-6.5361824
661,-0.5405743718147278,-8.739541053771973,78.033203125,0.5732671109801706,-2.980446393885961,118.47280912196415,5.644208,0.28116894,19.370592,6.9471145,-10.415195,0.2680651,-2.9744172,-9.67621,12.365549,16.5995,-8.167768,15.000033,6.955322,0.64438784,10.727401,-3.9018505,14.267364,-45.1946,60.48695,-6.2932177,8.011137,5.7282195,-4.3970976,-10.651878,18.826641,69.525314,-9.528327,4.868641,-6.306579
662,-0.48535120487213135,-8.633401870727539,78.03633117675781,0.5903805442648784,-2.985082545262869,118.58260388405374,5.6936083,0.33450353,19.259293,6.946472,-10.425793,0.19509079,-2.678664,-9.727148,12.027079,16.222683,-8.220841,15.000033,7.0296006,0.5722973,10.62054,-3.9228997,14.302488,-45.220898,60.531982,-6.307895,8.017805,5.691297,-4.468635,-10.647941,19.20009,69.68871,-9.8014145,4.8136225,-6.050067
663,-0.4332152307033539,-8.511833190917969,78.03675842285156,0.6070942038208832,-2.9921346652638827,118.69392891345221,5.746191,0.3917184,19.148981,6.944284,-10.435891,0.119022965,-2.397191,-9.782684,11.608703,15.879279,-8.282809,15.000033,7.1106243,0.4991018,10.519803,-3.9477117,14.3342085,-45.244934,60.587715,-6.307627,8.0294485,5.6569734,-4.536069,-10.650666,19.593819,69.830635,-10.092197,4.7510996,-5.781555
664,-0.37066400051116943,-8.388721466064453,78.0359115600586,0.6259315921560814,-3.00567286271518,118.80358233006739,5.8054743,0.44979084,19.036676,6.943388,-10.4515915,0.03707849,-2.1220233,-9.830525,11.207532,15.57019,-8.367468,15.000033,7.1652155,0.42287242,10.428491,-3.9415479,14.375338,-45.22774,60.622154,-6.2792754,8.047938,5.6388164,-4.612103,-10.659351,20.045652,69.946594,-10.387875,4.700029,-5.5196657
665,-0.30264168977737427,-8.268698692321777,78.03934478759766,0.6441715836757673,-3.026776446805991,118.9113514508814,5.873885,0.5114874,18.92045,6.9414773,-10.475294,-0.053873703,-1.8567266,-9.85952,10.839682,15.309585,-8.482218,14.94768,7.240142,0.34625405,10.349138,-3.9428039,14.408304,-45.22255,60.670635,-6.217372,8.075832,5.6466765,-4.6736345,-10.671173,20.488392,70.01947,-10.721417,4.665346,-5.253452
666,-0.2379884421825409,-8.141830444335938,78.04180145263672,0.6473576938182257,-3.0577100537728916,119.01358192977793,5.9538517,0.59938866,18.805521,6.9431233,-10.506638,-0.15818487,-1.5883365,-9.844848,10.45753,15.072881,-8.603611,14.7112875,7.342762,0.28147087,10.280781,-3.9596431,14.4281845,-45.233753,60.745213,-6.1309676,8.111013,5.6719933,-4.7232213,-10.683464,20.923857,70.06066,-11.089407,4.6365347,-4.979568
667,-0.16901691257953644,-8.01548957824707,78.04425048828125,0.6497837618311559,-3.094738383872524,119.1122004060678,6.0404563,0.69236124,18.693213,6.946302,-10.538547,-0.2664114,-1.3143508,-9.823141,10.062143,14.839193,-8.730415,14.465165,7.4299946,0.21689303,10.218318,-3.9602306,14.44512,-45.2139,60.81747,-6.0397716,8.147425,5.7023964,-4.775711,-10.699222,21.40901,70.08136,-11.45185,4.607452,-4.722208
668,-0.09127265959978104,-7.891717433929443,78.04610443115234,0.6611394701307485,-3.1354769109614393,119.20850529248547,6.131521,0.7771273,18.584871,6.949366,-10.564598,-0.37206993,-1.0291973,-9.812384,9.653651,14.591088,-8.861552,14.232579,7.4967513,0.143568,10.161426,-3.9432554,14.463186,-45.15888,60.879128,-5.973519,8.1790905,5.7258487,-4.829461,-10.721383,21.943401,70.08131,-11.791769,4.5705614,-4.50299
669,-0.007318621501326561,-7.768587589263916,78.04833984375,0.6836577765780888,-3.178697813548554,119.3000547274597,6.226235,0.8513667,18.483076,6.950255,-10.580193,-0.4746581,-0.7292883,-9.81513,9.208115,14.320217,-8.9978895,14.016226,7.6062365,0.056274973,10.109076,-3.9508028,14.474469,-45.141125,60.962097,-5.9617796,8.205363,5.741605,-4.8534575,-10.741443,22.45682,70.04243,-12.138746,4.5185003,-4.325316
670,0.06916706264019012,-7.639214992523193,78.04627227783203,0.7138027574007042,-3.2253413230756203,119.38779468635182,6.324896,0.91960084,18.385805,6.9517975,-10.591062,-0.57663757,-0.41976637,-9.826951,8.733576,14.040511,-9.142371,13.806814,7.69622,-0.03874596,10.060375,-3.9407356,14.484568,-45.088394,61.03993,-5.9705215,8.228681,5.753478,-4.878206,-10.767068,23.032007,69.98124,-12.470681,4.459453,-4.1797214
671,0.14583978056907654,-7.508222579956055,78.0369873046875,0.7499139422055506,-3.2776858424445163,119.47655048851055,6.4291797,0.9828942,18.288687,6.9530582,-10.599687,-0.6772665,-0.10087211,-9.839544,8.276287,13.755268,-9.29014,13.607077,7.8023996,-0.14113538,10.021603,-3.9378421,14.490833,-45.04516,61.121216,-5.9918523,8.24969,5.7659802,-4.885671,-10.791145,23.581867,69.891266,-12.799912,4.399617,-4.062367
672,0.23285071551799774,-7.376261234283447,78.033203125,0.7899432267223091,-3.33787576038189,119.57078041313316,6.5408216,1.0423833,18.187511,6.954221,-10.610252,-0.77586097,0.22456612,-9.847166,7.8837333,13.47183,-9.438176,13.419418,7.91973,-0.24858947,9.997336,-3.941495,14.49335,-45.00803,61.19929,-6.0080795,8.268491,5.7816086,-4.8765635,-10.81055,24.0765,69.77693,-13.119798,4.3470526,-3.9711034
673,0.31707537174224854,-7.2464423179626465,78.0244140625,0.8405800600188499,-3.404786348149544,119.67093527297112,6.656736,1.0906152,18.083815,6.9556174,-10.623334,-0.86797,0.5559624,-9.8551655,7.5782576,13.184695,-9.591035,13.248612,7.9903836,-0.3645096,9.984311,-3.9100256,14.493841,-44.89741,61.249184,-5.9969077,8.2854805,5.8007846,-4.879839,-10.833337,24.60687,69.65221,-13.4068985,4.3088493,-3.9160285
674,0.4009326994419098,-7.1172566413879395,78.0163803100586,0.9001144210367784,-3.477889444417899,119.77459533488926,6.778369,1.1294553,17.97894,6.9558997,-10.6366825,-0.9554319,0.89401996,-9.865626,7.3318253,12.893846,-9.749203,13.091938,8.063339,-0.49118444,9.98559,-3.8777893,14.492285,-44.77106,61.292576,-5.9800467,8.300752,5.821492,-4.8720355,-10.8550825,25.11457,69.49866,-13.688402,4.279798,-3.892826
675,0.4900566637516022,-6.980196475982666,78.01468658447266,0.9550704941185977,-3.560322679418039,119.8830724231924,6.909535,1.1748912,17.868097,6.956947,-10.650456,-1.0466992,1.2414826,-9.864806,7.1137323,12.606035,-9.898646,12.939815,8.117675,-0.61087734,9.997109,-3.832643,14.488529,-44.63294,61.322433,-5.9604187,8.312203,5.843394,-4.8603435,-10.8768635,25.602777,69.334114,-13.937099,4.251621,-3.8865106
676,0.5848199129104614,-6.84980583190918,78.01063537597656,0.9914250130969395,-3.6550988385027168,119.99771315476941,7.055529,1.2429656,17.746367,6.9581146,-10.663227,-1.1503282,1.6012764,-9.839492,6.893678,12.327513,-10.025103,12.7829485,8.203972,-0.7115835,10.017818,-3.8073876,14.484062,-44.575382,61.356583,-5.965231,8.318713,5.8683653,-4.8175035,-10.88907,25.975758,69.15336,-14.159978,4.217464,-3.8794491
677,0.6753915548324585,-6.7170233726501465,78.01142120361328,1.0039987367391532,-3.7656664986137836,120.11594904868304,7.220944,1.3401854,17.613768,6.9612856,-10.677609,-1.2716695,1.9772786,-9.78504,6.67331,12.05899,-10.122958,12.618546,8.259215,-0.7827594,10.045191,-3.7613568,14.477996,-44.530346,61.369938,-5.9822054,8.317003,5.8977222,-4.774212,-10.899839,26.322065,68.970726,-14.320165,4.183743,-3.8818054
678,0.7510009407997131,-6.586513042449951,78.00655364990234,1.0005013244004306,-3.889623451382155,120.23822039585248,7.4025245,1.4572352,17.472565,6.965334,-10.693168,-1.4051325,2.3676765,-9.707112,6.4651785,11.7947445,-10.19901,12.451708,8.3088875,-0.8341539,10.082453,-3.7096872,14.471043,-44.51174,61.36981,-6.0116177,8.309319,5.930701,-4.717826,-10.907957,26.616585,68.77346,-14.440127,4.1508174,-3.8964698
679,0.8444993495941162,-6.440372943878174,78.00839233398438,0.9858500756310886,-4.021322327484543,120.37027154972063,7.5920486,1.5879006,17.321302,6.968268,-10.705311,-1.5431672,2.7683148,-9.61471,6.256343,11.532799,-10.259082,12.285728,8.341052,-0.8733746,10.125821,-3.6507416,14.461893,-44.50049,61.36689,-6.0399556,8.298406,5.9611154,-4.655391,-10.913898,26.868444,68.57649,-14.520126,4.1107306,-3.9028816
680,0.9291719794273376,-6.2937445640563965,78.00993347167969,0.9658721385352713,-4.154979660075807,120.51730275064388,7.7780967,1.7260306,17.158428,6.9732747,-10.711618,-1.6780239,3.1738646,-9.514352,6.034023,11.271461,-10.308611,12.123937,8.36523,-0.9099398,10.175402,-3.596232,14.451045,-44.500023,61.376247,-6.0581045,8.287676,5.982437,-4.584168,-10.915423,27.05284,68.38747,-14.574354,4.0540986,-3.8784032
681,1.025014042854309,-6.15285587310791,78.01457214355469,0.9381549664190165,-4.293030096178367,120.67976470822659,7.964654,1.8743418,16.983322,6.9774556,-10.707479,-1.8085442,3.5895908,-9.40233,5.795522,11.004994,-10.34143,11.966057,8.384232,-0.94108206,10.237842,-3.5476944,14.441896,-44.508194,61.396286,-6.0609283,8.270838,5.9926977,-4.5022316,-10.912672,27.155207,68.2039,-14.610914,3.9711041,-3.8195403
682,1.117685079574585,-6.009687423706055,78.01953887939453,0.9003696351014319,-4.436686442663511,120.85609665184796,8.153437,2.0352423,16.796003,6.9836044,-10.697312,-1.9385266,4.023664,-9.276289,5.545267,10.719701,-10.350625,11.810945,8.366453,-0.9632162,10.299339,-3.4864562,14.423337,-44.50646,61.43097,-6.0579977,8.246098,5.999337,-4.4268284,-10.902611,27.238174,68.045334,-14.597236,3.8712554,-3.7430112
683,1.2131084203720093,-5.865528583526611,78.02642822265625,0.8605262999907225,-4.579482176009919,121.04537943024806,8.337344,2.1989014,16.599495,6.98924,-10.684622,-2.0677576,4.45583,-9.146466,5.28795,10.441548,-10.355044,11.660182,8.346075,-0.98321486,10.375669,-3.425563,14.417326,-44.511574,61.446175,-6.0417776,8.232173,5.994342,-4.348167,-10.897597,27.24764,67.88189,-14.561011,3.7656717,-3.634253
684,1.3103857040405273,-5.720972061157227,78.03234100341797,0.8183975289082261,-4.71876485163542,121.25211123465839,8.484177,2.373284,16.389563,7.0558844,-10.706891,-2.1975825,4.9125776,-9.016881,5.0144076,10.111553,-10.334875,11.513714,8.304952,-1.0077713,10.436589,-3.3531885,14.407578,-44.524075,61.465633,-6.0201235,8.242039,5.9833016,-4.250937,-10.888146,27.241137,67.7172,-14.474264,3.6761792,-3.5019143
685,1.4117858409881592,-5.573667049407959,78.03421783447266,0.7851119016481525,-4.847801944768983,121.47435839366987,8.591954,2.5437925,16.170471,7.1719537,-10.761382,-2.3276157,5.3300643,-8.897249,4.7396355,9.847874,-10.353461,11.376625,8.267601,-1.0507032,10.477337,-3.3009312,14.3735895,-44.56975,61.52499,-5.991418,8.290132,5.962514,-4.1570206,-10.85248,27.166561,67.586136,-14.345249,3.6006749,-3.3291073
686,1.5098812580108643,-5.427791595458984,78.03424072265625,0.7671213580285962,-4.96509381599467,121.70735942697962,8.695229,2.6913497,15.947489,7.2603917,-10.804175,-2.4550533,5.6062117,-8.786136,4.4829283,9.859547,-10.515718,11.248811,8.21499,-1.1151932,10.509543,-3.2452316,14.335837,-44.61281,61.586704,-5.9460835,8.365793,5.9294553,-4.0704412,-10.8084,27.05018,67.47222,-14.168848,3.5321302,-3.1178327
687,1.6090353727340698,-5.281434059143066,78.03544616699219,0.750954038237784,-5.0792714888897725,121.9525196362743,8.790574,2.8364542,15.7147665,7.347172,-10.843933,-2.5801477,5.887264,-8.677027,4.2153187,9.856262,-10.668345,11.121891,8.17958,-1.187658,10.530789,-3.2162886,14.270677,-44.694954,61.69653,-5.906616,8.440963,5.898732,-3.989074,-10.732356,26.873514,67.40003,-13.980965,3.4714587,-2.9055095
688,1.7177166938781738,-5.135592937469482,78.03605651855469,0.7376898692007376,-5.191381714619199,122.20592650887623,8.877692,2.9771411,15.473076,7.437555,-10.878606,-2.7003887,6.1670175,-8.5706835,3.937859,9.850369,-10.816686,10.990442,8.121745,-1.2578647,10.561478,-3.1598437,14.224371,-44.756405,61.764313,-5.872467,8.492018,5.8730145,-3.9003391,-10.678338,26.721813,67.31228,-13.775069,3.4221973,-2.7138288
689,1.8217781782150269,-4.990708351135254,78.03453063964844,0.7292263322994916,-5.3008858977393585,122.47376708930399,8.9543295,3.1102557,15.215077,7.531546,-10.90507,-2.815493,6.437816,-8.4712105,3.644788,9.861969,-10.973811,10.854906,8.0574465,-1.3318723,10.598354,-3.0965736,14.183677,-44.84636,61.82107,-5.826759,8.506484,5.8701577,-3.8021932,-10.630279,26.55985,67.222275,-13.551797,3.3833616,-2.546425
690,1.9199330806732178,-4.8420090675354,78.03488159179688,0.7228047206351432,-5.407623394566876,122.7561003466632,9.021107,3.2386599,14.942298,7.6294975,-10.927234,-2.9268768,6.7159085,-8.376296,3.3355963,9.857574,-11.121851,10.717745,8.025641,-1.4145664,10.624935,-3.0752256,14.106706,-45.013054,61.945244,-5.7864213,8.49738,5.8871994,-3.7032657,-10.544523,26.326889,67.17664,-13.326407,3.352344,-2.3970344
691,2.0244741439819336,-4.697617530822754,78.03136444091797,0.7190655053225061,-5.511782344329177,123.03811857659841,9.083739,3.363301,14.671136,7.725619,-10.945456,-3.0337903,6.981393,-8.281305,3.028754,9.868348,-11.27296,10.577223,7.957269,-1.4911774,10.6638,-3.002421,14.062636,-45.09733,61.99231,-5.7688227,8.48363,5.88512,-3.6000922,-10.498059,26.152224,67.10204,-13.0851145,3.3335156,-2.260926
692,2.125800132751465,-4.559360980987549,78.03496551513672,0.7142545364629451,-5.613909334683643,123.30595537643714,9.145421,3.4898098,14.416608,7.8236227,-10.965607,-3.1361015,7.2419467,-8.181668,2.7374458,9.872672,-11.411734,10.430707,7.9378633,-1.5632633,10.700109,-2.9468012,14.00351,-45.1448,62.05254,-5.8436956,8.476568,5.8432636,-3.4938073,-10.441912,25.959894,67.047226,-12.889694,3.3223603,-2.1541817
693,2.220066547393799,-4.42411994934082,78.03368377685547,0.7099669520995269,-5.715107676721623,123.55328297734725,9.210364,3.616319,14.187267,7.921366,-10.98681,-3.2299733,7.4832625,-8.077755,2.472515,9.900777,-11.551028,10.27512,7.9366426,-1.6299263,10.737167,-2.8821435,13.9319315,-45.11046,62.10193,-5.9815845,8.487062,5.7470207,-3.3984163,-10.386157,25.802526,67.01123,-12.728139,3.324722,-2.0822206
694,2.322082281112671,-4.282972812652588,78.03436279296875,0.7069341477843414,-5.815494520338188,123.78867434547371,9.273967,3.7431595,13.972947,8.022427,-11.009328,-3.3169785,7.716958,-7.9705973,2.2223513,9.931136,-11.682363,10.112167,7.9378986,-1.689925,10.783457,-2.7803123,13.890824,-45.011055,62.082798,-6.173274,8.508668,5.6105895,-3.2913058,-10.360178,25.686516,66.951294,-12.57515,3.340005,-2.0340896
695,2.4271790981292725,-4.141239643096924,78.03623962402344,0.7028819176085235,-5.9118354317006485,124.01943844583849,9.331875,3.8709364,13.7630415,8.122148,-11.029933,-3.4041572,7.9448605,-7.8611417,1.976117,9.956053,-11.805918,9.947263,7.9514146,-1.7447132,10.81661,-2.7154818,13.781124,-44.830555,62.14545,-6.44818,8.517344,5.4555845,-3.2160492,-10.304642,25.567472,66.95911,-12.464112,3.3579795,-2.0123396
696,2.5241785049438477,-4.006382942199707,78.03565216064453,0.6974083580795555,-5.9996091709947255,124.25254674195206,9.378282,3.9991286,13.547158,8.216389,-11.046372,-3.4983253,8.162515,-7.750917,1.7241092,9.976313,-11.926165,9.786128,7.9739466,-1.7926564,10.848019,-2.6301727,13.706498,-44.57687,62.157997,-6.8850336,8.505163,5.296587,-3.1187904,-10.275428,25.463022,66.94645,-12.371262,3.3733373,-2.0000038
697,2.6270101070404053,-3.872830390930176,78.03564453125,0.6874794966845678,-6.076008890692375,124.48922810727954,9.411014,4.1295867,13.323472,8.30401,-11.059064,-3.6023424,8.370662,-7.638306,1.4633054,9.984625,-12.04,9.629364,8.035839,-1.8343447,10.873101,-2.5360892,13.669673,-44.267094,62.125732,-7.624744,8.459599,5.1261015,-2.9858174,-10.264113,25.346512,66.914345,-12.30278,3.3810313,-2.0026681
698,2.7368671894073486,-3.737621307373047,78.03575897216797,0.6769896957757868,-6.145595582071746,124.72529270063913,9.434698,4.2605886,13.097539,8.385276,-11.067782,-3.7120347,8.566798,-7.52371,1.2001724,9.992478,-12.151304,9.474159,8.081681,-1.8693802,10.90133,-2.4361954,13.623681,-43.801342,62.086586,-8.541408,8.390176,4.9270854,-2.8809955,-10.253568,25.247961,66.91403,-12.275812,3.3838336,-2.0184736
699,2.8352222442626953,-3.608201026916504,78.03610229492188,0.664680804131438,-6.209408795008543,124.96229300644325,9.449573,4.392331,12.868302,8.466622,-11.074755,-3.8244622,8.760149,-7.407536,0.93446034,9.988339,-12.253345,9.320382,8.069139,-1.898896,10.918126,-2.3174262,13.54848,-43.20334,62.065098,-9.407973,8.316598,4.7343464,-2.8202627,-10.240993,25.229609,66.964424,-12.257555,3.392172,-2.049813
700,2.9350433349609375,-3.473389148712158,78.0383071899414,0.6536556911624547,-6.268675277015328,125.20037932617936,9.459911,4.520981,12.635736,8.545325,-11.077581,-3.936361,8.947988,-7.292805,0.6684014,9.984234,-12.352137,9.168339,8.101075,-1.9299296,10.925031,-2.209833,13.492461,-42.688152,62.046234,-10.062022,8.262518,4.586315,-2.7188654,-10.233857,25.171902,66.993904,-12.263295,3.4101546,-2.084119
701,3.041626214981079,-3.342958927154541,78.04088592529297,0.6426593323618992,-6.322173898854567,125.44116081358318,9.461328,4.6495476,12.397305,8.62411,-11.075072,-4.049948,9.133185,-7.176429,0.3985975,9.969806,-12.439512,9.016022,8.136071,-1.9627883,10.923948,-2.0901198,13.446739,-42.16448,62.024986,-10.38809,8.228241,4.4741917,-2.6087234,-10.227682,25.106934,67.02345,-12.297598,3.4432073,-2.121391
702,3.1464922428131104,-3.215589761734009,78.04324340820312,0.6319005486785749,-6.3683756366484605,125.68344590957959,9.453722,4.7765565,12.154401,8.701879,-11.068281,-4.1657114,9.304553,-7.060003,0.12725578,9.965105,-12.527001,8.864227,8.185329,-1.998507,10.91508,-1.9625245,13.414705,-41.628727,61.99757,-10.520716,8.203326,4.3868337,-2.4866164,-10.2218,25.028517,67.05353,-12.362527,3.4864922,-2.1646883
703,3.247366428375244,-3.083179473876953,78.042236328125,0.6237413141478597,-6.414332122913973,125.925254846995,9.444936,4.899882,11.91073,8.778232,-11.060767,-4.278839,9.478282,-6.9459176,-0.14293095,9.952077,-12.610485,8.716185,8.224992,-2.0338163,10.902031,-1.8358299,13.391748,-41.114864,61.967617,-10.545551,8.189264,4.3410707,-2.371048,-10.216069,24.971254,67.099556,-12.43813,3.5324895,-2.2133224
704,3.3383102416992188,-2.9490482807159424,78.0428237915039,0.6188998880920957,-6.464017897488117,126.16401043045441,9.443,5.015403,11.670783,8.852912,-11.057448,-4.384084,9.657563,-6.8384566,-0.40664437,9.937991,-12.699012,8.575552,8.268078,-2.0661623,10.887293,-1.7323564,13.379473,-40.708397,61.942806,-10.566541,8.188163,4.3565207,-2.251341,-10.211902,24.930195,67.15491,-12.511777,3.5729017,-2.2643275
705,3.4327759742736816,-2.816462516784668,78.03970336914062,0.6200712625912894,-6.520691829147984,126.39758429774616,9.451247,5.1207647,11.436799,8.927022,-11.05995,-4.476947,9.848645,-6.740016,-0.66301674,9.917384,-12.792441,8.443674,8.308936,-2.0946314,10.871425,-1.6554233,13.375824,-40.422268,61.927177,-10.57514,8.206589,4.460271,-2.1359768,-10.210794,24.913986,67.23254,-12.586089,3.6018317,-2.3139572
706,3.527834177017212,-2.6865179538726807,78.03384399414062,0.6272646530321307,-6.580960178242205,126.62695916977559,9.466427,5.2166276,11.207119,8.997152,-11.064271,-4.560973,10.038258,-6.6493397,-0.91248345,9.908492,-12.897039,8.318758,8.349059,-2.1208897,10.853091,-1.5977947,13.379014,-40.218987,61.91965,-10.528642,8.240875,4.6346593,-2.0204694,-10.212486,24.916275,67.32457,-12.666955,3.6250706,-2.363862
707,3.614655017852783,-2.5495243072509766,78.02743530273438,0.6332479278829122,-6.641374660687217,126.85733612319886,9.481337,5.3109894,10.976844,9.067487,-11.070299,-4.6439705,10.233379,-6.5596404,-1.1601127,9.887844,-12.996467,8.198892,8.401928,-2.142224,10.829514,-1.5667711,13.384808,-40.104534,61.92882,-10.481802,8.27842,4.8340673,-1.8948714,-10.215067,24.919846,67.41895,-12.744454,3.651177,-2.4226527
708,3.6963205337524414,-2.430264949798584,78.02159118652344,0.6358946187663125,-6.699751939819938,127.09193588740104,9.491687,5.4079275,10.742766,9.135898,-11.075234,-4.7332983,10.426307,-6.4667664,-1.4071684,9.862229,-13.09064,8.082591,8.43511,-2.1590607,10.808943,-1.541643,13.397691,-39.999367,61.93168,-10.451459,8.30705,5.0016975,-1.7758554,-10.219346,24.943949,67.50773,-12.811847,3.688564,-2.4939833
709,3.7947185039520264,-2.3046045303344727,78.01534271240234,0.6319170151389405,-6.755012747795742,127.33745732496243,9.492346,5.511975,10.498326,9.205316,-11.080095,-4.831559,10.620471,-6.367029,-1.6580204,9.822161,-13.173645,7.970713,8.450658,-2.1704574,10.786531,-1.5279728,13.41881,-39.939644,61.929478,-10.469023,8.325254,5.1423087,-1.659674,-10.223625,24.987812,67.590935,-12.848505,3.743583,-2.58692
710,3.8811120986938477,-2.1808550357818604,78.00804138183594,0.6236364285084101,-6.807729411176409,127.58931442056972,9.4885645,5.6186943,10.248168,9.27205,-11.084173,-4.934547,10.815542,-6.264078,-1.9091804,9.772399,-13.249745,7.8637857,8.463191,-2.1782854,10.761121,-1.5336518,13.449376,-39.94419,61.930996,-10.515688,8.338757,5.2784557,-1.5397824,-10.226743,25.041851,67.67144,-12.866548,3.8099003,-2.69646
711,3.9602019786834717,-2.0574188232421875,77.99954223632812,0.6197000160532738,-6.860681036337266,127.83573885528635,9.491553,5.7182813,10.00443,9.324939,-11.081877,-5.0390534,10.996011,-6.167266,-2.15306,9.7478895,-13.338371,7.760394,8.4864855,-2.1779299,10.741112,-1.5655469,13.463169,-39.967587,61.95716,-10.546483,8.344855,5.3884583,-1.4408307,-10.22705,25.07687,67.77407,-12.911268,3.8744524,-2.804712
712,4.042779445648193,-1.9344264268875122,77.99482727050781,0.614533571493895,-6.915191608437904,128.07345695044464,9.495535,5.816207,9.769242,9.386926,-11.084061,-5.1440606,11.190102,-6.0710335,-2.3942647,9.696463,-13.414215,7.6566596,8.522826,-2.17723,10.706854,-1.5864811,13.481647,-40.015194,61.990574,-10.575571,8.342826,5.4638147,-1.3041908,-10.226935,25.14246,67.84819,-12.967695,3.9404895,-2.9153857
713,4.118685722351074,-1.8140318393707275,77.98843383789062,0.6157697680923783,-6.9726497671991545,128.296129884429,9.513577,5.9018097,9.550415,9.43853,-11.079967,-5.2496576,11.382827,-5.985031,-2.6278212,9.652997,-13.49564,7.5525327,8.559584,-2.186383,10.663303,-1.5526896,13.558336,-40.085106,61.965454,-10.601641,8.331157,5.4879775,-1.1555868,-10.22611,25.274883,67.91697,-13.021279,4.0028515,-3.032309
714,4.183082580566406,-1.700278878211975,77.9832992553711,0.6221175359755603,-7.033187195265296,128.50805678981035,9.546287,5.9767303,9.34399,9.473665,-11.066772,-5.3563824,11.56898,-5.9081087,-2.854201,9.627553,-13.586883,7.449619,8.606045,-2.1869373,10.628836,-1.5451139,13.606609,-40.142582,61.979416,-10.57924,8.306377,5.462424,-1.0283252,-10.224357,25.391195,68.00807,-13.121415,4.058369,-3.1439545
715,4.252582550048828,-1.5878759622573853,77.9751968383789,0.6295621429253082,-7.091346456247626,128.7115347310595,9.578894,6.0490766,9.146197,9.506834,-11.054902,-5.461644,11.746935,-5.832939,-3.0721567,9.607093,-13.680747,7.3488007,8.655078,-2.1843007,10.5876255,-1.5303696,13.653882,-40.192184,61.9951,-10.553693,8.280451,5.418993,-0.8994821,-10.221313,25.522867,68.09524,-13.242055,4.1129956,-3.2446837
716,4.322479724884033,-1.4726324081420898,77.96985626220703,0.631790387367989,-7.141373286075065,128.90941941564438,9.602368,6.1256957,8.953541,9.542923,-11.049904,-5.562685,11.923207,-5.7526183,-3.2810545,9.564761,-13.76229,7.251193,8.71616,-2.1696565,10.540411,-1.5173942,13.679446,-40.21739,62.018585,-10.533195,8.265787,5.3843255,-0.7709752,-10.218684,25.631474,68.173096,-13.40328,4.167497,-3.3180914
717,4.391763687133789,-1.3561919927597046,77.95992279052734,0.6299438395527654,-7.180083471471885,129.1016605771879,9.611867,6.208308,8.766959,9.580197,-11.051806,-5.659564,12.081381,-5.6657248,-3.4771056,9.522674,-13.842759,7.15473,8.764083,-2.1548316,10.470033,-1.4710194,13.7164135,-40.206715,62.020435,-10.543677,8.259236,5.350396,-0.6433644,-10.213539,25.789751,68.24557,-13.597571,4.227475,-3.369384
718,4.453537464141846,-1.2467087507247925,77.94865417480469,0.6251884401190422,-7.210371346960134,129.2873211282632,9.6128645,6.2933793,8.587556,9.617942,-11.058806,-5.75345,12.226013,-5.575872,-3.6618598,9.481773,-13.923136,7.0595627,8.80093,-2.138323,10.392035,-1.4029671,13.761411,-40.149807,62.00315,-10.555736,8.257621,5.303105,-0.5266499,-10.204555,25.97316,68.31578,-13.834449,4.289177,-3.3997083
719,4.512411117553711,-1.1381725072860718,77.93729400634766,0.6204749484068816,-7.238487842479794,129.46488371755285,9.613795,6.377201,8.414392,9.6534,-11.067887,-5.843027,12.366675,-5.487109,-3.83972,9.437584,-14.001237,6.970571,8.865344,-2.1116095,10.315056,-1.3463181,13.784748,-40.09706,62.00082,-10.565277,8.267979,5.2738276,-0.40134633,-10.197661,26.104216,68.36998,-14.081245,4.3449926,-3.4046698
720,4.573996543884277,-1.0370512008666992,77.9246597290039,0.6180683054741672,-7.268552991553321,129.63236245986877,9.620283,6.455891,8.247435,9.688214,-11.078177,-5.927035,12.50841,-5.4039564,-4.013186,9.392698,-14.078272,6.892376,8.880683,-2.0937529,10.239543,-1.2385554,13.821219,-39.966682,61.963673,-10.549066,8.297187,5.283722,-0.30355808,-10.183106,26.278566,68.426094,-14.245686,4.3937864,-3.3908448
721,4.626082420349121,-0.9342162013053894,77.91228485107422,0.6214133146708506,-7.3053123638518205,129.7908036358237,9.636437,6.527652,8.082755,9.721101,-11.09081,-6.0030723,12.66028,-5.3282943,-4.1883707,9.3388815,-14.15288,6.83146,8.906884,-2.0761302,10.17654,-1.1241877,13.849417,-39.823025,61.924923,-10.50157,8.355787,5.3548017,-0.20322853,-10.165429,26.401176,68.45984,-14.35635,4.433284,-3.345084
722,4.67780065536499,-0.8300667405128479,77.90213012695312,0.626503829253886,-7.342978556682914,129.94010750544265,9.656933,6.5947356,7.9225955,9.754413,-11.107128,-6.0724874,12.810296,-5.258472,-4.360541,9.289327,-14.230676,6.7835817,8.962266,-2.0556605,10.118315,-1.022095,13.86011,-39.690598,61.90606,-10.443217,8.435641,5.4712195,-0.07916274,-10.150835,26.470573,68.456116,-14.435932,4.4662304,-3.2701092
723,4.739925861358643,-0.7317516207695007,77.8934555053711,0.6317668365574283,-7.3803612428961,130.07882714331805,9.678253,6.6607223,7.7725706,9.787217,-11.122622,-6.139756,12.960774,-5.189208,-4.52263,9.228701,-14.298529,6.7371426,9.010814,-2.0296156,10.061732,-0.9078484,13.861678,-39.530994,61.880993,-10.386694,8.519749,5.599897,0.033601787,-10.135918,26.520405,68.449585,-14.470457,4.4879346,-3.180268
724,4.790042877197266,-0.6355184316635132,77.88580322265625,0.6365411663189882,-7.414405667341475,130.20350198760949,9.69826,6.7267447,7.641173,9.81538,-11.131683,-6.2090087,13.087952,-5.1196604,-4.663035,9.190815,-14.368265,6.681029,9.027671,-1.9982896,10.003738,-0.77437204,13.854539,-39.307625,61.843952,-10.343106,8.589186,5.7062206,0.10390565,-10.112021,26.571152,68.4738,-14.45459,4.4922934,-3.0886757
725,4.828810691833496,-0.5433776378631592,77.875732421875,0.6375381524915503,-7.444181897138194,130.30877981238137,9.717096,6.79701,7.5364747,9.840559,-11.132746,-6.2830496,13.199294,-5.045137,-4.774394,9.155021,-14.425126,6.609242,9.065669,-1.9544756,9.946248,-0.65224934,13.839831,-39.09197,61.810455,-10.347474,8.64101,5.7832456,0.17812528,-10.089138,26.557375,68.48675,-14.377766,4.4744544,-2.9872
726,4.872901439666748,-0.4627447724342346,77.86712646484375,0.6373532775502416,-7.470848032680556,130.39761079414959,9.7359495,6.8682556,7.452764,9.862089,-11.127994,-6.358865,13.290893,-4.9700947,-4.8627386,9.136259,-14.4806185,6.528997,9.129517,-1.9004247,9.887117,-0.5326994,13.825281,-38.9,61.77005,-10.3980055,8.684783,5.8507686,0.2690439,-10.073941,26.488678,68.47497,-14.239552,4.4386997,-2.8718288
727,4.930652141571045,-0.390112042427063,77.85896301269531,0.6378088194260043,-7.495929891876273,130.47966962278983,9.753147,6.9372673,7.3753495,9.881295,-11.121471,-6.433138,13.3728075,-4.8969917,-4.9425373,9.123662,-14.535507,6.4474826,9.163997,-1.8443555,9.83802,-0.40424836,13.797703,-38.633503,61.722557,-10.431388,8.720262,5.910339,0.31868488,-10.051365,26.411055,68.48364,-14.096139,4.3935046,-2.7574646
728,4.990276336669922,-0.31147369742393494,77.85376739501953,0.6390699252434773,-7.517633973690896,130.56407428174853,9.765864,7.0000663,7.2903905,9.898704,-11.117469,-6.50242,13.451748,-4.828713,-5.0271096,9.1097355,-14.592927,6.3719573,9.225903,-1.7921185,9.778679,-0.2766098,13.777544,-38.4258,61.66711,-10.516071,8.74733,5.9925547,0.4002531,-10.038086,26.331436,68.46101,-13.951307,4.35241,-2.6656504
729,5.044750690460205,-0.23262985050678253,77.84535217285156,0.6422349132007608,-7.537418520649139,130.65365074382757,9.775028,7.054086,7.1921334,9.913251,-11.117147,-6.566302,13.534528,-4.767384,-5.1216903,9.084169,-14.650327,6.302979,9.228185,-1.743986,9.732299,-0.1359448,13.723653,-38.087208,61.61221,-10.548854,8.764402,6.081145,0.41396397,-10.010155,26.271833,68.48067,-13.831977,4.3101397,-2.5928388
730,5.093068599700928,-0.1601792573928833,77.83426666259766,0.6465560192432266,-7.553421078240301,130.7429804935721,9.780026,7.1016226,7.089145,9.925033,-11.1183195,-6.626347,13.610303,-4.711408,-5.2179966,9.06232,-14.711879,6.237199,9.249002,-1.6974138,9.675369,0.0036301094,13.667159,-37.787918,61.55681,-10.629116,8.772039,6.1894865,0.44847387,-9.98711,26.202477,68.47959,-13.687865,4.2665954,-2.5376575
731,5.1335344314575195,-0.09231242537498474,77.82695770263672,0.6508862635487656,-7.568481401947214,130.83060366553354,9.781763,7.1477776,6.9867134,9.938111,-11.120506,-6.6824794,13.683585,-4.6565304,-5.311831,9.038135,-14.769962,6.175802,9.248471,-1.6472809,9.613351,0.12792452,13.569394,-37.45229,61.541126,-10.701535,8.7676935,6.3024993,0.453051,-9.957223,26.161686,68.506546,-13.574317,4.2253804,-2.499725
732,5.171008110046387,-0.03482283279299736,77.8193130493164,0.6536798469449348,-7.583344572393755,130.91465933971503,9.780323,7.197285,6.890648,9.955763,-11.12289,-6.7345753,13.75047,-4.599699,-5.3984375,9.018764,-14.822823,6.120301,9.27356,-1.5961381,9.56151,0.24145715,13.493176,-37.158306,61.50589,-10.793958,8.75907,6.412369,0.47708473,-9.940948,26.118967,68.49928,-13.539658,4.191407,-2.4730592
733,5.210148811340332,0.024632275104522705,77.81324005126953,0.6533885044185531,-7.597965308892473,130.9942974087196,9.774795,7.253546,6.8031497,9.979715,-11.12591,-6.781853,13.8206415,-4.53684,-5.477141,8.982678,-14.858106,6.073134,9.322006,-1.5456053,9.520905,0.35247526,13.44422,-36.88876,61.439037,-10.921808,8.740001,6.519848,0.5148394,-9.933579,26.087622,68.462456,-13.616221,4.165561,-2.4577456
734,5.253381252288818,0.08328968286514282,77.81120300292969,0.651413762666339,-7.612349882003586,131.07027373569147,9.765144,7.3133707,6.7211266,10.009609,-11.130572,-6.824476,13.887493,-4.471379,-5.5495496,8.944931,-14.886381,6.033068,9.311401,-1.48894,9.483076,0.46303868,13.35107,-36.519478,61.398212,-11.027103,8.70536,6.62404,0.49773517,-9.925774,26.138624,68.463005,-13.765113,4.14698,-2.459027
735,5.301692485809326,0.13951677083969116,77.8055419921875,0.6487056922082283,-7.626213381725131,131.1447941013113,9.753861,7.3720984,6.640986,10.040235,-11.134371,-6.864435,13.952037,-4.407179,-5.618285,8.907312,-14.909723,5.994991,9.337356,-1.4349346,9.450012,0.56043476,13.287109,-36.229126,61.34304,-11.139416,8.675309,6.7257166,0.5077667,-9.92428,26.164373,68.43151,-13.942139,4.132845,-2.4739504
736,5.349032402038574,0.19797375798225403,77.80228424072266,0.646035927235904,-7.640557904920525,131.21971532237282,9.743319,7.425507,6.559581,10.069942,-11.136869,-6.9033966,14.012067,-4.3479486,-5.6846356,8.88002,-14.934577,5.953275,9.307727,-1.3725955,9.410723,0.64404356,13.181386,-35.916668,61.340096,-11.169639,8.655894,6.8167624,0.48398003,-9.928306,26.252117,68.42854,-14.074993,4.125485,-2.508814
737,5.393921375274658,0.25642767548561096,77.79660034179688,0.6433792190534018,-7.65697243040311,131.29662160494942,9.735112,7.4730573,6.474173,10.09684,-11.136361,-6.942291,14.072088,-4.293388,-5.7480865,8.858263,-14.956249,5.905679,9.307342,-1.3151926,9.376542,0.7176342,13.119757,-35.711975,61.321243,-11.138883,8.664046,6.89545,0.48398238,-9.935088,26.305634,68.39888,-14.180502,4.1233463,-2.5654829
738,5.433382987976074,0.30499207973480225,77.78844451904297,0.6392935521985802,-7.673951028127152,131.3740824225703,9.727433,7.5170016,6.38735,10.123415,-11.134362,-6.979934,14.12816,-4.242184,-5.807404,8.845384,-14.976131,5.8552265,9.2640705,-1.2498664,9.339042,0.78223157,13.03214,-35.498802,61.336025,-11.032705,8.6839695,6.964663,0.46027976,-9.951046,26.415222,68.384315,-14.2640705,4.1293063,-2.6448524
739,5.4668660163879395,0.3473779559135437,77.78064727783203,0.6378123574280233,-7.6903501834045125,131.44985271257755,9.718534,7.5561824,6.302686,10.148811,-11.131227,-7.0154867,14.179185,-4.196038,-5.867558,8.839387,-14.999972,5.806025,9.2408905,-1.1917412,9.308376,0.8354489,12.972888,-35.34649,61.341125,-10.92547,8.710226,7.0261045,0.44852537,-9.965933,26.496557,68.3524,-14.337475,4.136223,-2.729768
740,5.495438575744629,0.39245182275772095,77.77798461914062,0.6406465500525645,-7.7045553401374995,131.52231028635825,9.708469,7.5907874,6.223804,10.1706705,-11.1268,-7.048111,14.229556,-4.155165,-5.933802,8.825171,-15.025394,5.7623987,9.211057,-1.1392996,9.2841215,0.87588674,12.9158535,-35.20419,61.355495,-10.844594,8.7283945,7.081294,0.4328624,-9.983535,26.574724,68.31538,-14.38342,4.140989,-2.806564
741,5.532917022705078,0.4313484728336334,77.77064514160156,0.6505725591745729,-7.718041710267101,131.5921352765119,9.698267,7.6183176,6.1509404,10.188844,-11.122218,-7.077488,14.2813425,-4.1227574,-6.014485,8.804457,-15.059239,5.7238193,9.191943,-1.0986277,9.27122,0.9002465,12.875655,-35.09741,61.36989,-10.811709,8.73864,7.1375003,0.42242077,-9.997848,26.622698,68.26359,-14.39526,4.139387,-2.8754816
742,5.572509288787842,0.47611290216445923,77.76858520507812,0.6669896985979445,-7.731627354767757,131.65936305275966,9.68976,7.6389875,6.083106,10.201067,-11.115783,-7.1039886,14.330571,-4.098211,-6.1037807,8.785415,-15.100832,5.6886973,9.171544,-1.0651163,9.265496,0.9099881,12.838498,-35.013626,61.3939,-10.795876,8.746206,7.192776,0.41135526,-10.013627,26.661053,68.20367,-14.377148,4.135186,-2.9434195
743,5.614004135131836,0.5194662809371948,77.76605224609375,0.683284240800537,-7.740626986168747,131.72301210741242,9.67542,7.658217,6.0193453,10.214767,-11.108192,-7.1281185,14.372922,-4.075384,-6.188252,8.765867,-15.14078,5.659302,9.13735,-1.0313697,9.260349,0.9069483,12.799362,-34.93219,61.435143,-10.783066,8.745538,7.229891,0.38903347,-10.032195,26.71024,68.15076,-14.348425,4.133346,-3.0041277
744,5.652697563171387,0.5604841709136963,77.76420593261719,0.6975709147759642,-7.7421765569128915,131.77775869598628,9.655968,7.678293,5.9639115,10.22446,-11.09541,-7.1501846,14.400357,-4.051137,-6.250103,8.748638,-15.171593,5.638094,9.142836,-1.002389,9.250202,0.8955855,12.792309,-34.916733,61.46146,-10.7930765,8.744952,7.2424574,0.37670445,-10.03597,26.720655,68.10333,-14.34785,4.1371675,-3.055059
745,5.687131404876709,0.5939792394638062,77.76362609863281,0.7058084051907543,-7.734981295407429,131.8291573692075,9.621938,7.703758,5.9097357,10.242277,-11.080344,-7.1710534,14.416734,-4.019891,-6.2870774,8.7244215,-15.188053,5.6280427,9.135189,-0.9671481,9.23753,0.86821115,12.781825,-34.895126,61.50499,-10.791644,8.737402,7.211922,0.35867953,-10.04255,26.747324,68.05975,-14.371851,4.1561184,-3.0986226
746,5.724548816680908,0.6232572793960571,77.76242065429688,0.7154620161735543,-7.723250472747029,131.87097746944627,9.590581,7.726472,5.8659625,10.246548,-11.055013,-7.189647,14.420209,-3.990551,-6.300847,8.705904,-15.200041,5.6278405,9.137873,-0.9324246,9.22134,0.84300125,12.77913,-34.89159,61.5435,-10.786427,8.72802,7.157737,0.3393629,-10.044652,26.761349,68.02531,-14.413586,4.179701,-3.128509
747,5.754551887512207,0.6548336148262024,77.76475524902344,0.7160133301889069,-7.701494890313292,131.9116327634585,9.534533,7.757538,5.8203835,10.279266,-11.042567,-7.2064605,14.421696,-3.9529057,-6.312404,8.663158,-15.1923685,5.6296744,9.079621,-0.87511265,9.195049,0.7849698,12.731174,-34.852898,61.64352,-10.790868,8.703214,7.083198,0.304425,-10.082039,26.875525,67.990685,-14.415038,4.214982,-3.1580515
748,5.783783435821533,0.6757873296737671,77.76069641113281,0.7183328207878474,-7.680564364249523,131.93576543407102,9.491794,7.784392,5.7920194,10.295369,-11.02614,-7.2192883,14.411606,-3.9222035,-6.3176036,8.639093,-15.187647,5.6293163,9.069521,-0.8186393,9.171458,0.7458084,12.708467,-34.868248,61.696495,-10.809388,8.688457,7.034998,0.27277297,-10.10268,26.916641,67.97559,-14.446056,4.2330523,-3.1698167
749,5.808837413787842,0.7003246545791626,77.76107788085938,0.7180153673367197,-7.65729507940107,131.94500192060605,9.450103,7.811774,5.777065,10.313556,-11.016088,-7.2257533,14.390603,-3.8945975,-6.323381,8.625295,-15.179485,5.624176,9.059723,-0.75564307,9.142017,0.7132674,12.688164,-34.904938,61.741753,-10.854873,8.66914,7.0067873,0.23786408,-10.123725,26.965946,67.97237,-14.467848,4.2391706,-3.1623359
750,5.832181453704834,0.7208642363548279,77.75882720947266,0.7151653286360767,-7.6307102379340055,131.94172373582646,9.408083,7.839774,5.7734714,10.331855,-11.008981,-7.2272253,14.36094,-3.8685997,-6.325289,8.614843,-15.164935,5.6175756,9.05108,-0.68979955,9.110735,0.6864505,12.67587,-34.953773,61.774147,-10.913056,8.64777,6.9851785,0.19073895,-10.1385355,27.0128,67.988396,-14.493834,4.237107,-3.1389346
751,5.854696273803711,0.7348381876945496,77.7548828125,0.7106408269733058,-7.601720184710324,131.93011272902942,9.36554,7.868353,5.778573,10.350515,-11.003692,-7.229182,14.3250265,-3.84318,-6.3208933,8.606452,-15.1473,5.61152,9.047001,-0.61034685,9.071349,0.6589334,12.646134,-35.023144,61.812763,-10.981693,8.629645,6.982521,0.16250503,-10.1746435,27.071936,67.99369,-14.501982,4.2341256,-3.1143234
752,5.86810827255249,0.7465401291847229,77.7559814453125,0.7057536800121781,-7.571950985691796,131.91443253106797,9.326549,7.8968124,5.7898936,10.361983,-10.994906,-7.237241,14.286601,-3.817749,-6.3082824,8.598943,-15.130723,5.6077514,9.044779,-0.5344433,9.039101,0.63875145,12.61943,-35.065678,61.834415,-11.013659,8.626259,6.9910703,0.1300973,-10.20452,27.1143,68.00776,-14.522276,4.2325687,-3.102376
753,5.887125015258789,0.7558594942092896,77.75811767578125,0.6999407988453006,-7.5434805956674955,131.895381029355,9.294242,7.9259925,5.807521,10.364853,-10.981387,-7.2564354,14.2526,-3.7906156,-6.286165,8.584259,-15.111635,5.6068497,9.043805,-0.4600875,9.012032,0.6250623,12.590679,-35.085266,61.844566,-11.00861,8.6437845,7.0222178,0.09882288,-10.231789,27.151775,68.03085,-14.541653,4.232078,-3.1102443
754,5.905301570892334,0.7603216767311096,77.76290130615234,0.6926421843558364,-7.514503349363293,131.8707733875275,9.266688,7.9556127,5.8328724,10.361034,-10.964879,-7.282587,14.214641,-3.7635684,-6.255459,8.574026,-15.093865,5.6078725,9.042381,-0.38526446,8.987319,0.61586726,12.556824,-35.088337,61.848255,-10.977562,8.6755495,7.0722523,0.067836516,-10.256886,27.188978,68.06252,-14.55902,4.2312517,-3.1292875
755,5.918171405792236,0.7646808624267578,77.77011108398438,0.6854394254320513,-7.481807947373873,131.84122678631397,9.236863,7.98439,5.863904,10.355693,-10.948981,-7.3075805,14.172462,-3.7374892,-6.219115,8.560488,-15.073279,5.6100903,9.050653,-0.32277656,8.963421,0.6207759,12.54786,-35.087093,61.824287,-10.934448,8.712948,7.123167,0.035012487,-10.26222,27.20332,68.102455,-14.590713,4.233831,-3.1555007
756,5.931154727935791,0.7730382680892944,77.77976989746094,0.678844649614864,-7.4410472701918735,131.80674563330632,9.197083,8.010862,5.8993297,10.354519,-10.937735,-7.3229756,14.115791,-3.7146835,-6.1783457,8.554392,-15.055288,5.61297,9.03019,-0.24853459,8.926106,0.6340862,12.503723,-35.048622,61.81775,-10.881436,8.736766,7.166784,-0.009898897,-10.282255,27.247803,68.15073,-14.617012,4.246473,-3.1803856
757,5.938961982727051,0.7754536867141724,77.78524780273438,0.6735088112888272,-7.388791945205066,131.7690647871741,9.144792,8.033192,5.9387765,10.355154,-10.930234,-7.3243966,14.047421,-3.6961148,-6.134736,8.542719,-15.0328865,5.617928,9.006015,-0.17453192,8.878029,0.6438306,12.44283,-34.991646,61.82572,-10.81601,8.742857,7.1926694,-0.051874623,-10.304807,27.282589,68.19324,-14.661318,4.2735972,-3.2047608
758,5.947442531585693,0.7752911448478699,77.78852081298828,0.6683624399784397,-7.327114900965791,131.72764680690125,9.081272,8.052797,5.9826417,10.36011,-10.926872,-7.317103,13.964522,-3.6809993,-6.0865393,8.537916,-15.012916,5.6246843,8.991211,-0.11175855,8.826057,0.6736804,12.410878,-34.938137,61.798046,-10.7491045,8.743665,7.2081747,-0.09182308,-10.314064,27.29551,68.23444,-14.722518,4.310038,-3.231992
759,5.948861122131348,0.7745161056518555,77.79036712646484,0.6632263665491996,-7.263157854337147,131.6793205302107,9.018823,8.0717745,6.032016,10.361207,-10.923888,-7.307035,13.876857,-3.6669059,-6.0332294,8.533502,-14.992227,5.6302137,8.974581,-0.051603615,8.771822,0.71463555,12.382841,-34.872852,61.7611,-10.680037,8.745183,7.22193,-0.13039526,-10.320074,27.301754,68.27274,-14.786464,4.348402,-3.2581599
760,5.953394889831543,0.7743411660194397,77.79090118408203,0.6547138458585764,-7.201649063191112,131.6214907846093,8.9632845,8.093312,6.0869765,10.36273,-10.923593,-7.300371,13.790196,-3.6508615,-5.9735837,8.530474,-14.9715605,5.6313763,8.951996,0.0111181885,8.719252,0.76223665,12.34707,-34.785675,61.727085,-10.608335,8.755824,7.241493,-0.17126396,-10.325784,27.300997,68.311676,-14.8485365,4.380923,-3.280651
761,5.952023506164551,0.7683663368225098,77.79094696044922,0.6417193467574568,-7.14482900890185,131.55256229043945,8.9154825,8.120125,6.1466155,10.367922,-10.927141,-7.297338,13.704725,-3.6305587,-5.909053,8.532825,-14.952651,5.623175,8.917384,0.08828303,8.662233,0.79172343,12.257378,-34.663437,61.74615,-10.520863,8.776085,7.270876,-0.21734588,-10.335642,27.301441,68.360344,-14.909985,4.407055,-3.2976565
762,5.949323654174805,0.764043927192688,77.79257202148438,0.626428396761573,-7.089593400676124,131.47439161833452,8.872759,8.149295,6.211383,10.372709,-10.932832,-7.2950926,13.616467,-3.6084127,-5.839631,8.540333,-14.935533,5.608642,8.906112,0.16382435,8.604272,0.8224822,12.17596,-34.563885,61.75983,-10.445794,8.806394,7.305838,-0.24675834,-10.341356,27.266567,68.397316,-14.978931,4.4295335,-3.311336
763,5.946006774902344,0.7640007734298706,77.7909927368164,0.6098290771353703,-7.033828234421947,131.38903444165172,8.835493,8.177624,6.282762,10.372661,-10.939089,-7.2952805,13.529039,-3.5870085,-5.762613,8.543968,-14.91626,5.596705,8.905109,0.22872448,8.550558,0.88369316,12.138967,-34.476307,61.724472,-10.391572,8.842438,7.3427305,-0.26167476,-10.342235,27.211931,68.41382,-15.040466,4.4477205,-3.3229108
764,5.937248229980469,0.754902720451355,77.79002380371094,0.5958816650700508,-6.977497568944059,131.29730909128457,8.805322,8.200748,6.363537,10.36129,-10.943654,-7.2991376,13.43774,-3.571287,-5.6734805,8.551735,-14.900128,5.596566,8.895298,0.29629755,8.497338,0.94584286,12.084659,-34.365543,61.702286,-10.342017,8.872784,7.386519,-0.28020707,-10.342848,27.144855,68.43121,-15.092796,4.462625,-3.3357987
765,5.923348426818848,0.7416707277297974,77.79295349121094,0.5860419423587055,-6.921455342346946,131.19916962389996,8.786283,8.214605,6.45621,10.335585,-10.94601,-7.307998,13.350996,-3.5642939,-5.568826,8.550288,-14.882575,5.6161656,8.881211,0.36171776,8.442158,1.0007601,12.019495,-34.2436,61.711693,-10.305824,8.887054,7.4362316,-0.30178538,-10.343426,27.062801,68.45381,-15.128284,4.4710197,-3.351073
766,5.901752471923828,0.7262011766433716,77.79573059082031,0.578392131748249,-6.865402912985033,131.09378909662732,8.776091,8.222617,6.559134,10.299521,-10.947137,-7.320909,13.265294,-3.563354,-5.450983,8.545591,-14.8654,5.648873,8.868204,0.42675897,8.385695,1.0604364,11.949739,-34.12167,61.726894,-10.288394,8.896363,7.496881,-0.31622002,-10.344793,26.964025,68.469475,-15.150661,4.476118,-3.3698344
767,5.884004592895508,0.7137996554374695,77.8034896850586,0.5679920496692357,-6.806597584155965,130.98359252416452,8.7667675,8.231802,6.6666183,10.259268,-10.949051,-7.3356586,13.175832,-3.561071,-5.328021,8.540536,-14.84553,5.681526,8.856898,0.49625018,8.324431,1.114817,11.866179,-33.992233,61.75926,-10.275896,8.903746,7.5574775,-0.3240132,-10.347633,26.8547,68.48029,-15.16444,4.477244,-3.3840456
768,5.86473274230957,0.6963842511177063,77.8082046508789,0.5504598859730979,-6.742338920972071,130.8712742439977,8.747141,8.249978,6.772549,10.227382,-10.956724,-7.350275,13.077955,-3.55,-5.2083774,8.537466,-14.819552,5.7009287,8.846554,0.57846713,8.249401,1.1347811,11.73751,-33.85198,61.852837,-10.258826,8.909242,7.609917,-0.32739678,-10.353906,26.74637,68.49639,-15.169633,4.47414,-3.3878186
769,5.847888469696045,0.680601179599762,77.81130981445312,0.5217803748241667,-6.6670940218338615,130.75632288741843,8.7113905,8.283669,6.8746743,10.2003975,-10.96994,-7.3685665,12.962371,-3.523227,-5.09492,8.54042,-14.786112,5.697456,8.841021,0.6512244,8.172292,1.1944014,11.67311,-33.700592,61.873493,-10.253247,8.927133,7.6408825,-0.31469107,-10.356418,26.63817,68.48219,-15.161926,4.4606266,-3.367228
770,5.825530529022217,0.6646270155906677,77.81412506103516,0.4841981434580585,-6.583461163194814,130.63803195183115,8.665521,8.3276205,6.9762993,10.176306,-10.987696,-7.3901463,12.836516,-3.485873,-4.9830465,8.542712,-14.744644,5.6802115,8.830863,0.72769725,8.088389,1.2483964,11.601695,-33.519085,61.907513,-10.242411,8.946625,7.659412,-0.30258372,-10.3577175,26.52869,68.46602,-15.146222,4.438613,-3.33014
771,5.805326461791992,0.6479657888412476,77.81654357910156,0.44708497558870636,-6.502845374798732,130.51734036545835,8.622737,8.369614,7.0806584,10.153913,-11.005852,-7.4067616,12.71084,-3.4506953,-4.8697863,8.549643,-14.703762,5.664022,8.812967,0.8084404,8.002123,1.2843642,11.502386,-33.332615,61.977856,-10.229053,8.962522,7.673531,-0.29346928,-10.358548,26.427967,68.45937,-15.123267,4.418811,-3.2977679
772,5.785524845123291,0.63144850730896,77.81599426269531,0.41825148190044953,-6.435089218697232,130.39625948491303,8.594238,8.397723,7.1902013,10.135171,-11.022382,-7.4102836,12.600036,-3.429629,-4.7525864,8.557682,-14.667014,5.663496,8.798345,0.8755982,7.932578,1.328133,11.432834,-33.189026,62.022385,-10.233426,8.976989,7.6819243,-0.27548453,-10.358557,26.330492,68.44194,-15.094769,4.4099994,-3.2866714
773,5.75703763961792,0.6130906343460083,77.81800842285156,0.4011787572696907,-6.385202560624651,130.27400750891917,8.585739,8.407328,7.3076687,10.121087,-11.034716,-7.393909,12.510553,-3.4277172,-4.629428,8.565707,-14.635241,5.6861644,8.779965,0.9325608,7.8837147,1.3711646,11.373083,-33.084393,62.06189,-10.255385,8.987468,7.6888714,-0.25359404,-10.357734,26.245316,68.42049,-15.06267,4.4174557,-3.3135996
774,5.726088047027588,0.5905590057373047,77.8193130493164,0.3907093617667274,-6.346357478226163,130.1503776292274,8.589561,8.405444,7.4305887,10.111913,-11.045708,-7.363607,12.4353695,-3.4376528,-4.502626,8.570701,-14.603386,5.7230377,8.760132,0.97251475,7.8427815,1.4345132,11.356697,-33.035946,62.069157,-10.321573,8.99653,7.6946516,-0.22076555,-10.356951,26.195826,68.38962,-14.998644,4.4359646,-3.3685067
775,5.694269180297852,0.5643931031227112,77.8248519897461,0.3843731217583664,-6.314725094329701,130.0261203490341,8.601783,8.397101,7.555666,10.101701,-11.0570545,-7.3298283,12.364897,-3.4539502,-4.373775,8.581907,-14.576959,5.7639537,8.740963,1.0316824,7.8133006,1.4198291,11.242989,-32.941925,62.184654,-10.317124,8.99578,7.6870575,-0.20588803,-10.354551,26.080727,68.38446,-14.989351,4.454834,-3.4137642
776,5.65615177154541,0.5340757369995117,77.82661437988281,0.37616686439413605,-6.282388349357564,129.90457856989872,8.614077,8.389674,7.676522,10.086273,-11.070685,-7.303989,12.294459,-3.4685142,-4.2480297,8.59253,-14.553319,5.7980657,8.709206,1.069058,7.7791686,1.4726816,11.220196,-32.899662,62.187714,-10.356829,9.000809,7.6718645,-0.17645636,-10.353764,26.026546,68.35845,-14.914434,4.47382,-3.4403543
777,5.622304916381836,0.5063241124153137,77.82646942138672,0.3678963519914558,-6.247306992910155,129.78386836576001,8.628965,8.3808155,7.7950606,10.055419,-11.084584,-7.289608,12.218425,-3.4827697,-4.123254,8.6072445,-14.53687,5.824777,8.687012,1.1103504,7.756829,1.4749293,11.167804,-32.804955,62.231823,-10.304989,8.998056,7.6167474,-0.15606354,-10.351564,25.887892,68.33635,-14.90994,4.484628,-3.415169
778,5.596014499664307,0.4773721992969513,77.82743072509766,0.360019974545187,-6.2129444596355645,129.66522194470656,8.644145,8.370394,7.910582,10.021904,-11.101946,-7.2809095,12.144967,-3.497703,-4.000594,8.618238,-14.523174,5.848704,8.663265,1.1522251,7.7256913,1.4607676,11.098034,-32.73297,62.29546,-10.255485,8.988829,7.551281,-0.13575959,-10.348905,25.756649,68.32596,-14.88661,4.496355,-3.3726594
779,5.559915542602539,0.44704297184944153,77.83110809326172,0.3513531461078222,-6.18321450227669,129.54716000023643,8.665844,8.359023,8.025462,9.986561,-11.119588,-7.2733397,12.073241,-3.5135107,-3.8783648,8.637911,-14.512746,5.8686395,8.625203,1.18726,7.7016354,1.4772763,11.066389,-32.67245,62.305325,-10.205384,8.986036,7.48709,-0.11425648,-10.347183,25.64912,68.30755,-14.835358,4.507384,-3.3210368
780,5.52232027053833,0.4148584008216858,77.83187866210938,0.34110457761340435,-6.165512533075379,129.42815381423517,8.697382,8.349767,8.140941,9.959165,-11.138721,-7.2626457,12.013325,-3.5281622,-3.7564497,8.658762,-14.4958515,5.8831606,8.596942,1.2304548,7.687698,1.4616886,11.020347,-32.64454,62.348335,-10.148358,8.988936,7.444753,-0.094061054,-10.344708,25.521864,68.29712,-14.7687025,4.513371,-3.2704055
781,5.491257190704346,0.38327327370643616,77.83483123779297,0.3267467370938408,-6.162272339172684,129.30720645246942,8.739957,8.346234,8.2573395,9.944627,-11.160073,-7.2500587,11.959886,-3.5392582,-3.6334448,8.696501,-14.475028,5.88436,8.552486,1.28186,7.6811814,1.4684353,10.992696,-32.654675,62.35819,-10.104427,9.010153,7.443061,-0.08291723,-10.34422,25.435175,68.2983,-14.639429,4.514869,-3.2261658
782,5.4611124992370605,0.35641616582870483,77.83722686767578,0.30848418474245914,-6.169198177187589,129.18494053099957,8.794058,8.345453,8.374762,9.933406,-11.180858,-7.237064,11.91382,-3.5483077,-3.5095668,8.742915,-14.450328,5.875517,8.508603,1.3377322,7.6838307,1.4642364,10.97127,-32.699745,62.3705,-10.062518,9.040046,7.4622803,-0.0703306,-10.344753,25.352644,68.30012,-14.476214,4.5113745,-3.1779752
783,5.423656940460205,0.33031997084617615,77.83940124511719,0.29335039883806796,-6.18286788238225,129.06346389294168,8.852576,8.341572,8.491464,9.925863,-11.203893,-7.219568,11.876613,-3.5605624,-3.3879044,8.785805,-14.425017,5.871996,8.467075,1.3918104,7.693061,1.4567063,10.954715,-32.75995,62.38221,-10.013647,9.0706,7.486356,-0.052594114,-10.345727,25.262825,68.29764,-14.308485,4.5092125,-3.132677
784,5.381171226501465,0.29946574568748474,77.83853149414062,0.28520808040418383,-6.196152867500853,128.9460994846128,8.911591,8.326933,8.605634,9.915885,-11.229017,-7.193259,11.8451395,-3.5829852,-3.27112,8.8219,-14.406834,5.8895364,8.399821,1.4328693,7.7071185,1.4696692,10.947747,-32.785564,62.378242,-9.945295,9.091696,7.4943852,-0.039460894,-10.345635,25.193602,68.291405,-14.150815,4.5156517,-3.0980833
785,5.337858200073242,0.2701258659362793,77.8389663696289,0.2879351614138726,-6.213942161121223,128.83325722299924,8.975322,8.299165,8.716202,9.90219,-11.2578535,-7.1534376,11.8327875,-3.6167789,-3.1597073,8.834146,-14.391872,5.937239,8.402821,1.466385,7.7358694,1.4219965,10.928005,-32.874496,62.428013,-9.857484,9.102078,7.484942,0.017418945,-10.342883,24.990446,68.248695,-14.077597,4.529878,-3.0667553
786,5.307554721832275,0.24622145295143127,77.84130096435547,0.2968112269876053,-6.235105623408261,128.7242744364119,9.041774,8.262259,8.823381,9.890158,-11.291039,-7.103559,11.830545,-3.6593907,-3.0525386,8.839335,-14.383023,6.005185,8.327051,1.4867735,7.7682223,1.4292375,10.923059,-32.888256,62.44188,-9.7420435,9.107324,7.465462,0.042471204,-10.339994,24.887585,68.224335,-13.980761,4.556574,-3.0506935
787,5.271584987640381,0.2101801633834839,77.84387969970703,0.31072244946103744,-6.255371335703803,128.61632414194054,9.108101,8.218542,8.93159,9.872915,-11.321425,-7.051666,11.826892,-3.708619,-2.9484549,8.845227,-14.378159,6.0800567,8.326909,1.502411,7.808867,1.381012,10.91189,-32.955753,62.489334,-9.623239,9.103583,7.4360375,0.1015097,-10.32798,24.659063,68.17416,-13.936205,4.577542,-3.0313654
788,5.226510524749756,0.17117881774902344,77.84721374511719,0.3252369821023072,-6.266287354726518,128.50891757450228,9.167694,8.170781,9.0429535,9.846634,-11.343071,-7.005725,11.811403,-3.7617307,-2.8487058,8.85107,-14.370538,6.1485014,8.288661,1.5153809,7.8332105,1.3755513,10.906343,-32.96479,62.49803,-9.517062,9.086854,7.4023323,0.1407134,-10.318526,24.50696,68.141556,-13.837496,4.5925355,-3.0199027
789,5.1785993576049805,0.12876485288143158,77.8470230102539,0.3393605590741034,-6.26680396683137,128.4026728139282,9.221289,8.118965,9.1589575,9.809931,-11.356093,-6.971625,11.77907,-3.8193104,-2.7569487,8.868719,-14.369148,6.204183,8.252587,1.5277889,7.844119,1.3849571,10.90252,-32.94536,62.479256,-9.421381,9.050496,7.3558373,0.18070856,-10.309324,24.366806,68.10886,-13.700296,4.5954404,-3.0092509
790,5.133462905883789,0.09216691553592682,77.84832763671875,0.35581175109249574,-6.26134303406599,128.29731964407694,9.27301,8.061713,9.278364,9.762315,-11.361731,-6.9438787,11.738325,-3.8823874,-2.6718748,8.890111,-14.371943,6.25553,8.229154,1.5368136,7.8500795,1.392256,10.899163,-32.909195,62.450737,-9.325933,8.998439,7.2964773,0.22263548,-10.298533,24.212265,68.07481,-13.5514345,4.589762,-2.9993734
791,5.091142177581787,0.05696162208914757,77.84888458251953,0.37390057025086343,-6.248045228413784,128.19176035391172,9.315175,8.00002,9.3989105,9.712623,-11.361796,-6.9132476,11.686574,-3.9496078,-2.5849025,8.911737,-14.369034,6.310235,8.20475,1.5434036,7.8483233,1.4098207,10.895773,-32.855618,62.412525,-9.244707,8.942987,7.2411194,0.2632729,-10.2877865,24.067827,68.04338,-13.393997,4.5810966,-2.9952502
792,5.048544883728027,0.01940867304801941,77.85063934326172,0.3931545558686248,-6.225359348698358,128.0838917455827,9.340757,7.934965,9.519066,9.670373,-11.358861,-6.8705664,11.620665,-4.020078,-2.4883602,8.932245,-14.352339,6.3772216,8.184183,1.5479971,7.842688,1.4323304,10.890597,-32.791,62.374336,-9.184481,8.897105,7.203742,0.30255717,-10.276689,23.925007,68.01499,-13.251262,4.5726724,-2.9982164
793,5.000739574432373,-0.02091098017990589,77.85649871826172,0.4121203336014709,-6.191236850644933,127.97161854186653,9.346676,7.86924,9.63918,9.6362505,-11.349787,-6.81397,11.537538,-4.0914474,-2.3761277,8.948674,-14.313973,6.4587464,8.169972,1.5513414,7.8294153,1.4568831,10.88337,-32.720562,62.345383,-9.157889,8.859674,7.1888103,0.34364587,-10.266743,23.784363,67.989685,-13.121144,4.561664,-3.0097167
794,4.960908889770508,-0.06566563993692398,77.86286926269531,0.4321497888333835,-6.147153336456632,127.85665120248561,9.337845,7.800555,9.760045,9.604955,-11.334487,-6.748028,11.437703,-4.1655097,-2.2537344,8.968012,-14.2637615,6.550436,8.170537,1.5532343,7.812195,1.4751629,10.869712,-32.642437,62.325512,-9.151352,8.826171,7.187674,0.38469294,-10.253357,23.621601,67.9681,-13.009089,4.546535,-3.0267375
795,4.916148662567139,-0.12302554398775101,77.86756134033203,0.45535859377692706,-6.097235286634893,127.74194807375672,9.3194,7.7252917,9.880716,9.574706,-11.316992,-6.673606,11.332765,-4.2461348,-2.130557,8.97947,-14.204815,6.6513686,8.1774,1.5522976,7.790188,1.4898112,10.847113,-32.557735,62.31432,-9.153749,8.799922,7.197589,0.4216487,-10.237537,23.459902,67.95542,-12.91005,4.5341287,-3.0498111
796,4.865198612213135,-0.1735973060131073,77.87926483154297,0.4846383267788279,-6.043499865553377,127.63124513730466,9.296584,7.6370707,10.000233,9.541028,-11.300523,-6.5911026,11.221108,-4.3395834,-2.0158293,8.997717,-14.154073,6.760789,8.172186,1.5469884,7.76392,1.5330828,10.823895,-32.46337,62.271584,-9.160802,8.789373,7.2215824,0.4558207,-10.226772,23.33829,67.94231,-12.804706,4.535431,-3.082302
797,4.809839725494385,-0.23118846118450165,77.88866424560547,0.5224666007741835,-5.9917497342637605,127.52558633786433,9.2787895,7.531929,10.118504,9.499358,-11.285812,-6.4974113,11.119293,-4.4497204,-1.9132771,9.006393,-14.108998,6.8833375,8.161217,1.5348451,7.7491755,1.5636805,10.786999,-32.338985,62.235607,-9.132021,8.799729,7.248628,0.46617827,-10.216301,23.217583,67.94775,-12.73398,4.5467305,-3.1116626
798,4.74752140045166,-0.29610779881477356,77.89960479736328,0.5666099412724523,-5.937169608857617,127.42359572584589,9.257556,7.4139137,10.235418,9.455269,-11.272169,-6.393234,11.01616,-4.572888,-1.8178215,9.013377,-14.067376,7.017973,8.138228,1.5200292,7.729992,1.6105235,10.736639,-32.201813,62.18646,-9.103867,8.829055,7.294462,0.4710817,-10.20969,23.129402,67.95928,-12.663369,4.570788,-3.1494598
799,4.690743446350098,-0.35649117827415466,77.9122085571289,0.6122423164673004,-5.874900844401725,127.32311118202766,9.226133,7.2902436,10.352258,9.407708,-11.254504,-6.2854843,10.904382,-4.7011666,-1.7245705,9.01585,-14.019789,7.1543474,8.113273,1.5063692,7.7073984,1.6650354,10.679019,-32.04414,62.13254,-9.07853,8.857051,7.3411245,0.47112215,-10.209429,23.057821,67.97152,-12.598312,4.599202,-3.1938624
800,4.629211902618408,-0.4268072545528412,77.92407989501953,0.6523847703772094,-5.797378448925201,127.2222681679951,9.175576,7.1677246,10.470543,9.357252,-11.228642,-6.180868,10.76539,-4.8272853,-1.6274959,9.031169,-13.9670315,7.282225,8.09528,1.4986053,7.678439,1.7244768,10.617946,-31.865023,62.078186,-9.066988,8.864847,7.3758235,0.47230393,-10.214593,22.991943,67.97592,-12.539032,4.625752,-3.246226
801,4.563193321228027,-0.5062646865844727,77.93377685546875,0.6839116349219202,-5.700718514500778,127.12048448189863,9.098833,7.051397,10.590757,9.307079,-11.193288,-6.0832186,10.598959,-4.946322,-1.525358,9.045633,-13.895796,7.3945193,8.072118,1.5093402,7.633902,1.7663721,10.511175,-31.637247,62.071888,-9.046203,8.841527,7.3970637,0.46006632,-10.231587,22.949976,67.990974,-12.485919,4.6518316,-3.3074894
802,4.504118919372559,-0.5894164443016052,77.94487762451172,0.7118313184858557,-5.588828499151855,127.01833238891045,9.003296,6.9353576,10.712737,9.251921,-11.148566,-5.9881577,10.404368,-5.064153,-1.4201889,9.073683,-13.819426,7.4982,8.070777,1.5176208,7.5843186,1.8235334,10.427953,-31.414274,62.037186,-9.04306,8.805352,7.408383,0.4581221,-10.250036,22.902098,67.989136,-12.444036,4.6788626,-3.374906
803,4.43935489654541,-0.6712765693664551,77.9556884765625,0.7386380172601715,-5.469933009824815,126.91739485297782,8.897181,6.815686,10.834604,9.197309,-11.102019,-5.890641,10.202046,-5.185212,-1.314628,9.096593,-13.736596,7.603941,8.054257,1.5394894,7.5320024,1.8721285,10.303228,-31.141258,62.0342,-9.044565,8.755143,7.415378,0.44618767,-10.282831,22.873987,67.991936,-12.402225,4.70384,-3.4505432
804,4.360241413116455,-0.7576617002487183,77.96604919433594,0.7698183514215435,-5.351946391144763,126.81852928789415,8.792723,6.6855454,10.955266,9.138987,-11.05593,-5.785581,10.006605,-5.3156595,-1.2109385,9.105582,-13.651081,7.7222643,8.038267,1.564232,7.487738,1.9208536,10.165313,-30.845894,62.036537,-9.079905,8.699232,7.4200935,0.4379787,-10.322792,22.833204,67.986115,-12.361504,4.721498,-3.5344043
805,4.297723293304443,-0.8552324771881104,77.9800796508789,0.8091123860657785,-5.23384116146637,126.72171231738832,8.687868,6.541795,11.074109,9.076998,-11.009888,-5.67072,9.808841,-5.4585834,-1.1095248,9.116142,-13.572679,7.858274,8.018566,1.5838294,7.4554524,1.978761,10.026565,-30.523546,62.02718,-9.170118,8.63491,7.4195275,0.42710415,-10.364113,22.782858,67.97403,-12.311197,4.7296495,-3.6360476
806,4.214837551116943,-0.9485209584236145,77.99207305908203,0.8522518919057164,-5.1127454992908925,126.62688411350224,8.579007,6.389012,11.191529,9.011621,-10.962021,-5.5492425,9.613523,-5.6093607,-1.0103145,9.109852,-13.487125,8.005303,7.9946465,1.6009631,7.430445,2.0450256,9.885456,-30.172321,62.01002,-9.300599,8.56102,7.4128737,0.41031352,-10.406607,22.730137,67.96022,-12.256345,4.730924,-3.7527823
807,4.129101753234863,-1.0562127828598022,78.00501251220703,0.8970975478761074,-4.992788058638666,126.53374410980493,8.471796,6.2291536,11.30922,8.942046,-10.914258,-5.423701,9.414657,-5.7663646,-0.90952194,9.112443,-13.408156,8.156248,7.985609,1.6056566,7.416056,2.1383693,9.784512,-29.817661,61.947388,-9.445954,8.491772,7.3992963,0.39996308,-10.43674,22.650291,67.935646,-12.222588,4.726555,-3.8657732
808,4.045838832855225,-1.1629085540771484,78.01771545410156,0.9391959535616311,-4.8798063237696505,126.44248846278713,8.371363,6.0665097,11.428018,8.873094,-10.871978,-5.2966843,9.226746,-5.925469,-0.80542606,9.109517,-13.328216,8.304193,7.9532247,1.6304682,7.403787,2.223313,9.638807,-29.399548,61.92292,-9.538872,8.427892,7.386318,0.38247132,-10.480645,22.58365,67.91755,-12.220293,4.721567,-3.9566891
809,3.953740358352661,-1.2760403156280518,78.03074645996094,0.9788902534843333,-4.774859411210694,126.3531836372209,8.280588,5.9006753,11.551807,8.802226,-10.8347845,-5.167626,9.043791,-6.087311,-0.69450384,9.117285,-13.257298,8.446368,7.933585,1.6683224,7.3928385,2.3013523,9.473898,-28.963726,61.92012,-9.59032,8.373715,7.3730855,0.38124475,-10.533269,22.500908,67.89006,-12.269206,4.7150564,-4.018313
810,3.8468844890594482,-1.3922057151794434,78.03934478759766,1.0180377023948017,-4.675297170222758,126.26563629446281,8.197728,5.729259,11.679107,8.726272,-10.799774,-5.0354805,8.862187,-6.2532544,-0.578489,9.13505,-13.194602,8.586825,7.921245,1.7139403,7.3863616,2.3786309,9.298807,-28.50667,61.92558,-9.619964,8.325148,7.357521,0.38976607,-10.5930395,22.405052,67.85406,-12.355909,4.705701,-4.0605927
811,3.751171112060547,-1.5053870677947998,78.04613494873047,1.0557060516288788,-4.57942618129508,126.17966896998531,8.118121,5.55392,11.8021965,8.649273,-10.767524,-4.9023438,8.686378,-6.4222546,-0.4631663,9.1477585,-13.128726,8.728647,7.9135847,1.7595909,7.388684,2.4702117,9.140755,-28.036634,61.910954,-9.634579,8.285478,7.341871,0.4044639,-10.64828,22.277536,67.807755,-12.462464,4.693707,-4.091097
812,3.661501884460449,-1.6249083280563354,78.05137634277344,1.091559558898254,-4.485660299882583,126.09465102057624,8.039906,5.3750434,11.914351,8.569664,-10.735929,-4.7700973,8.512678,-6.5940576,-0.35310087,9.157336,-13.057424,8.875111,7.900666,1.8058751,7.3994203,2.5756881,8.996996,-27.550804,61.878773,-9.63426,8.254736,7.331794,0.41718167,-10.69742,22.109898,67.75643,-12.568126,4.6802716,-4.1184363
813,3.563586950302124,-1.755934715270996,78.05440521240234,1.1240240403323742,-4.393714183712271,126.00849296168757,7.9595094,5.1951895,12.0116415,8.492998,-10.707133,-4.639619,8.343268,-6.766812,-0.24938767,9.154469,-12.972291,9.026576,7.8681436,1.8699919,7.416633,2.6747837,8.819988,-27.007189,61.874012,-9.580734,8.232405,7.332102,0.41684064,-10.755799,21.928919,67.70801,-12.668038,4.668253,-4.1388125
814,3.4457340240478516,-1.8886476755142212,78.05644226074219,1.1548181748055217,-4.304116766518082,125.9216161794375,7.8807306,5.0119658,12.099118,8.413817,-10.679128,-4.5095806,8.167064,-6.942296,-0.1477852,9.165836,-12.890244,9.18161,7.829835,1.9502498,7.436974,2.7613208,8.610756,-26.42739,61.900944,-9.487546,8.216725,7.342317,0.41415006,-10.823939,21.726341,67.65876,-12.772959,4.6566267,-4.15072
815,3.3288955688476562,-2.0222837924957275,78.05965423583984,1.1846662581198542,-4.218068535763048,125.83892097990967,7.8042626,4.824304,12.180527,8.334443,-10.653446,-4.379189,8.006137,-7.1217103,-0.05131283,9.153961,-12.796487,9.340412,7.791125,2.033824,7.4614944,2.8507774,8.410508,-25.86228,61.918686,-9.413253,8.203444,7.3576875,0.42066148,-10.886869,21.464724,67.60217,-12.881411,4.640922,-4.1627793
816,3.215536594390869,-2.155160427093506,78.06074523925781,1.2174588607733092,-4.1354037330701585,125.763710926578,7.7343726,4.6266584,12.261614,8.246839,-10.626274,-4.2469945,7.8436966,-7.3103876,0.04340453,9.159208,-12.717335,9.504015,7.746627,2.1163628,7.4843483,2.9372437,8.221476,-25.343988,61.92983,-9.405535,8.183919,7.3781486,0.44036797,-10.943188,21.121227,67.543564,-12.988731,4.617967,-4.185364
817,3.087256908416748,-2.2975261211395264,78.05842590332031,1.2537775335184016,-4.059158816410111,125.69620278816934,7.6743207,4.4177084,12.344923,8.152812,-10.600614,-4.1114254,7.6976843,-7.509661,0.13807774,9.152296,-12.640359,9.674451,7.6984825,2.1943552,7.5072722,3.0323808,8.057015,-24.873697,61.919334,-9.500006,8.151434,7.407658,0.47654548,-10.989251,20.696486,67.48241,-13.106766,4.5800996,-4.2154922
818,2.9653401374816895,-2.4410929679870605,78.05392456054688,1.2924240135875211,-3.987840019114296,125.63441065303134,7.6215234,4.1990404,12.427503,8.053797,-10.576447,-3.9733696,7.556649,-7.718064,0.23259747,9.150643,-12.571468,9.850829,7.647219,2.2780845,7.5283017,3.1199548,7.8886733,-24.431839,61.917274,-9.658405,8.109623,7.44821,0.5251802,-11.033444,20.201965,67.42138,-13.233417,4.531833,-4.250194
819,2.8393712043762207,-2.5886318683624268,78.0523910522461,1.3314607588729588,-3.9170322940097675,125.5801772644565,7.5695133,3.9753723,12.504212,7.95057,-10.550373,-3.8362024,7.41574,-7.931018,0.31908852,9.154083,-12.506766,10.028798,7.5903964,2.3612275,7.549459,3.2044637,7.734958,-24.03739,61.90575,-9.835224,8.073149,7.485525,0.5847358,-11.0673485,19.622398,67.35373,-13.34556,4.486251,-4.2975
820,2.697655439376831,-2.7356255054473877,78.05461883544922,1.3683864625898685,-3.842707974602633,125.536221899994,7.5101385,3.752872,12.569364,7.846345,-10.519782,-3.7036157,7.2817206,-8.143822,0.3871582,9.140275,-12.431052,10.20362,7.5014486,2.426905,7.5773997,3.327776,7.646387,-23.689703,61.82003,-9.988602,8.060809,7.4986987,0.6424395,-11.075999,18.981623,67.27487,-13.40317,4.456967,-4.366297
821,2.5597457885742188,-2.884218454360962,78.05567932128906,1.4057662682656047,-3.7621837599300076,125.50417145866622,7.4386544,3.5281022,12.620696,7.742272,-10.4827385,-3.5755124,7.139585,-8.360042,0.43051973,9.135288,-12.359435,10.376064,7.4528594,2.5127108,7.5950284,3.3554997,7.505014,-23.451366,61.827995,-10.112677,8.069893,7.5088296,0.73085,-11.066453,18.136677,67.18888,-13.459494,4.446348,-4.461272
822,2.4350333213806152,-3.029637336730957,78.05348205566406,1.4432571986627278,-3.678172093916753,125.48299308280376,7.3603745,3.3004758,12.6609955,7.6361485,-10.440967,-3.4505656,7.0024066,-8.579556,0.45347726,9.117276,-12.281351,10.547582,7.375076,2.5909588,7.610334,3.3989074,7.391887,-23.255901,61.803497,-10.2353325,8.099957,7.50676,0.81664956,-11.033219,17.217411,67.10595,-13.475573,4.449638,-4.5808353
823,2.301274538040161,-3.183335065841675,78.04793548583984,1.4768378709823518,-3.5947572969774346,125.46800308285762,7.281292,3.0759318,12.694916,7.528113,-10.397373,-3.32921,6.8685355,-8.795856,0.47183564,9.096033,-12.197409,10.7157755,7.247861,2.661962,7.6327767,3.485336,7.325722,-23.071796,61.718166,-10.317883,8.137373,7.4833612,0.8857975,-10.991889,16.294273,67.02342,-13.429155,4.4621687,-4.711898
824,2.1685335636138916,-3.3337690830230713,78.04325866699219,1.5027062663342508,-3.5164418890622398,125.45464887905986,7.204162,2.8614938,12.726838,7.426631,-10.359578,-3.2117546,6.7332373,-9.000881,0.50147307,9.085163,-12.109231,10.878355,7.19861,2.7441695,7.6474867,3.4937081,7.247649,-23.025162,61.71721,-10.341953,8.157336,7.463862,0.97648317,-10.912531,15.229909,66.951294,-13.37694,4.47616,-4.851992
825,2.0404953956604004,-3.48406982421875,78.03963470458984,1.5177765726694725,-3.4436796739239988,125.44417796862498,7.129307,2.6603794,12.756263,7.3312283,-10.328116,-3.0993338,6.6018734,-9.19217,0.5461504,9.073743,-12.007181,11.033356,7.1032224,2.8321834,7.667253,3.5347104,7.195527,-22.983675,61.68976,-10.251369,8.161304,7.4234,1.0404466,-10.825569,14.1729355,66.89199,-13.254015,4.501824,-5.0016727
826,1.8993158340454102,-3.6353509426116943,78.03510284423828,1.525305838309323,-3.3742159075765774,125.43773955462983,7.054589,2.4678955,12.781665,7.238901,-10.299297,-2.9912748,6.4650135,-9.373514,0.59913325,9.07822,-11.903489,11.182402,7.036378,2.9226077,7.683635,3.5473168,7.156188,-23.030548,61.692116,-10.087108,8.155654,7.3752847,1.1106458,-10.705006,13.007915,66.83932,-13.10518,4.5363026,-5.1660814
827,1.7658302783966064,-3.788693904876709,78.03050231933594,1.528602000916051,-3.3085156291919993,125.43246637430835,6.9815893,2.2811973,12.804736,7.1521754,-10.274963,-2.8858085,6.3374887,-9.549409,0.6536005,9.071394,-11.790042,11.328514,6.9298735,3.0138245,7.7036886,3.5844114,7.142488,-23.09434,61.664524,-9.900098,8.144764,7.316492,1.1584923,-10.588051,11.902494,66.80061,-12.884618,4.567602,-5.3328
828,1.6336166858673096,-3.9442553520202637,78.0263671875,1.5323031941552594,-3.2463924688610963,125.4245780651071,6.9162583,2.0946374,12.82804,7.0608993,-10.2490225,-2.7809734,6.2143364,-9.723506,0.70603544,9.065596,-11.680167,11.474517,6.865607,3.0926883,7.7138333,3.585771,7.1504903,-23.269508,61.66483,-9.7741995,8.129343,7.2716503,1.2092569,-10.440709,10.822832,66.78581,-12.62191,4.580526,-5.502595
829,1.4959418773651123,-4.094995975494385,78.02000427246094,1.5344304911269204,-3.190076108494102,125.41769048320138,6.8577724,1.9104779,12.84668,6.973815,-10.227782,-2.679305,6.107638,-9.896376,0.7493455,9.04489,-11.567333,11.620946,6.7570233,3.172072,7.7221217,3.6054056,7.180114,-23.477436,61.639347,-9.72587,8.105863,7.2289257,1.2328961,-10.308272,9.871578,66.79914,-12.235583,4.566676,-5.6642165
830,1.3633416891098022,-4.2432451248168945,78.01310729980469,1.5356857036404146,-3.138207274334589,125.41165109602427,6.7671223,1.7369285,12.860647,6.969422,-10.251954,-2.5808744,5.9938593,-10.067084,0.79146594,9.052516,-11.470785,11.766327,6.6680875,3.2445598,7.7248864,3.6069825,7.23604,-23.783669,61.621273,-9.731186,8.074576,7.1919737,1.2594445,-10.15755,8.935486,66.82594,-11.773422,4.5333805,-5.8251305
831,1.243629813194275,-4.396434783935547,78.00269317626953,1.5469622908213227,-3.0839830950376945,125.3962571280267,6.674984,1.5539306,12.884065,6.9655824,-10.275954,-2.4788053,5.7783685,-10.245943,0.8606687,9.260921,-11.478451,11.911947,6.5874133,3.2959874,7.723492,3.6059628,7.315208,-24.13405,61.599907,-9.731133,8.045714,7.1570406,1.2757909,-10.000981,8.0819645,66.86874,-11.304229,4.4964037,-5.9903355
832,1.1070122718811035,-4.545388221740723,77.98834228515625,1.5659262337539521,-3.0260926124668024,125.36608138930197,6.5796986,1.3649647,12.923897,6.961562,-10.296515,-2.3683808,5.5269766,-10.427298,0.9516929,9.522203,-11.510127,12.056644,6.5221615,3.330081,7.7220225,3.60183,7.408331,-24.501123,61.57959,-9.671427,8.028436,7.123779,1.2827756,-9.84697,7.3459926,66.92243,-10.907639,4.4706717,-6.163645
833,0.9862578511238098,-4.699301719665527,77.97345733642578,1.590558677525825,-2.9643653014465245,125.32185899409016,6.4810257,1.171362,12.981821,6.957757,-10.3119335,-2.2449727,5.266313,-10.61193,1.0581433,9.780763,-11.536732,12.202994,6.4780436,3.3516965,7.7196794,3.5851662,7.510964,-24.902542,61.5706,-9.539544,8.021686,7.0960007,1.2811369,-9.694376,6.7358932,66.992455,-10.60524,4.4651732,-6.386346
834,0.8606369495391846,-4.846670627593994,77.9629135131836,1.6191503554469837,-2.900767638194431,125.2669695917881,6.3814063,0.9747211,13.0527935,6.9542713,-10.32446,-2.1125984,4.9950905,-10.797732,1.1766789,10.04664,-11.564532,12.3498535,6.448502,3.364193,7.715389,3.5563953,7.621923,-25.34365,61.572697,-9.362142,8.021278,7.0732794,1.2709968,-9.542508,6.2332826,67.079254,-10.354161,4.4702764,-6.642729
835,0.7332950234413147,-4.991792678833008,77.95285034179688,1.6501402767529307,-2.8363512664645563,125.19923460019085,6.2822127,0.7787272,13.134353,6.95081,-10.337586,-1.9794444,4.704675,-10.98012,1.314196,10.339202,-11.601511,12.491249,6.4318013,3.3652291,7.7105036,3.522321,7.740525,-25.79125,61.581165,-9.149622,8.03071,7.0510435,1.2522042,-9.396714,5.82283,67.17264,-10.140358,4.4744263,-6.8534303
836,0.6134772300720215,-5.135015964508057,77.94229888916016,1.6808844410670403,-2.772443597357057,125.11677483447585,6.1849475,0.58761626,13.223767,6.9468265,-10.3541765,-1.85375,4.3996453,-11.153716,1.4747432,10.65077,-11.645851,12.62139,6.42381,3.35592,7.707343,3.4916768,7.865183,-26.211084,61.58816,-8.91275,8.054108,7.023865,1.2259393,-9.262376,5.4921503,67.260185,-9.948067,4.4664054,-6.9373107
837,0.5001451969146729,-5.283571243286133,77.92872619628906,1.7108039821462429,-2.7082901935360053,125.01384214478718,6.089128,0.40254226,13.32295,6.943729,-10.378733,-1.7403629,4.067854,-11.318473,1.6702123,10.999358,-11.704902,12.737095,6.42046,3.3460915,7.705118,3.4649527,7.980075,-26.58077,61.60115,-8.610511,8.095937,6.9856696,1.1819179,-9.154797,5.265881,67.356636,-9.7836485,4.4533486,-6.821923
838,0.3798309564590454,-5.426397323608398,77.91351318359375,1.7413010510518445,-2.6434688724344686,124.89328722419705,5.9943376,0.2210396,13.432361,6.940291,-10.40741,-1.6340814,3.7117538,-11.475406,1.8943757,11.380415,-11.77678,12.841541,6.4457493,3.3198698,7.7049184,3.4391246,8.115603,-26.949572,61.608482,-8.261938,8.154948,6.940845,1.1315552,-9.04586,5.114961,67.456215,-9.661687,4.4384656,-6.5694876
839,0.26199012994766235,-5.572142601013184,77.89765930175781,1.7726443155303506,-2.5800613111875355,124.76587828011513,5.9022403,0.042724025,13.547571,6.9367213,-10.4358835,-1.5279598,3.3443937,-11.627302,2.1287184,11.78297,-11.856017,12.938889,6.4641795,3.2848456,7.7059684,3.4154775,8.254079,-27.29577,61.615986,-7.930686,8.21907,6.8982162,1.0764335,-8.95656,5.039706,67.539314,-9.542745,4.4059196,-6.2920856
840,0.15833055973052979,-5.718172073364258,77.88066101074219,1.8058619010354773,-2.5201585841493466,124.64201686185665,5.8135166,-0.13307206,13.664175,6.9333067,-10.458907,-1.4149637,2.9805346,-11.772992,2.3533847,12.189911,-11.933283,13.032747,6.4712524,3.23795,7.70878,3.389606,8.397886,-27.635149,61.62335,-7.692094,8.27803,6.8685246,1.033206,-8.889864,5.0021663,67.57518,-9.399848,4.338831,-6.1026273
841,0.04736088216304779,-5.855912685394287,77.86679077148438,1.843652129514986,-2.463418619787201,124.52499867937306,5.727865,-0.30980822,13.781667,6.9307055,-10.476551,-1.2890007,2.6211529,-11.91826,2.562209,12.602999,-12.013692,13.123265,6.4643335,3.1769662,7.7113967,3.3621645,8.54298,-27.954851,61.630188,-7.57451,8.333703,6.8554025,1.008022,-8.849868,4.989465,67.55738,-9.219571,4.2215204,-6.0121284
842,-0.05450255051255226,-5.9919891357421875,77.85379028320312,1.8847973970326573,-2.4089613585222924,124.4089051701316,5.6442194,-0.4859936,13.902226,6.92848,-10.49017,-1.155139,2.2593706,-12.060979,2.7659488,13.0280075,-12.098856,13.207985,6.453563,3.1015294,7.7160378,3.339467,8.700633,-28.261547,61.624565,-7.538843,8.391567,6.851723,0.99602944,-8.832069,5.013274,67.4963,-9.021076,4.0658026,-5.9644537
843,-0.14236116409301758,-6.123378276824951,77.8382568359375,1.92419107070601,-2.3580037905016353,124.29122304854349,5.5652413,-0.6551744,14.0253,6.9252367,-10.500296,-1.0232939,1.8924192,-12.194411,2.9725263,13.46944,-12.182602,13.287552,6.43702,3.0210865,7.724582,3.3098447,8.864499,-28.580086,61.623806,-7.5509734,8.442951,6.855935,0.98769826,-8.836606,5.0945477,67.398865,-8.819302,3.8969808,-5.975002
844,-0.23547327518463135,-6.24080753326416,77.82611083984375,1.9570751160237767,-2.311798940711838,124.16971775287051,5.49159,-0.81093836,14.150439,6.922958,-10.508535,-0.9032968,1.5180306,-12.311285,3.1897523,13.930622,-12.2580185,13.362773,6.4188447,2.941639,7.7397847,3.265407,9.036393,-28.942156,61.636513,-7.5788636,8.48072,6.865547,0.9763883,-8.861573,5.2466755,67.268265,-8.631564,3.7399027,-6.0585804
845,-0.33345499634742737,-6.364933490753174,77.81317138671875,1.986575887620216,-2.2685283276959383,124.04379244569327,5.4214554,-0.95709336,14.279243,6.919663,-10.5121,-0.7962764,1.1329011,-12.413157,3.4235659,14.413211,-12.328248,13.4377165,6.4008403,2.8570578,7.760575,3.2038083,9.218521,-29.35094,61.665054,-7.641874,8.497316,6.8879166,0.96518743,-8.907685,5.4835467,67.09022,-8.429151,3.5902047,-6.251101
846,-0.4220462739467621,-6.493010997772217,77.79931640625,2.0138566341221047,-2.2281673820501418,123.91466799141995,5.3545322,-1.0952818,14.411555,6.916898,-10.5123005,-0.69747317,0.7387921,-12.504087,3.6689858,14.916782,-12.396274,13.510567,6.3811665,2.7659082,7.7864475,3.130692,9.411087,-29.79204,61.701775,-7.7481217,8.498862,6.9212666,0.95558554,-8.974445,5.7945366,66.86761,-8.214157,3.4373536,-6.5334373
847,-0.49454671144485474,-6.6063618659973145,77.79004669189453,2.030814657986118,-2.1949301768880436,123.78249851301659,5.296164,-1.2152939,14.543437,6.9138026,-10.511347,-0.6078982,0.34236705,-12.574096,3.9150898,15.43803,-12.453083,13.572758,6.3574557,2.6818879,7.8210707,3.0476792,9.612489,-30.271664,61.742695,-7.849905,8.497598,6.9496994,0.9396666,-9.05686,6.1546226,66.62951,-8.052327,3.2975447,-6.8393607
848,-0.5584133863449097,-6.717778205871582,77.79055786132812,2.0301976723209063,-2.1728073749109975,123.64708010191316,5.2510557,-1.3076245,14.671109,6.912838,-10.514004,-0.528526,-0.051301166,-12.612087,4.1512403,15.976791,-12.489921,13.615762,6.3292284,2.6178613,7.8676405,2.954574,9.820185,-30.796795,61.78647,-7.8998184,8.505405,6.9578776,0.9103901,-9.146861,6.537012,66.4053,-8.009351,3.188268,-7.103637
849,-0.6303858757019043,-6.832085609436035,77.79291534423828,2.008799338724454,-2.1644130077624486,123.50692185477261,5.2226443,-1.3681135,14.791337,6.9124765,-10.522334,-0.46499792,-0.43603632,-12.61467,4.3880177,16.525358,-12.502204,13.638908,6.298981,2.5763576,7.928148,2.8457704,10.033036,-31.371723,61.83882,-7.892851,8.525914,6.9397116,0.8701611,-9.240119,6.933389,66.18902,-8.150685,3.1185417,-7.3198075
850,-0.6976513266563416,-6.937414169311523,77.79232025146484,1.9713054481706873,-2.1670388941592202,123.36246433209799,5.2071805,-1.402789,14.906805,6.912029,-10.53299,-0.414871,-0.8179756,-12.585793,4.6262264,17.091272,-12.496145,13.645852,6.2681336,2.5483663,7.9995503,2.7199643,10.251232,-31.99341,61.90282,-7.851593,8.552304,6.904842,0.8207914,-9.337489,7.355711,65.971436,-8.426786,3.0792165,-7.521272
851,-0.7569231390953064,-7.0323309898376465,77.79393768310547,1.9219369099829824,-2.177174072846178,123.2167198552739,5.2008543,-1.4169812,15.02309,6.9124336,-10.54238,-0.36738628,-1.1965268,-12.537467,4.839586,17.67096,-12.476252,13.636033,6.2333536,2.5311635,8.07815,2.5825715,10.474037,-32.660027,61.972843,-7.7719736,8.581715,6.8615217,0.7554511,-9.436483,7.8103466,65.77536,-8.728653,3.0597932,-7.7019234
852,-0.8063008785247803,-7.127347469329834,77.79816436767578,1.86480847285509,-2.191401676385686,123.07267957557441,5.199332,-1.4165894,15.145704,6.914082,-10.5454035,-0.311404,-1.5707625,-12.478449,5.0008616,18.258884,-12.445255,13.608491,6.1918054,2.52081,8.160052,2.4376144,10.700728,-33.36977,62.04523,-7.649757,8.6114025,6.8183327,0.6671655,-9.534097,8.302563,65.62444,-8.948809,3.0491781,-7.8562584
853,-0.8506104350090027,-7.220674514770508,77.81070709228516,1.7979797205481123,-2.210791014754517,122.92953817431892,5.204848,-1.3991554,15.279183,6.9152365,-10.536908,-0.23906186,-1.9415027,-12.408123,5.1081944,18.856886,-12.390782,13.571689,6.14102,2.518492,8.246051,2.2828414,10.931613,-34.132156,62.12562,-7.466498,8.639957,6.770826,0.5470276,-9.6302805,8.854507,65.53053,-9.075451,3.05898,-7.97892
854,-0.9024484753608704,-7.311339855194092,77.82234954833984,1.7203061830287174,-2.2366644080679166,122.78607957841429,5.2177353,-1.362888,15.419627,6.9178686,-10.521527,-0.15767375,-2.3067782,-12.321913,5.1732116,19.463005,-12.315366,13.523017,6.082328,2.5253131,8.337974,2.1179655,11.166426,-34.943237,62.212616,-7.2291503,8.669188,6.7164254,0.4011553,-9.724172,9.457761,65.47905,-9.159829,3.0896618,-8.073977
855,-0.939979612827301,-7.400883674621582,77.83458709716797,1.6376112812462917,-2.2654972219838676,122.64528973180322,5.234242,-1.3151443,15.559937,6.920739,-10.50642,-0.07964022,-2.67054,-12.229881,5.192955,20.084272,-12.246371,13.444917,6.0194225,2.535129,8.431605,1.9467543,11.403855,-35.785053,62.29685,-6.9749894,8.700361,6.667338,0.24319954,-9.813685,10.069812,65.45684,-9.190401,3.1137762,-8.151606
856,-0.982868492603302,-7.4798970222473145,77.84406280517578,1.5550468820932377,-2.2938897267336475,122.5100719111615,5.2506084,-1.2627333,15.692849,6.922874,-10.498487,-0.017417226,-3.019133,-12.141052,5.1598735,20.690512,-12.205005,13.320706,5.956936,2.5429533,8.523203,1.774106,11.641761,-36.638763,62.369194,-6.73924,8.73474,6.636044,0.08797504,-9.89497,10.647585,65.4503,-9.155234,3.1035926,-8.222222
857,-1.0213028192520142,-7.554720401763916,77.85617065429688,1.470641851065977,-2.321150971835659,122.38043921075811,5.2653894,-1.2033015,15.817099,6.9259067,-10.502971,0.022862295,-3.370281,-12.059679,5.0572877,21.3209,-12.16461,13.12551,5.895896,2.5489144,8.60951,1.5931916,11.879407,-37.518974,62.443,-6.525461,8.77449,6.6320586,-0.06571637,-9.966734,11.194484,65.47072,-9.021729,3.0447679,-8.287944
858,-1.049291729927063,-7.62185001373291,77.87429809570312,1.3827824750179776,-2.3490176520470163,122.25512709044492,5.2813325,-1.1344826,15.9363165,6.927977,-10.513511,0.04867724,-3.7194915,-11.982058,4.892754,21.965933,-12.123626,12.874751,5.835264,2.5550065,8.692885,1.4034551,12.116518,-38.430656,62.51992,-6.316512,8.818476,6.6469707,-0.22315629,-10.028648,11.727356,65.5209,-8.8063755,2.9541728,-8.343709
859,-1.0733067989349365,-7.688723564147949,77.88668823242188,1.2980659187947976,-2.377454839640509,122.13477351253876,5.298487,-1.0644569,16.050917,6.930676,-10.525875,0.06800624,-4.0438294,-11.905327,4.702006,22.572458,-12.148453,12.612489,5.7764297,2.555526,8.776562,1.2158223,12.352408,-39.34096,62.578682,-6.118478,8.862572,6.6670747,-0.37928453,-10.08188,12.221712,65.57886,-8.573814,2.851388,-8.390767
860,-1.0907573699951172,-7.751522064208984,77.90058898925781,1.2229404867986233,-2.4066645431668134,122.0201109291182,5.3168364,-1.0004134,16.16131,6.932767,-10.53295,0.08871973,-4.322032,-11.825494,4.521815,23.090801,-12.306632,12.384317,5.7209263,2.546718,8.863992,1.0412488,12.586142,-40.21778,62.597218,-5.937925,8.9023285,6.678486,-0.5270756,-10.126316,12.652921,65.62002,-8.388389,2.7562313,-8.4300375
861,-1.1018781661987305,-7.813292503356934,77.91332244873047,1.1603712929630243,-2.4356905836676166,121.91023160537398,5.3355937,-0.94547004,16.269804,6.933674,-10.533976,0.112072006,-4.5534844,-11.747314,4.35065,23.524284,-12.649359,12.193033,5.669431,2.5258584,8.956963,0.8794171,12.818121,-41.06219,62.568737,-5.773928,8.939147,6.6807833,-0.66805935,-10.162973,13.011367,65.641426,-8.256935,2.6642644,-8.460068
862,-1.1207187175750732,-7.865663528442383,77.92564392089844,1.1060867173683595,-2.4647574543555746,121.80528419549174,5.354687,-0.89483774,16.37542,6.9338326,-10.531642,0.13408892,-4.7485704,-11.669035,4.1738305,23.895699,-13.130196,12.01977,5.6212416,2.4967046,9.05318,0.72580165,13.048841,-41.88833,62.50573,-5.62394,8.974337,6.680421,-0.80463016,-10.192132,13.311316,65.654594,-8.147941,2.5681992,-8.480717
863,-1.1226162910461426,-7.910098075866699,77.93882751464844,1.055225770626985,-2.4959953629146607,121.70691564029985,5.3764243,-0.84358484,16.473469,6.9349856,-10.5262375,0.15469702,-4.9023347,-11.5780115,4.008382,24.184507,-13.669591,11.878276,5.5753284,2.4637024,9.149935,0.5843856,13.277319,-42.681927,62.416702,-5.4913206,9.003609,6.674301,-0.93338424,-10.213953,13.562847,65.66086,-8.070179,2.4836087,-8.496407
864,-1.1222871541976929,-7.94392204284668,77.94871520996094,1.0036441563864442,-2.53151581623611,121.61729697391023,5.405519,-0.7879871,16.559113,6.936511,-10.518002,0.17396972,-5.008531,-11.459054,3.8698056,24.367476,-14.186455,11.781443,5.529857,2.4314034,9.244635,0.4582218,13.501673,-43.427547,62.31076,-5.3786077,9.022884,6.659324,-1.0512251,-10.227644,13.777599,65.661575,-8.031428,2.4258595,-8.511444
865,-1.1262582540512085,-7.97096586227417,77.95860290527344,0.9507061036162475,-2.577345608090545,121.53680673610555,5.448514,-0.7274646,16.629427,6.937137,-10.502625,0.1952462,-5.0572615,-11.309313,3.763046,24.437664,-14.695588,11.735777,5.483109,2.4005797,9.34251,0.34681198,13.721168,-44.119705,62.18754,-5.286609,9.029092,6.631173,-1.157691,-10.23156,13.953941,65.65382,-8.0472355,2.4020216,-8.537494
866,-1.1276264190673828,-7.998003005981445,77.96907806396484,0.8987191318619737,-2.6305446233447016,121.46449691434407,5.501813,-0.66428477,16.687607,6.9381185,-10.482666,0.21742268,-5.0553603,-11.1357565,3.6789496,24.40818,-15.227665,11.733432,5.435791,2.3684583,9.442486,0.24774827,13.935961,-44.76603,62.045605,-5.2135177,9.02496,6.5930333,-1.2560499,-10.226182,14.088406,65.64025,-8.108552,2.4030244,-8.569455
867,-1.1216599941253662,-8.020379066467285,77.98422241210938,0.8472472502153338,-2.679581067024257,121.3998912998816,5.551277,-0.5978357,16.737906,6.93993,-10.462901,0.2339056,-5.0189147,-10.94226,3.6117811,24.279835,-15.72275,11.765451,5.389359,2.3351629,9.532602,0.16103208,14.144747,-45.36964,61.891693,-5.1577187,9.014545,6.5529294,-1.3468881,-10.213213,14.189251,65.628265,-8.186649,2.4197428,-8.585804
868,-1.1045500040054321,-8.033907890319824,78.00340270996094,0.7956826943196679,-2.7129947112788333,121.34254399850037,5.585067,-0.5278803,16.784725,6.9413705,-10.4488325,0.23797365,-4.9621086,-10.730167,3.5548894,24.04966,-16.118544,11.822251,5.344823,2.3013763,9.600672,0.08614787,14.345312,-45.933006,61.734333,-5.117476,9.001827,6.5189466,-1.4312556,-10.195758,14.265339,65.62549,-8.252655,2.4431946,-8.565037
869,-1.0942227840423584,-8.044888496398926,78.01776123046875,0.7413555877686616,-2.7285430690071695,121.2934330588798,5.600345,-0.45063052,16.828625,6.942095,-10.441919,0.22543862,-4.8876157,-10.500768,3.5040624,23.720037,-16.407337,11.90207,5.3003497,2.2697527,9.643166,0.021147983,14.536701,-46.459946,61.575504,-5.0962095,8.9836445,6.4909096,-1.5103886,-10.175873,14.31334,65.63371,-8.29757,2.4739263,-8.496803
870,-1.079269289970398,-8.049588203430176,78.03351593017578,0.6861676536610252,-2.7320599249810567,121.25240053073281,5.6033235,-0.36831504,16.867392,6.943056,-10.439695,0.20079505,-4.786676,-10.252775,3.4634786,23.287226,-16.617542,12.008766,5.2564054,2.2398994,9.666881,-0.034038786,14.718285,-46.94824,61.412285,-5.0936193,8.959023,6.4652123,-1.5810813,-10.1529455,14.329878,65.646225,-8.337128,2.5156744,-8.393242
871,-1.0646904706954956,-8.048185348510742,78.04520416259766,0.6354472118989319,-2.723968953856732,121.21736684406252,5.595358,-0.28898138,16.90123,6.9435077,-10.439461,0.17037073,-4.658237,-9.992151,3.441406,22.742847,-16.742989,12.141936,5.216782,2.2070441,9.674309,-0.078021914,14.887947,-47.39056,61.24792,-5.101029,8.935399,6.4454193,-1.6422559,-10.128711,14.326104,65.66354,-8.378125,2.56425,-8.26787
872,-1.0467407703399658,-8.038161277770996,78.05546569824219,0.5957095104233723,-2.704888394621304,121.18602881946902,5.5766144,-0.22098318,16.930317,6.9430137,-10.43809,0.14053345,-4.502619,-9.727733,3.4472005,22.080442,-16.778975,12.301075,5.1847057,2.1669252,9.668555,-0.10882322,15.042326,-47.778675,61.085896,-5.1094656,8.919916,6.43495,-1.6908721,-10.105112,14.313193,65.684135,-8.427896,2.6152945,-8.133649
873,-1.0313359498977661,-8.0260648727417,78.06883239746094,0.5704421488221049,-2.6695102315450763,121.15908717891045,5.54082,-0.1693283,16.954105,6.942164,-10.436504,0.110356934,-4.307645,-9.464887,3.4801245,21.255913,-16.743317,12.500959,5.1578727,2.116027,9.643123,-0.12697472,15.179181,-48.121254,60.929684,-5.12665,8.913817,6.4414306,-1.7250259,-10.083659,14.285586,65.70735,-8.488239,2.6656501,-7.98352
874,-1.0148638486862183,-8.01106071472168,78.07608032226562,0.5572404887791637,-2.619179276387098,121.13732244415876,5.4902096,-0.13050519,16.972824,6.939358,-10.434652,0.07760643,-4.075184,-9.203485,3.538479,20.280895,-16.629892,12.734765,5.1358886,2.057233,9.598608,-0.13527581,15.297512,-48.420406,60.780476,-5.155112,8.913225,6.4608808,-1.7449166,-10.064175,14.239513,65.73244,-8.555658,2.7183387,-7.8135405
875,-0.9965434670448303,-7.991009712219238,78.08295440673828,0.5523483234266242,-2.564760031473012,121.11863682021436,5.437033,-0.09916658,16.98776,6.937295,-10.433138,0.04665311,-3.8263955,-8.938913,3.6293244,19.233427,-16.399796,12.969562,5.123993,1.99541,9.548377,-0.13263418,15.395451,-48.65261,60.637623,-5.1726847,8.9173975,6.4795213,-1.7540479,-10.047043,14.192183,65.76118,-8.626761,2.7780094,-7.641909
876,-0.9776711463928223,-7.96830940246582,78.08879852294922,0.5510609895804656,-2.5169319936678614,121.10080544557903,5.394844,-0.06892409,17.000195,6.9346204,-10.429618,0.021582026,-3.5835521,-8.664201,3.7592075,18.194332,-16.014637,13.173852,5.1257143,1.9374568,9.505637,-0.117258705,15.470543,-48.792072,60.499878,-5.1571636,8.925549,6.4832897,-1.755245,-10.031619,14.161909,65.79428,-8.698471,2.8496068,-7.486639
877,-0.9608776569366455,-7.939345359802246,78.08765411376953,0.5596783225731177,-2.4765973054240638,121.08682886104845,5.3647814,-0.04806351,17.006788,6.931801,-10.421057,0.009506962,-3.3112116,-8.388388,3.9001799,17.064137,-15.419153,13.460177,5.135032,1.8831189,9.468176,-0.10211987,15.480353,-48.80057,60.412945,-5.0776434,8.936178,6.4646497,-1.7450161,-10.028448,14.15976,65.826454,-8.757877,2.9383743,-7.351046
878,-0.9443365335464478,-7.905976295471191,78.08185577392578,0.578062668465941,-2.439620718194882,121.07703513041302,5.341278,-0.036235068,17.007568,6.929253,-10.4093075,0.0060226643,-3.0061257,-8.115213,4.060978,15.830947,-14.646152,13.805543,5.183067,1.8240116,9.430878,-0.06747276,15.486777,-48.754776,60.30711,-4.9809146,8.956726,6.436742,-1.7039326,-10.024414,14.1423025,65.84653,-8.816602,3.0400527,-7.227804
879,-0.9130724668502808,-7.867466449737549,78.09127044677734,0.5923177757669198,-2.4062332674655837,121.06395967160084,5.324274,-0.015514338,17.010996,6.927248,-10.400839,-0.0014316314,-2.7587917,-7.827391,4.303148,14.741155,-13.802552,13.978988,5.217321,1.7698221,9.407934,-0.009900934,15.491327,-48.602657,60.184975,-4.858899,8.978178,6.397987,-1.6869081,-10.012903,14.153169,65.89451,-8.895086,3.1459682,-7.111735
880,-0.8786715269088745,-7.825084209442139,78.10669708251953,0.5797053168312024,-2.378234529381171,121.0407727676256,5.314979,0.04217798,17.023771,6.9267206,-10.401763,-0.027015794,-2.6622288,-7.495989,4.678022,14.054533,-12.995033,13.750251,5.2681994,1.7524731,9.3863,0.041091144,15.480298,-48.464134,60.073093,-4.791218,8.99442,6.3714743,-1.673515,-10.004231,14.188863,65.97171,-8.991198,3.2491903,-7.0036745
881,-0.8479399681091309,-7.781687259674072,78.12517547607422,0.5157165075401685,-2.3560882418527447,121.00002568643004,5.3120246,0.16868131,17.052893,6.932698,-10.41948,-0.08145886,-2.8358092,-7.045045,5.2932463,14.0255,-12.182083,12.850199,5.3279924,1.7978165,9.371056,0.08641384,15.448315,-48.317574,59.967953,-4.780159,9.001919,6.360163,-1.6805459,-9.996696,14.270955,66.092964,-9.161319,3.347289,-6.912745
882,-0.8174551725387573,-7.737192630767822,78.14241790771484,0.4135699070564766,-2.337836104011364,120.94599113812289,5.3140903,0.3470393,17.09388,6.943717,-10.448712,-0.15587918,-3.2114227,-6.5006285,6.059109,14.48096,-11.319621,11.482184,5.4071326,1.8929565,9.358979,0.12484183,15.391115,-48.154957,59.87521,-4.806679,9.004154,6.3577776,-1.6926402,-9.992502,14.38036,66.24146,-9.383555,3.4443004,-6.8354
883,-0.7881874442100525,-7.689525127410889,78.14888763427734,0.3083101905598453,-2.3234525701003497,120.88980457461784,5.322942,0.53221923,17.135519,6.95425,-10.479041,-0.23490852,-3.5982997,-5.9859266,6.747797,15.037895,-10.526417,10.115788,5.4881163,2.0008478,9.344508,0.15668406,15.298103,-47.970276,59.817818,-4.846063,9.004489,6.3566027,-1.7113894,-9.99187,14.497286,66.41539,-9.558176,3.542336,-6.75242
884,-0.749206006526947,-7.635120868682861,78.16728973388672,0.2312381594244846,-2.314985591994849,120.84486973808593,5.3408356,0.6830138,17.163797,6.963303,-10.502877,-0.30367208,-3.794668,-5.6254935,7.168804,15.296136,-9.943942,9.20476,5.5637794,2.0884097,9.327527,0.182276,15.175191,-47.775333,59.80136,-4.8813767,9.007823,6.348673,-1.7276317,-9.9918995,14.5862,66.60165,-9.589103,3.64306,-6.6428604
885,-0.7114874124526978,-7.5737223625183105,78.18099212646484,0.19649854513710605,-2.316949764115545,120.80911990763958,5.3761263,0.78153443,17.17706,6.96719,-10.516191,-0.35765043,-3.7211816,-5.4833584,7.251368,15.13497,-9.691542,8.923569,5.634616,2.1415737,9.310628,0.21106176,15.031567,-47.56378,59.813766,-4.907884,9.018523,6.3261595,-1.7439914,-9.991007,14.649275,66.81442,-9.452224,3.7424424,-6.501988
886,-0.6839727163314819,-7.515455722808838,78.17743682861328,0.18757764492758672,-2.3276619401257523,120.77831910329965,5.4248395,0.8496017,17.181208,6.968938,-10.524339,-0.4044981,-3.4813428,-5.4829426,7.1224527,14.749437,-9.670031,9.007271,5.703089,2.176844,9.294908,0.24237333,14.867376,-47.333046,59.850807,-4.9357576,9.03348,6.2949967,-1.7638491,-9.989029,14.70081,67.05504,-9.198844,3.8417485,-6.3414893
887,-0.6538645625114441,-7.4538798332214355,78.18193054199219,0.18653774860892106,-2.341346877712624,120.76368171272922,5.4764166,0.90783495,17.172579,6.969108,-10.529512,-0.44799986,-3.1589136,-5.535848,6.9047136,14.242272,-9.710118,9.24224,5.759074,2.2058382,9.279019,0.27028793,14.684502,-47.09128,59.91715,-4.9653378,9.046725,6.267019,-1.7860928,-9.984105,14.72802,67.29577,-8.845873,3.9507062,-6.1662407
888,-0.6168085932731628,-7.391401290893555,78.19392395019531,0.17376376745317199,-2.352434583549064,120.77675034509556,5.518226,0.9798659,17.147028,6.971375,-10.534837,-0.4923229,-2.8423672,-5.5527387,6.72201,13.726464,-9.651732,9.409514,5.793659,2.2419398,9.261797,0.2888538,14.485956,-46.848034,60.01692,-4.99717,9.052333,6.2543454,-1.8092943,-9.973739,14.716606,67.50937,-8.410852,4.078616,-5.981456
889,-0.5677317976951599,-7.3203020095825195,78.20944213867188,0.14132522919116625,-2.35714786590737,120.82527612899904,5.545095,1.0740793,17.101154,6.973647,-10.53953,-0.5393965,-2.5452724,-5.5161185,6.5961227,13.207531,-9.452734,9.471432,5.7966332,2.2909708,9.241022,0.29461822,14.273569,-46.622227,60.153904,-5.0336294,9.048658,6.2657814,-1.8406417,-9.955734,14.654003,67.69893,-7.790194,4.237139,-5.7744856
890,-0.5201107263565063,-7.250239849090576,78.22566986083984,0.1005425899680846,-2.359063645633266,120.9015763894295,5.5632725,1.1777327,17.037745,6.977273,-10.543724,-0.586684,-2.2256513,-5.472839,6.4656806,12.635781,-9.199738,9.535809,5.7770295,2.3442755,9.218302,0.2917973,14.047993,-46.404366,60.32293,-5.0734153,9.038949,6.2929134,-1.8785743,-9.929393,14.54897,67.87635,-7.01118,4.4197,-5.548873
891,-0.47715258598327637,-7.184354782104492,78.24208068847656,0.05830474759027604,-2.3644410659430473,120.99402792114473,5.5832114,1.2836164,16.961863,6.980822,-10.546301,-0.63204503,-1.889281,-5.4287643,6.3308263,12.042376,-8.928836,9.5973425,5.752263,2.3949845,9.198356,0.28538045,13.811269,-46.161457,60.51345,-5.1144514,9.025364,6.322294,-1.9107524,-9.896658,14.419872,68.028824,-6.289539,4.60718,-5.3336005
892,-0.4332526922225952,-7.108868598937988,78.25755310058594,0.021658282486806082,-2.3795719689002355,121.09108690281812,5.6141596,1.3847243,16.878452,6.984043,-10.546055,-0.6733428,-1.5402741,-5.3894186,6.191205,11.455719,-8.67481,9.651614,5.7385607,2.4361024,9.186489,0.28099495,13.566607,-45.85931,60.71296,-5.154896,9.009929,6.340212,-1.9247133,-9.860728,14.28787,68.1428,-5.838628,4.77823,-5.1554503
893,-0.3913342356681824,-7.03045654296875,78.26992797851562,-0.006677258094699402,-2.4059147365004923,121.19493510977152,5.6566963,1.4775538,16.785149,6.987708,-10.541106,-0.7035803,-1.175914,-5.3589907,6.0463247,10.876008,-8.441732,9.707298,5.7341213,2.4646964,9.1870985,0.2837428,13.314141,-45.48378,60.91161,-5.188761,9.000251,6.338246,-1.9135854,-9.820062,14.135142,68.205284,-5.733893,4.936309,-5.0149703
894,-0.3367305397987366,-6.948733329772949,78.27934265136719,-0.0311363756136471,-2.4402382542970518,121.30998804592797,5.7068086,1.5666108,16.680475,6.9915495,-10.532784,-0.72610307,-0.7937492,-5.333714,5.896348,10.287405,-8.211333,9.762323,5.7306323,2.4844878,9.196729,0.2895544,13.054198,-45.05426,61.115852,-5.220024,8.993159,6.3252273,-1.8862,-9.774133,13.960215,68.227066,-5.85472,5.087842,-4.898424
895,-0.27980533242225647,-6.868984699249268,78.28923797607422,-0.055587791063186065,-2.481953381378974,121.42816599054154,5.765622,1.6578106,16.57091,6.9957275,-10.524719,-0.7543793,-0.40331993,-5.304881,5.741558,9.705334,-7.988821,9.797428,5.7343297,2.5011525,9.210418,0.29497907,12.791637,-44.5811,61.330273,-5.2545156,8.974562,6.312114,-1.8494701,-9.727336,13.80864,68.22328,-6.1201425,5.215319,-4.8087544
896,-0.2247934639453888,-6.785333156585693,78.30035400390625,-0.08380436553628805,-2.530694501713002,121.54151633804682,5.834004,1.7567812,16.462952,7.002474,-10.522482,-0.80190355,-0.004835062,-5.2644167,5.580835,9.126397,-7.7716637,9.795008,5.749301,2.5204282,9.224187,0.29996505,12.535066,-44.072224,61.554543,-5.29887,8.930475,6.309741,-1.8110126,-9.687684,13.729511,68.20854,-6.44676,5.3018126,-4.749101
897,-0.17050622403621674,-6.695590019226074,78.30716705322266,-0.12106618728218803,-2.588713091051461,121.64929117680494,5.8811865,1.8806055,16.354916,7.086981,-10.567078,-0.8806554,0.41167387,-5.2034125,5.407829,8.538836,-7.551011,9.736436,5.7757607,2.5485716,9.239392,0.3180852,12.290346,-43.501293,61.78392,-5.3580136,8.831347,6.3231597,-1.7639247,-9.660656,13.730012,68.16995,-6.8753996,5.3381343,-4.7201686
898,-0.10949932038784027,-6.599546909332275,78.3138656616211,-0.15747327439446532,-2.6553453958754765,121.75463593106942,5.9455986,2.0053477,16.24666,7.16011,-10.609656,-0.9799847,0.7966888,-5.1297426,5.2303615,8.04547,-7.383024,9.637713,5.8098464,2.5753753,9.260217,0.35059297,12.05986,-42.87206,62.00731,-5.428763,8.69377,6.344769,-1.7068496,-9.646456,13.79053,68.101295,-7.4262867,5.335234,-4.71901
899,-0.05542246997356415,-6.508650779724121,78.31719207763672,-0.17485579587241262,-2.7237410161876543,121.85512377867951,6.0236044,2.1080163,16.14383,7.2103086,-10.6427145,-1.0798212,0.940373,-5.0492063,5.0810122,8.068403,-7.489851,9.530674,5.8512254,2.582571,9.283675,0.38323033,11.848059,-42.23284,62.210896,-5.499381,8.573539,6.3658657,-1.6513072,-9.643343,13.912466,68.02444,-7.991537,5.3069143,-4.7433186
900,0.005199178121984005,-6.416712760925293,78.3204574584961,-0.1840446667254541,-2.791843298268031,121.95240469950049,6.0982594,2.2035682,16.044483,7.2650056,-10.6778345,-1.1642354,1.0881215,-4.978443,4.9436717,8.076539,-7.5900116,9.444818,5.8955884,2.5819373,9.309656,0.40128076,11.660172,-41.634674,62.38028,-5.56075,8.526199,6.378724,-1.6098306,-9.6494255,14.096646,67.96214,-8.463548,5.2665195,-4.7907457
901,0.06989812850952148,-6.325185298919678,78.32112121582031,-0.1820638912644001,-2.859044242668802,122.0474923279075,6.168389,2.290056,15.948072,7.326449,-10.717199,-1.2264583,1.2371078,-4.920188,4.82019,8.075192,-7.6905212,9.393335,5.9494104,2.567925,9.339875,0.40289405,11.501751,-41.064396,62.506706,-5.5943213,8.591534,6.375342,-1.5819147,-9.664254,14.355426,67.91215,-8.81408,5.209191,-4.878471
902,0.13582420349121094,-6.2328667640686035,78.31907653808594,-0.17352951012501747,-2.9273439398448997,122.1403174748452,6.238988,2.3718436,15.853672,7.3892117,-10.758013,-1.2768456,1.3911445,-4.867398,4.704706,8.064363,-7.7906346,9.35878,6.027516,2.5416424,9.377568,0.40121526,11.393365,-40.524834,62.575737,-5.6183815,8.733669,6.36115,-1.5541854,-9.683803,14.662953,67.85565,-9.106737,5.130071,-5.0004525
903,0.19410116970539093,-6.1383795738220215,78.31611633300781,-0.16248993481304455,-2.996839165781984,122.22877142948519,6.3103747,2.4502618,15.763297,7.4529433,-10.7995615,-1.3226684,1.5408994,-4.815619,4.5985336,8.0598345,-7.890469,9.32587,6.071055,2.5166078,9.413997,0.40204468,11.294197,-40.001022,62.627846,-5.6486998,8.888546,6.350028,-1.5615348,-9.714053,15.053394,67.83155,-9.345594,5.045526,-5.1262164
904,0.2657358646392822,-6.045815944671631,78.31134033203125,-0.15399029835986214,-3.0672174011066087,122.31060841969057,6.383614,2.5271544,15.679033,7.514539,-10.839274,-1.3713784,1.6830401,-4.760195,4.5021996,8.064219,-7.9830775,9.279166,6.117797,2.4990792,9.448896,0.39472622,11.225744,-39.60303,62.658676,-5.742752,8.998061,6.3568344,-1.5791652,-9.748087,15.437497,67.826256,-9.568855,4.9674845,-5.2165356
905,0.32532933354377747,-5.95891809463501,78.30740356445312,-0.14756435782616925,-3.139481121044969,122.38381241887593,6.4608245,2.6005464,15.600985,7.571949,-10.87654,-1.4246132,1.8117244,-4.701418,4.4197264,8.090468,-8.072171,9.21591,6.1917114,2.485151,9.480376,0.3660354,11.199261,-39.388577,62.66845,-5.964934,9.052927,6.3965907,-1.6008278,-9.773955,15.77615,67.845116,-9.782141,4.8903275,-5.264864
906,0.3842499852180481,-5.874917030334473,78.30278778076172,-0.1410041889617834,-3.2136670335321043,122.4500282369745,6.5422664,2.6698189,15.528378,7.6243014,-10.911107,-1.4784918,1.9362415,-4.6418357,4.349208,8.120921,-8.152978,9.144309,6.1988115,2.4799297,9.51021,0.35705748,11.185588,-39.204556,62.64918,-6.2440853,9.079364,6.4542627,-1.6720425,-9.816446,16.215147,67.91088,-9.934883,4.813092,-5.2917013
907,0.4406132698059082,-5.789944171905518,78.30132293701172,-0.1349028424816706,-3.2872150953276913,122.51249911300536,6.6216364,2.7386055,15.461239,7.6787405,-10.94557,-1.5323102,2.0513325,-4.5800405,4.284896,8.164281,-8.234052,9.064445,6.275649,2.47255,9.53732,0.29861555,11.191039,-39.177254,62.651134,-6.5242577,9.080841,6.5137534,-1.7240998,-9.841282,16.566153,67.97553,-10.113233,4.7432384,-5.2969465
908,0.4953489601612091,-5.714489936828613,78.30219268798828,-0.13054965888001827,-3.3576814894551252,122.57464785272445,6.6969924,2.8102021,15.399615,7.732788,-10.977361,-1.5852734,2.1619024,-4.5154524,4.219417,8.206288,-8.3112335,8.976653,6.2601624,2.469228,9.56444,0.30605218,11.220667,-39.085423,62.59982,-6.6668434,9.057661,6.5433264,-1.8174036,-9.89177,17.056185,68.055145,-10.256934,4.7012115,-5.2881536
909,0.5564152598381042,-5.639220237731934,78.30581665039062,-0.12736354414013165,-3.425236837881249,122.63297877044035,6.769602,2.8854609,15.350566,7.787319,-11.007589,-1.6367817,2.265158,-4.4462304,4.155941,8.251469,-8.386931,8.878916,6.32239,2.462985,9.58683,0.25285777,11.247031,-39.122456,62.612156,-6.659585,8.988289,6.54225,-1.892515,-9.920597,17.45719,68.13499,-10.462265,4.6872053,-5.2520843
910,0.6074340343475342,-5.56707763671875,78.31078338623047,-0.12543405447718017,-3.490519261723675,122.68733697639894,6.839367,2.962825,15.311253,7.842788,-11.036411,-1.6878344,2.3609784,-4.373894,4.0963883,8.301333,-8.46034,8.771813,6.3088427,2.4603126,9.610932,0.26181597,11.313255,-39.138035,62.56054,-6.534412,8.881396,6.515328,-2.0044408,-9.974268,17.98772,68.230545,-10.632136,4.6996326,-5.1924486
911,0.6647870540618896,-5.492338180541992,78.31612396240234,-0.12515925576115985,-3.553472176685407,122.7455001970201,6.9042573,3.0410473,15.268726,7.8993363,-11.063817,-1.7379451,2.45463,-4.3015814,4.0333524,8.350709,-8.530921,8.659135,6.3246355,2.4557571,9.634918,0.24334805,11.382779,-39.21597,62.524,-6.370096,8.778093,6.481248,-2.102355,-10.016948,18.458687,68.313,-10.82571,4.721784,-5.127287
912,0.721490204334259,-5.416744232177734,78.31686401367188,-0.1274692285022024,-3.613495716251698,122.81526317652498,6.961351,3.1183321,15.208527,7.954706,-11.086858,-1.7896719,2.5456836,-4.231475,3.9593875,8.404682,-8.603236,8.544751,6.3425055,2.4474642,9.6556225,0.20599495,11.438625,-39.30134,62.501877,-6.223007,8.719849,6.454362,-2.191879,-10.046172,18.875254,68.38133,-11.028111,4.7438173,-5.081425
913,0.7715685367584229,-5.341622829437256,78.31560516357422,-0.1336202930916563,-3.6700052755956563,122.90009544966853,7.0064573,3.1958542,15.124818,8.0137005,-11.106971,-1.8423301,2.6359458,-4.1625776,3.8713424,8.459795,-8.674315,8.424144,6.3177834,2.4357772,9.678325,0.19274847,11.507057,-39.349945,62.435528,-6.080159,8.733489,6.4268575,-2.2841823,-10.075704,19.298676,68.42932,-11.209989,4.771658,-5.0609446
914,0.8199198246002197,-5.2671589851379395,78.3167953491211,-0.14297831849126602,-3.72344147069641,122.99516192923407,7.042195,3.2742655,15.025464,8.075832,-11.125009,-1.8956043,2.7273414,-4.0938435,3.7733514,8.509715,-8.740312,8.297015,6.275704,2.4214811,9.701558,0.18246329,11.582479,-39.398586,62.351215,-5.9198976,8.7911215,6.395077,-2.3767352,-10.100878,19.708694,68.46461,-11.38713,4.807952,-5.053737
915,0.8774818181991577,-5.198655128479004,78.32154083251953,-0.15255363569584499,-3.7746393208488773,123.09681746815046,7.074819,3.3499732,14.918377,8.1341,-11.13972,-1.9499209,2.8167074,-4.028434,3.66845,8.560692,-8.807174,8.174137,6.22402,2.4030452,9.727761,0.17958409,11.665356,-39.436714,62.252247,-5.7733574,8.857646,6.3692136,-2.4617798,-10.122389,20.086432,68.47825,-11.574592,4.840406,-5.0507474
916,0.9274479746818542,-5.131505012512207,78.32415008544922,-0.16008730174406033,-3.8245722965578737,123.20121355214506,7.108494,3.4208322,14.811052,8.18659,-11.152587,-2.005904,2.9097283,-3.9692502,3.559255,8.600269,-8.870879,8.066171,6.188752,2.3840926,9.754694,0.15834336,11.729182,-39.476746,62.18419,-5.676743,8.895719,6.36279,-2.5244582,-10.136821,20.38766,68.46395,-11.795874,4.856206,-5.0433917
917,0.9714562296867371,-5.065979957580566,78.32476806640625,-0.1638990958062076,-3.8740420391106234,123.31056850668712,7.1448874,3.48514,14.701904,8.230684,-11.161011,-2.0646331,3.0085442,-3.918075,3.442065,8.624982,-8.929665,7.9787045,6.1874256,2.366162,9.789061,0.091484845,11.753509,-39.519615,62.18042,-5.635449,8.887813,6.384287,-2.5593016,-10.143124,20.559921,68.41273,-12.102677,4.845003,-5.0211167
918,1.0253363847732544,-4.998143196105957,78.3251953125,-0.16554082612161153,-3.921027550332331,123.42596967193464,7.1790237,3.5446477,14.588047,8.270882,-11.166744,-2.125539,3.107144,-3.8729684,3.3169427,8.643948,-8.986709,7.9049897,6.1117167,2.340231,9.820435,0.10705961,11.821302,-39.49796,62.098648,-5.6502967,8.860263,6.4264555,-2.5945783,-10.161457,20.80891,68.333755,-12.385704,4.8229613,-5.0011487
919,1.0720276832580566,-4.934045314788818,78.32599639892578,-0.16744782124537194,-3.966705918923397,123.54113480253629,7.2150793,3.6013725,14.475583,8.305299,-11.172407,-2.1864982,3.2084343,-3.8304386,3.19181,8.654059,-9.041302,7.837581,6.068195,2.3167608,9.860432,0.09590889,11.878532,-39.485462,62.031673,-5.6794314,8.830828,6.4684973,-2.6092303,-10.177397,20.961386,68.225746,-12.682226,4.7942963,-4.9807177
920,1.1139318943023682,-4.872927665710449,78.324951171875,-0.17177172070004734,-4.010452650955601,123.65000927055742,7.25122,3.6579278,14.370454,8.340046,-11.184383,-2.245382,3.3072412,-3.7874622,3.0753706,8.666084,-9.099951,7.768947,6.0441546,2.2989595,9.892226,0.06494358,11.913029,-39.48477,61.987892,-5.7115326,8.818912,6.499536,-2.6146865,-10.188813,21.077873,68.11829,-12.91428,4.7743273,-4.977382
921,1.1402090787887573,-4.817365646362305,78.32460021972656,-0.17842896534758781,-4.053815690672918,123.75311338398777,7.2909055,3.7130203,14.27393,8.372195,-11.203716,-2.300533,3.4062448,-3.74545,2.9684606,8.680535,-9.165983,7.69919,6.0297203,2.2840796,9.919474,0.02232486,11.934499,-39.48612,61.953728,-5.73518,8.838076,6.5142174,-2.6146555,-10.198632,21.173075,68.00312,-13.060944,4.7719784,-4.9960318
922,1.1723005771636963,-4.756430149078369,78.32282257080078,-0.1864746812086217,-4.096181709070889,123.8531223330473,7.332551,3.765891,14.182713,8.401961,-11.228494,-2.353444,3.5057418,-3.7054098,2.8667529,8.693953,-9.235879,7.6316986,6.008823,2.2722046,9.943952,-0.009949563,11.952513,-39.474583,61.90593,-5.7625957,8.877313,6.5224915,-2.6102567,-10.211228,21.260416,67.875175,-13.141833,4.780448,-5.030982
923,1.2048789262771606,-4.6960248947143555,78.3204345703125,-0.19663263904534484,-4.134488892470522,123.94673710637228,7.37226,3.8198462,14.0968075,8.430468,-11.254936,-2.4067147,3.6012564,-3.6634789,2.7714431,8.704219,-9.303337,7.563776,5.994335,2.2663975,9.963471,-0.041690644,11.963294,-39.454613,61.855125,-5.8031244,8.914534,6.523153,-2.5995815,-10.223658,21.322495,67.75085,-13.182714,4.784642,-5.073078
924,1.2309716939926147,-4.636899948120117,78.31443786621094,-0.20933814179250199,-4.16545196691002,124.03018669782651,7.4078274,3.877233,14.016698,8.456281,-11.278757,-2.4628732,3.6839652,-3.6158566,2.6842015,8.717914,-9.366794,7.4927077,5.999324,2.2693856,9.972067,-0.07899705,11.966115,-39.436943,61.81022,-5.873839,8.927795,6.5170183,-2.5840986,-10.230578,21.346962,67.65463,-13.20531,4.7689614,-5.1144886
925,1.263218879699707,-4.573514938354492,78.30960083007812,-0.22649104849733054,-4.1840426453562465,124.10130836079755,7.4325447,3.9421818,13.94268,8.4819765,-11.299892,-2.5254369,3.7491982,-3.5588727,2.6054168,8.730143,-9.420806,7.4153295,6.005851,2.2839596,9.966123,-0.104096495,11.965206,-39.397415,61.747974,-5.9938493,8.907707,6.497047,-2.5577266,-10.238024,21.36053,67.57667,-13.181881,4.7264857,-5.165937
926,1.285291314125061,-4.514989376068115,78.30333709716797,-0.2463487758322932,-4.192691507709525,124.1614567461747,7.4521194,4.010383,13.875672,8.50126,-11.317371,-2.5919034,3.7998679,-3.496446,2.5350149,8.743752,-9.470237,7.334109,6.025845,2.308295,9.942222,-0.11977139,11.962152,-39.364193,61.67422,-6.1635113,8.866666,6.469518,-2.5342004,-10.240456,21.350943,67.53368,-13.109756,4.664613,-5.225914
927,1.3067257404327393,-4.454067707061768,78.29945373535156,-0.2684242959276478,-4.202552465441184,124.21770381217027,7.469373,4.081608,13.810338,8.531556,-11.340927,-2.6568904,3.8562887,-3.4318726,2.4687672,8.746338,-9.5122795,7.2541265,6.0323005,2.3372939,9.933306,-0.13882267,11.949004,-39.274265,61.603653,-6.2925067,8.81935,6.4320917,-2.5004237,-10.244781,21.32273,67.4784,-13.049141,4.599744,-5.2740045
928,1.3270312547683716,-4.389748573303223,78.2965316772461,-0.28507713455701117,-4.21918814454649,124.27110343602114,7.4990335,4.142846,13.74894,8.553332,-11.361671,-2.7135682,3.9152508,-3.3749506,2.4098287,8.759743,-9.561021,7.1818376,6.0543833,2.362864,9.915329,-0.14441514,11.942922,-39.23591,61.537315,-6.414031,8.779519,6.420673,-2.4717917,-10.244936,21.303564,67.456566,-12.981834,4.5500183,-5.294238
929,1.3396387100219727,-4.334078788757324,78.29718780517578,-0.2990105629135344,-4.251925594420079,124.32714824256423,7.541078,4.1988535,13.684814,8.588156,-11.390794,-2.7591271,3.9970863,-3.3243525,2.355065,8.766461,-9.608406,7.1182055,6.062202,2.385263,9.922076,-0.1457132,11.930777,-39.151253,61.482975,-6.4302773,8.750644,6.4170494,-2.4401038,-10.2437935,21.264536,67.42901,-12.964119,4.5176725,-5.263288
930,1.3581550121307373,-4.278048038482666,78.29795837402344,-0.3094207550011163,-4.293520008425722,124.38088203425154,7.593904,4.2486415,13.622387,8.622976,-11.420944,-2.7968962,4.083842,-3.2789974,2.3066437,8.784519,-9.662243,7.0615153,6.0498366,2.4082103,9.944399,-0.14403874,11.898344,-39.014526,61.443676,-6.378994,8.72444,6.419662,-2.4321957,-10.238072,21.22112,67.42996,-12.964869,4.49371,-5.197662
931,1.3718721866607666,-4.2220306396484375,78.29843139648438,-0.3180210847094096,-4.3328055125396014,124.42955483930457,7.648303,4.2940397,13.566242,8.65071,-11.448273,-2.8320916,4.168721,-3.2368944,2.2635095,8.798002,-9.713386,7.008876,6.0607104,2.4306638,9.948462,-0.13193154,11.885008,-38.947876,61.40058,-6.3600006,8.699797,6.4410195,-2.407067,-10.234593,21.194118,67.44006,-12.945469,4.479554,-5.1283937
932,1.3912135362625122,-4.1690545082092285,78.29508972167969,-0.32653787569799975,-4.360320938064199,124.46861288865547,7.691375,4.3388405,13.521972,8.675166,-11.474406,-2.8700676,4.2390113,-3.1950858,2.226053,8.806578,-9.760811,6.9578414,6.0354395,2.4612217,9.948848,-0.14904013,11.799259,-38.77569,61.42836,-6.2853365,8.672382,6.4575596,-2.4385843,-10.212083,21.178082,67.51019,-12.974362,4.4725585,-5.0699806
933,1.4063999652862549,-4.120285511016846,78.29302215576172,-0.3340381387437005,-4.368954241623718,124.49265419009168,7.722494,4.380562,13.498237,8.683703,-11.494265,-2.9130847,4.28571,-3.154779,2.1982155,8.809519,-9.804958,6.909871,6.057421,2.498913,9.919223,-0.16486126,11.730862,-38.696476,61.44282,-6.2819157,8.647328,6.4958873,-2.445505,-10.195889,21.169254,67.582436,-13.003066,4.4789715,-5.0378923
934,1.416089653968811,-4.073957920074463,78.28999328613281,-0.3403163736249815,-4.3659385418181405,124.50522379966056,7.7475395,4.4186463,13.489736,8.680095,-11.509358,-2.958066,4.3178463,-3.116282,2.1784067,8.80815,-9.846554,6.8654137,6.0952134,2.5408845,9.881051,-0.17148362,11.675654,-38.635395,61.437172,-6.291471,8.625364,6.543548,-2.4494681,-10.184144,21.161781,67.66046,-13.05005,4.496164,-5.012697
935,1.4294029474258423,-4.022890567779541,78.28724670410156,-0.34628683325166415,-4.358678318632087,124.51605926242803,7.765367,4.456262,13.481469,8.679158,-11.524148,-3.0020533,4.3444867,-3.0784924,2.1596882,8.804586,-9.884596,6.82096,6.13033,2.5853589,9.83506,-0.19395618,11.595311,-38.568047,61.46954,-6.3006654,8.60326,6.5930142,-2.460288,-10.169001,21.16015,67.75299,-13.095434,4.516448,-4.9872594
936,1.441773772239685,-3.977719783782959,78.28495788574219,-0.35223937946045475,-4.3545253368285275,124.53457462935722,7.7802606,4.4945397,13.459193,8.683317,-11.536511,-3.0419714,4.3716555,-3.0405474,2.1351364,8.806022,-9.920457,6.7729697,6.164494,2.6203432,9.8029585,-0.20180547,11.553806,-38.50067,61.46781,-6.3161473,8.587814,6.6280093,-2.452686,-10.161331,21.1431,67.806114,-13.123582,4.530549,-4.9435844
937,1.4591718912124634,-3.9324302673339844,78.28350830078125,-0.3590070999077824,-4.353979336829015,124.56428509123282,7.7876334,4.5355024,13.414944,8.701195,-11.548498,-3.0762765,4.4000583,-3.0012007,2.1029775,8.81469,-9.953975,6.7180386,6.179348,2.648027,9.7755165,-0.22483882,11.49859,-38.403145,61.504436,-6.3204637,8.572228,6.645418,-2.446696,-10.149422,21.123857,67.85055,-13.133008,4.535177,-4.87717
938,1.4799925088882446,-3.8836658000946045,78.28144073486328,-0.3636919493422076,-4.3522927699424825,124.59815140995215,7.7931805,4.5733576,13.360289,8.713685,-11.552701,-3.106258,4.4213896,-2.963619,2.068871,8.833755,-9.98789,6.659349,6.214506,2.669312,9.749481,-0.22800753,11.49525,-38.378925,61.49552,-6.380486,8.561327,6.663022,-2.4197023,-10.148274,21.111687,67.867195,-13.097842,4.5365453,-4.8067813
939,1.4993870258331299,-3.8421292304992676,78.28034210205078,-0.3726929520286245,-4.354585031199342,124.6375838028856,7.78741,4.6189375,13.298099,8.753992,-11.569981,-3.1358254,4.4542274,-2.9222465,2.0277517,8.836383,-10.011563,6.6008334,6.203217,2.684136,9.7422905,-0.24623303,11.455026,-38.2006,61.528725,-6.3412976,8.55565,6.652107,-2.4056299,-10.13455,21.061594,67.87395,-13.115265,4.5353537,-4.708229
940,1.514902114868164,-3.804821491241455,78.28024291992188,-0.377901731452233,-4.3593162811838715,124.67397438685765,7.79227,4.6576104,13.246391,8.775415,-11.580072,-3.165468,4.4844623,-2.8865473,1.9878622,8.845133,-10.038584,6.549677,6.208755,2.7016315,9.733161,-0.2570825,11.430599,-38.09652,61.545204,-6.3591027,8.556599,6.6611366,-2.3901496,-10.125437,21.038788,67.88216,-13.075422,4.5414796,-4.6404834
941,1.5366952419281006,-3.773866653442383,78.28214263916016,-0.37983760828937113,-4.371696915346433,124.708524406201,7.806544,4.691096,13.205203,8.791615,-11.591467,-3.1952305,4.5228305,-2.856565,1.9455336,8.848847,-10.065041,6.5090313,6.2027783,2.7187688,9.737412,-0.26912722,11.399771,-37.97535,61.564255,-6.3831167,8.566674,6.677752,-2.3927486,-10.114984,21.027122,67.89959,-13.02004,4.5462284,-4.578071
942,1.5571417808532715,-3.7366297245025635,78.28579711914062,-0.37932698448740404,-4.38918981126629,124.74272512771178,7.8260164,4.7210884,13.169293,8.805506,-11.603755,-3.2243068,4.566163,-2.8305798,1.9008659,8.84895,-10.089848,6.4751897,6.2120123,2.73473,9.7492695,-0.27803853,11.384629,-37.88749,61.566715,-6.4382067,8.58662,6.7022367,-2.3779547,-10.110717,21.007223,67.89336,-12.943011,4.550437,-4.51684
943,1.57583749294281,-3.696892738342285,78.28626251220703,-0.38039898406084294,-4.405029501620666,124.77691543241892,7.8453035,4.7517366,13.13631,8.814291,-11.613501,-3.2544537,4.607124,-2.8037407,1.8563462,8.847794,-10.11163,6.4426217,6.207199,2.7522051,9.765719,-0.28324723,11.369699,-37.775043,61.568817,-6.468861,8.60847,6.7220993,-2.375023,-10.107354,20.99244,67.88765,-12.847036,4.5667577,-4.480493
944,1.599471092224121,-3.6656315326690674,78.2857437133789,-0.38703260252170457,-4.411061130983106,124.81023609208488,7.853615,4.7889104,13.104237,8.825384,-11.623106,-3.287628,4.6371803,-2.7704663,1.8153626,8.84598,-10.127674,6.4056582,6.198257,2.774427,9.769782,-0.27673677,11.354709,-37.66093,61.566925,-6.472056,8.627639,6.7378535,-2.369053,-10.10422,20.985268,67.87636,-12.712822,4.609807,-4.497079
945,1.615203857421875,-3.632493734359741,78.28305053710938,-0.4026430567665842,-4.405491762055254,124.8432038527437,7.850479,4.836501,13.073797,8.837356,-11.631708,-3.3271964,4.6560435,-2.7271156,1.7789243,8.840541,-10.133683,6.361744,6.1957903,2.8045044,9.756224,-0.2601219,11.3426,-37.559456,61.563408,-6.4374495,8.642255,6.748963,-2.3532283,-10.101637,20.981339,67.85448,-12.487367,4.6797166,-4.561786
946,1.6356418132781982,-3.5942296981811523,78.28030395507812,-0.4233037118389319,-4.392505402889323,124.87562854005155,7.841136,4.889449,13.045975,8.846631,-11.638151,-3.371012,4.6634097,-2.6780322,1.7456774,8.840544,-10.136497,6.314437,6.214227,2.841343,9.727349,-0.24072346,11.338152,-37.507187,61.559338,-6.4033675,8.654434,6.763441,-2.326704,-10.100343,20.970766,67.82796,-12.185675,4.767711,-4.6654277
947,1.650346040725708,-3.5565574169158936,78.27989196777344,-0.4463070569186727,-4.37308248437248,124.90756646259261,7.8218136,4.9453125,13.017297,8.862271,-11.647123,-3.413495,4.668798,-2.6268973,1.7130288,8.828903,-10.132381,6.2665133,6.184344,2.874451,9.706297,-0.20500593,11.32434,-37.35616,61.549374,-6.300584,8.668045,6.7598734,-2.317249,-10.096411,20.977898,67.79522,-11.942476,4.882642,-4.8234053
948,1.6640223264694214,-3.523480176925659,78.28046417236328,-0.4639547146252012,-4.348542295291407,124.9372237115257,7.797394,4.9937363,12.987053,8.875374,-11.654326,-3.448079,4.666259,-2.5820973,1.6813964,8.822509,-10.136007,6.221623,6.1594954,2.9012868,9.674869,-0.17077626,11.312262,-37.24333,61.545876,-6.2441626,8.68169,6.7625365,-2.3112497,-10.090317,20.973103,67.77969,-11.830223,5.0222144,-5.0578623
949,1.67975652217865,-3.489894151687622,78.28328704833984,-0.47470066601596733,-4.315724639589101,124.96385068320434,7.762953,5.0329456,12.9535,8.887927,-11.660627,-3.4707773,4.656422,-2.5453744,1.6512506,8.813371,-10.14556,6.1804094,6.1518364,2.9179313,9.630421,-0.14316835,11.308973,-37.194935,61.547226,-6.2500343,8.697538,6.7756023,-2.2813683,-10.087042,20.945026,67.74887,-11.883147,5.2039404,-5.391429
950,1.6960797309875488,-3.4609198570251465,78.28384399414062,-0.4818478496801921,-4.2756671672672075,124.98887928407643,7.7193456,5.0675097,12.917206,8.901947,-11.667175,-3.485775,4.6400814,-2.5129237,1.6220685,8.800968,-10.157148,6.1411223,6.1321087,2.9233155,9.593152,-0.122631334,11.300674,-37.101486,61.555157,-6.227248,8.715272,6.777352,-2.2585604,-10.0717535,20.872026,67.71387,-12.093379,5.4208856,-5.799728
951,1.7104806900024414,-3.4269049167633057,78.28475189208984,-0.487558198734423,-4.233407552681593,125.01131300590009,7.6736617,5.1000366,12.882915,8.915721,-11.673331,-3.4992867,4.6181927,-2.482029,1.5942178,8.794418,-10.172959,6.103358,6.1179824,2.9290645,9.541179,-0.09265084,11.297403,-37.056034,61.560555,-6.2575455,8.733446,6.78716,-2.2300763,-10.062914,20.82187,67.69098,-12.347389,5.65042,-6.2562504
952,1.7222506999969482,-3.392704963684082,78.28166961669922,-0.4958179098384986,-4.1948384627478585,125.03185813751433,7.634119,5.135326,12.853973,8.927112,-11.677834,-3.5179806,4.603281,-2.4482439,1.5661179,8.778982,-10.181638,6.066323,6.1126165,2.9351146,9.498509,-0.062510885,11.293921,-36.98435,61.561256,-6.2680397,8.75436,6.7820964,-2.2059295,-10.052485,20.741007,67.68172,-12.671944,5.8640785,-6.712023
953,1.7364766597747803,-3.359156847000122,78.27999877929688,-0.5065129213629198,-4.1634922079030625,125.04992651420467,7.6052623,5.1739006,12.832874,8.935279,-11.679921,-3.5452473,4.592545,-2.410791,1.536803,8.767653,-10.189707,6.030161,6.1139436,2.9401321,9.47741,-0.042286023,11.283617,-36.85992,61.564323,-6.247789,8.781361,6.7548866,-2.213664,-10.023589,20.604532,67.71514,-13.115389,6.0574603,-7.173954
954,1.7490273714065552,-3.3278231620788574,78.28028869628906,-0.5188619108606266,-4.134765697858336,125.06576300683454,7.5808153,5.2143335,12.816966,8.94223,-11.680566,-3.5770617,4.5851765,-2.371415,1.506797,8.753389,-10.195206,5.9951386,6.111026,2.948831,9.448204,-0.0064900904,11.2730255,-36.743988,61.562767,-6.2539845,8.811431,6.724934,-2.222183,-10.000109,20.491776,67.770195,-13.619257,6.250113,-7.665689
955,1.7652018070220947,-3.294675827026367,78.28324890136719,-0.5312046342221652,-4.105152641461764,125.0792501223286,7.5572762,5.2542033,12.803721,8.945859,-11.680058,-3.6085134,4.5755787,-2.3316264,1.4795523,8.740227,-10.200056,5.961294,6.110673,2.95848,9.41453,0.039744783,11.264531,-36.636692,61.55067,-6.279349,8.838561,6.6974874,-2.2247856,-9.9864025,20.396496,67.82575,-14.105901,6.4384494,-8.15607
956,1.7830314636230469,-3.265671730041504,78.28286743164062,-0.5425439993647545,-4.072470131110781,125.09071654185465,7.5290093,5.292726,12.78988,8.9519825,-11.683046,-3.6348557,4.56131,-2.292942,1.4581544,8.728065,-10.203963,5.9286065,6.1106887,2.9627635,9.38915,0.07520777,11.251136,-36.50011,61.543102,-6.280149,8.854733,6.6656885,-2.254528,-9.970213,20.293884,67.90051,-14.529271,6.610801,-8.609922
957,1.8002450466156006,-3.2353687286376953,78.2822036743164,-0.5531176684340238,-4.032719348920211,125.10070377319886,7.491764,5.329268,12.773973,8.959612,-11.689949,-3.6536574,4.540378,-2.2551625,1.4435948,8.712618,-10.203884,5.897229,6.1098013,2.9622314,9.35323,0.1139968,11.229993,-36.357384,61.53916,-6.2995667,8.853519,6.6454754,-2.2933347,-9.95243,20.220278,67.98746,-14.8396435,6.773442,-9.051221
958,1.8143821954727173,-3.2026805877685547,78.28236389160156,-0.5630026635882605,-3.987985535190896,125.10871742900171,7.449619,5.363976,12.758133,8.965984,-11.698248,-3.6677837,4.5114226,-2.2180476,1.4346778,8.701251,-10.203829,5.867296,6.1257033,2.9598854,9.305673,0.16297033,11.218579,-36.24755,61.521156,-6.356214,8.841441,6.6352816,-2.3163767,-9.94765,20.164154,68.06603,-15.072033,6.9270716,-9.485902
959,1.8288334608078003,-3.171812057495117,78.28226470947266,-0.5719133763935553,-3.9442766403966916,125.11359144163542,7.4081774,5.3981276,12.744245,8.973663,-11.707918,-3.6805959,4.482595,-2.181484,1.429899,8.689736,-10.203475,5.8380036,6.126533,2.9562268,9.270568,0.20578706,11.19752,-36.099754,61.505005,-6.375548,8.827965,6.61769,-2.3671224,-9.943751,20.119118,68.16052,-15.26177,7.060386,-9.871569
960,1.8395010232925415,-3.1425905227661133,78.28207397460938,-0.5796185019028317,-3.9051209164760197,125.11407939416719,7.37431,5.4315896,12.734796,8.977623,-11.714755,-3.695328,4.456888,-2.1458092,1.4285741,8.679711,-10.205565,5.8088074,6.1377,2.9513376,9.231601,0.24052536,11.18256,-36.00937,61.494778,-6.3913937,8.82248,6.6034517,-2.4095266,-9.944464,20.100254,68.25167,-15.377233,7.168109,-10.179885
961,1.8466240167617798,-3.11384654045105,78.28185272216797,-0.5850686727610566,-3.871607822709595,125.10590050244461,7.347784,5.4650493,12.732672,8.982152,-11.72107,-3.7118866,4.4342036,-2.1111374,1.4349372,8.672121,-10.211522,5.7795544,6.151785,2.9443946,9.19857,0.2613582,11.16544,-35.945724,61.492626,-6.3635077,8.833065,6.5868683,-2.454207,-9.949029,20.106302,68.341576,-15.392185,7.2418184,-10.398976
962,1.8575427532196045,-3.08679461479187,78.28091430664062,-0.5893357377871938,-3.8422145107811705,125.0933029137249,7.326074,5.498053,12.733692,8.9880905,-11.728138,-3.7286334,4.415124,-2.0774195,1.4457945,8.663566,-10.218688,5.75061,6.1403785,2.943059,9.168604,0.28019965,11.131624,-35.872654,61.5023,-6.292577,8.848004,6.5661335,-2.5297256,-9.963263,20.164303,68.459435,-15.311893,7.284546,-10.545856
963,1.8773287534713745,-3.0613045692443848,78.28140258789062,-0.593094910084918,-3.8153193604617717,125.07875671837273,7.3081245,5.5312195,12.737526,8.991868,-11.732924,-3.7474248,4.396768,-2.0438323,1.4573333,8.657591,-10.226662,5.721918,6.1503396,2.9402113,9.138291,0.28456238,11.103584,-35.848473,61.516293,-6.2422028,8.864649,6.5503902,-2.583313,-9.980233,20.217812,68.5548,-15.225816,7.311471,-10.631678
964,1.896949291229248,-3.033240795135498,78.28266906738281,-0.5987043413683268,-3.7906396301089,125.06819280152642,7.2922244,5.5655046,12.740021,8.994689,-11.735759,-3.7698028,4.3815403,-2.0093014,1.4619578,8.650452,-10.231593,5.6933775,6.1578193,2.9426785,9.110457,0.27724662,11.0690565,-35.83239,61.541134,-6.225927,8.8717,6.5374336,-2.625537,-10.005033,20.275053,68.62864,-15.214365,7.3349934,-10.660612
965,1.9150089025497437,-3.0061614513397217,78.28424835205078,-0.607490386838308,-3.767105829309199,125.06389238544392,7.275616,5.6034408,12.739847,8.998122,-11.735343,-3.799083,4.369331,-1.971934,1.4555327,8.6389,-10.230039,5.66433,6.1675196,2.9507153,9.086595,0.25478083,11.032233,-35.831768,61.57389,-6.272037,8.868532,6.531049,-2.652858,-10.032782,20.321604,68.67613,-15.331529,7.359818,-10.640365
966,1.9314712285995483,-2.978184938430786,78.28314208984375,-0.6179818934557919,-3.745274453552439,125.0626108354537,7.2627993,5.6424565,12.739234,8.995425,-11.729096,-3.833386,4.3580694,-1.9333072,1.4425341,8.628515,-10.2262945,5.635057,6.182475,2.9547913,9.067039,0.22640598,11.008942,-35.85152,61.60023,-6.3591523,8.861256,6.52865,-2.6782577,-10.051556,20.359896,68.71545,-15.527058,7.377479,-10.567559
967,1.9454611539840698,-2.9501779079437256,78.2830581665039,-0.628122070838831,-3.7272839972280405,125.06166611680969,7.251989,5.6811357,12.739363,8.997224,-11.725887,-3.866891,4.351753,-1.8957716,1.4291828,8.616918,-10.221921,5.60671,6.1996484,2.954843,9.052523,0.19320285,10.993788,-35.87935,61.624477,-6.441517,8.849378,6.520991,-2.699769,-10.0648,20.39992,68.74375,-15.731704,7.38316,-10.428463
968,1.9635511636734009,-2.9245967864990234,78.28182983398438,-0.6352171070924101,-3.7150028369335564,125.05791607867141,7.2476506,5.7155833,12.7423725,9.001025,-11.727978,-3.8934515,4.350622,-1.86222,1.4222482,8.608553,-10.22151,5.580727,6.2174387,2.9585786,9.0349455,0.15673716,10.97185,-35.919895,61.65987,-6.4891715,8.831671,6.5072017,-2.7098367,-10.084778,20.464912,68.75982,-15.858059,7.372166,-10.211467
969,1.9759552478790283,-2.9023945331573486,78.2818603515625,-0.6381284624714422,-3.708654692929822,125.05023591669779,7.2496862,5.7444267,12.749695,9.007193,-11.737756,-3.9099932,4.352961,-1.8341663,1.4239304,8.607431,-10.227652,5.556273,6.2411685,2.9536855,9.026171,0.11814112,10.960806,-35.963295,61.68789,-6.459472,8.809296,6.472202,-2.7272692,-10.096599,20.532303,68.77574,-15.947079,7.3420653,-9.876568
970,1.9893754720687866,-2.88100528717041,78.28253936767578,-0.6382747470999851,-3.7072929363899183,125.04047095123101,7.2573266,5.769448,12.759999,9.014414,-11.752278,-3.9201403,4.3587074,-1.8099396,1.4306264,8.611417,-10.237851,5.5331144,6.2689786,2.9449704,9.025317,0.076126605,10.955724,-36.006138,61.711506,-6.3760066,8.782063,6.4216285,-2.746071,-10.103262,20.595568,68.78495,-16.027092,7.2953153,-9.440999
971,2.000392436981201,-2.8563480377197266,78.2833023071289,-0.6371787577056003,-3.7113064588333673,125.02916762554243,7.27107,5.79237,12.771547,9.023528,-11.768744,-3.928293,4.371375,-1.7876809,1.4402801,8.615005,-10.249797,5.5130296,6.2851124,2.9452598,9.009286,0.04435763,10.940251,-36.077953,61.74259,-6.3223186,8.751989,6.3832507,-2.7471642,-10.125386,20.727835,68.78391,-15.980465,7.236007,-8.985782
972,2.0170469284057617,-2.8274319171905518,78.28600311279297,-0.6362462433730945,-3.721939939185514,125.01844715584794,7.293179,5.8151174,12.781399,9.0337925,-11.783785,-3.9389017,4.394845,-1.7653242,1.4499488,8.6140995,-10.261802,5.4978013,6.2983813,2.9507182,9.003263,0.018133657,10.924384,-36.116436,61.762386,-6.283338,8.725217,6.352402,-2.7238507,-10.146269,20.839876,68.74731,-15.81185,7.16168,-8.571253
973,2.0262739658355713,-2.7977612018585205,78.28684997558594,-0.6337275273368472,-3.7427078918972256,125.00756030878172,7.329311,5.8349156,12.789305,9.042291,-11.792921,-3.9519796,4.4324985,-1.744972,1.460911,8.611639,-10.276521,5.4925303,6.3197875,2.9576643,9.008101,-0.0055411756,10.912407,-36.13582,61.771557,-6.280381,8.701944,6.3316283,-2.6810653,-10.156649,20.9284,68.68826,-15.467965,7.068364,-8.191025
974,2.0338194370269775,-2.770995855331421,78.28636169433594,-0.6298450695900879,-3.771980564312038,124.99637021844723,7.375476,5.852439,12.796109,9.052936,-11.800668,-3.9655871,4.482217,-1.7264932,1.4735824,8.607265,-10.293366,5.494636,6.343517,2.9650466,9.017966,-0.025781345,10.902352,-36.145008,61.776005,-6.300192,8.679522,6.318675,-2.621578,-10.159246,21.014631,68.61066,-14.978933,6.961071,-7.8182635
975,2.042858362197876,-2.7453536987304688,78.28540802001953,-0.62740389293019,-3.803752242178356,124.98469687240762,7.4255705,5.8716707,12.80369,9.062329,-11.809572,-3.9811664,4.5349984,-1.7062397,1.4864599,8.601831,-10.310181,5.494679,6.366044,2.9758863,9.029905,-0.0425813,10.895104,-36.147236,61.77069,-6.325435,8.663371,6.3123794,-2.5541346,-10.155614,21.088299,68.52198,-14.443383,6.8440924,-7.491347
976,2.052588701248169,-2.722291946411133,78.28176879882812,-0.6293541435239568,-3.8321013322236595,124.97165067239528,7.4720163,5.897101,12.814647,9.070937,-11.823892,-4.0002456,4.5811443,-1.680379,1.4989238,8.598704,-10.326653,5.483101,6.370057,2.9906795,9.033843,-0.05150422,10.88541,-36.138454,61.758965,-6.342442,8.659339,6.3146243,-2.4926417,-10.143907,21.173979,68.43937,-13.945864,6.722251,-7.254819
977,2.0629138946533203,-2.6970267295837402,78.27521514892578,-0.638115430848357,-3.853593146310348,124.95687074503822,7.5111647,5.9320126,12.831261,9.079059,-11.84789,-4.0234227,4.6135693,-1.645622,1.5105094,8.602276,-10.344296,5.453783,6.371393,3.0125346,9.034871,-0.06409507,10.875942,-36.12477,61.73491,-6.3457775,8.675845,6.3228965,-2.432291,-10.122181,21.249449,68.351524,-13.508966,6.587609,-7.132699
978,2.074335813522339,-2.672513961791992,78.27041625976562,-0.6517504778903088,-3.8720786087598063,124.94093156817104,7.5470905,5.973516,12.851562,9.087721,-11.87876,-4.0498123,4.6403704,-1.6045004,1.521617,8.607506,-10.361923,5.412932,6.382312,3.0441713,9.038512,-0.08120318,10.871238,-36.117657,61.693245,-6.3462687,8.707872,6.335521,-2.3603477,-10.102676,21.29781,68.24365,-13.091956,6.436637,-7.092208
979,2.085362434387207,-2.6491761207580566,78.26338195800781,-0.6659377921519509,-3.892182848922157,124.92490135569118,7.5856786,6.015446,12.87126,9.094473,-11.90952,-4.0784845,4.6665125,-1.5628669,1.5323396,8.6169815,-10.381049,5.369794,6.3701468,3.0695329,9.033374,-0.08829505,10.865479,-36.097088,61.65973,-6.3415885,8.739574,6.3578763,-2.3078084,-10.061803,21.345901,68.16678,-12.694474,6.283469,-7.105152
980,2.091944694519043,-2.6257359981536865,78.25953674316406,-0.6778665392677972,-3.9196878411392686,124.90910747035312,7.6315656,6.053593,12.886652,9.102237,-11.935943,-4.1088486,4.7028737,-1.5247452,1.5432245,8.624216,-10.398348,5.333373,6.358835,3.095318,9.039898,-0.09461247,10.863564,-36.08585,61.624847,-6.325424,8.758695,6.3837533,-2.2515123,-10.031307,21.324165,68.08353,-12.357847,6.135862,-7.114153
981,2.099111557006836,-2.600499153137207,78.25808715820312,-0.687043746172423,-3.956751422847428,124.89324832950021,7.6888905,6.086713,12.895286,9.107456,-11.954278,-4.143571,4.7515864,-1.4907522,1.5545989,8.630943,-10.414099,5.3053594,6.347027,3.113165,9.052537,-0.10363202,10.863812,-36.08811,61.606895,-6.2955875,8.75801,6.422423,-2.2027087,-9.983925,21.200287,68.021,-12.101685,5.9780354,-7.1255116
982,2.108546257019043,-2.5778446197509766,78.25748443603516,-0.6949751596541867,-4.000377351781887,124.87713605838816,7.753255,6.1173725,12.899808,9.112443,-11.969001,-4.182086,4.8064,-1.4588286,1.5661935,8.640792,-10.430006,5.281106,6.342555,3.1293085,9.071271,-0.116846345,10.867235,-36.10939,61.595688,-6.257068,8.746079,6.4714484,-2.1500294,-9.933773,20.99019,67.96039,-11.909547,5.80979,-7.1551237
983,2.1192476749420166,-2.5563738346099854,78.2586669921875,-0.7011440055997371,-4.047137118837334,124.861953705198,7.82166,6.1451273,12.903427,9.115891,-11.981132,-4.218678,4.8655443,-1.429719,1.5773537,8.650291,-10.44644,5.2604675,6.3539157,3.139454,9.090912,-0.14019465,10.874825,-36.158882,61.595005,-6.222767,8.731376,6.518844,-2.0994458,-9.8778715,20.740625,67.90889,-11.754718,5.6667304,-7.1932406
984,2.1253700256347656,-2.53389310836792,78.25819396972656,-0.7047507192095284,-4.093595568251745,124.84903939944536,7.8882704,6.1695523,12.90907,9.122169,-11.994558,-4.2475276,4.925329,-1.4048406,1.5872445,8.659405,-10.465404,5.2432137,6.34919,3.147037,9.110625,-0.15350713,10.882855,-36.197853,61.587055,-6.1915755,8.721424,6.5510335,-2.0630953,-9.841533,20.557737,67.86256,-11.585622,5.5870385,-7.2271705
985,2.133125066757202,-2.5087780952453613,78.25830841064453,-0.7043129727496822,-4.139869890781016,124.83864009610556,7.952852,6.1887984,12.91752,9.131827,-12.008037,-4.26477,4.985572,-1.3864115,1.5963752,8.669617,-10.48863,5.2322288,6.3610163,3.1424494,9.126757,-0.17731822,10.895536,-36.261467,61.588463,-6.1748695,8.718989,6.5633173,-2.0408432,-9.806249,20.400087,67.83368,-11.393319,5.5824027,-7.250746
986,2.1412532329559326,-2.484165668487549,78.25487518310547,-0.7005424360997072,-4.187441093718736,124.8313112749823,8.017229,6.2034607,12.926037,9.144782,-12.021766,-4.27411,5.0504575,-1.37342,1.6037142,8.676064,-10.512897,5.2266746,6.335471,3.136381,9.142547,-0.17834388,10.90555,-36.29283,61.578564,-6.154096,8.718067,6.5617523,-2.043046,-9.790623,20.314032,67.81935,-11.171169,5.6362567,-7.2721243
987,2.146388053894043,-2.4638469219207764,78.25128173828125,-0.696715296544405,-4.234929518039436,124.82345626533133,8.081506,6.217982,12.937463,9.157221,-12.036123,-4.2818947,5.1132073,-1.3608977,1.6114912,8.685628,-10.538878,5.2206388,6.3506794,3.1250403,9.161749,-0.20675792,10.922478,-36.373207,61.582893,-6.1452622,8.720182,6.553503,-2.0340304,-9.777117,20.200426,67.79762,-11.010634,5.7256103,-7.2996936
988,2.1523540019989014,-2.4453160762786865,78.24667358398438,-0.6955826919934281,-4.273184878556143,124.81728971531659,8.134064,6.235446,12.948354,9.169538,-12.052839,-4.2933264,5.1623063,-1.3456141,1.6161559,8.69888,-10.563923,5.20887,6.304794,3.1154053,9.172525,-0.21182783,10.924011,-36.38434,61.588005,-6.1119304,8.720977,6.544476,-2.0506635,-9.77684,20.191835,67.79843,-10.925408,5.827229,-7.346551
989,2.163501501083374,-2.4275057315826416,78.24322509765625,-0.6998655863480365,-4.323089432782705,124.81379178589702,8.20236,6.2588983,12.961633,9.175539,-12.074318,-4.3108926,5.2280655,-1.3240763,1.6166749,8.703003,-10.584826,5.1868067,6.326,3.1152418,9.201605,-0.24681285,10.943199,-36.506245,61.597233,-6.101019,8.721219,6.5403166,-2.0525815,-9.778289,20.148815,67.77685,-10.9402075,5.982511,-7.4321365
990,2.175285577774048,-2.409754514694214,78.2423095703125,-0.7060357881151943,-4.363180605463709,124.81234191516108,8.258152,6.2843504,12.976173,9.181622,-12.098382,-4.3300757,5.2781706,-1.3007149,1.6142298,8.714135,-10.607382,5.158855,6.3196993,3.1099403,9.223038,-0.276107,10.958668,-36.59678,61.611343,-6.0696306,8.724408,6.5307326,-2.0700257,-9.7842655,20.161884,67.772705,-11.043195,6.157978,-7.5342617
991,2.1767280101776123,-2.3915700912475586,78.23815155029297,-0.7132856169039926,-4.404282672518177,124.80970202378613,8.314903,6.310851,12.990049,9.187379,-12.123006,-4.351649,5.328126,-1.2762648,1.6118733,8.726054,-10.6290245,5.1305714,6.315186,3.1047246,9.247178,-0.3045398,10.975796,-36.69497,61.625134,-6.052522,8.724232,6.524161,-2.090464,-9.794708,20.205282,67.771866,-11.195997,6.3525424,-7.64737
992,2.181912660598755,-2.373281717300415,78.2341079711914,-0.7206030892221399,-4.450288819902861,124.8028317808449,8.377251,6.3371806,13.000624,9.192968,-12.14522,-4.3759007,5.3840523,-1.2515423,1.6118526,8.734,-10.646911,5.107554,6.3169827,3.1012857,9.276412,-0.32734057,10.998326,-36.80205,61.632187,-6.070393,8.714529,6.5241046,-2.1111887,-9.811687,20.273136,67.77496,-11.369929,6.5498223,-7.7583356
993,2.1912448406219482,-2.354940176010132,78.23081970214844,-0.7284258743880543,-4.503370915621814,124.79007666722686,8.448304,6.3635798,13.00427,9.196482,-12.162746,-4.405999,5.448002,-1.2259551,1.6142601,8.738653,-10.660778,5.0913935,6.3222027,3.0984185,9.317169,-0.35244086,11.022167,-36.906536,61.642803,-6.113905,8.688605,6.521857,-2.1463733,-9.832105,20.363758,67.79291,-11.570246,6.7527957,-7.8628793
994,2.197226047515869,-2.338986873626709,78.22970581054688,-0.7369014436255382,-4.56070078392012,124.77345183195285,8.523763,6.3907185,13.003447,9.200305,-12.178672,-4.4407554,5.515824,-1.199357,1.6180717,8.742016,-10.67194,5.0790777,6.331917,3.0965276,9.360995,-0.36695006,11.051221,-37.027317,61.642788,-6.189406,8.655194,6.5269303,-2.1763496,-9.859651,20.4918,67.80655,-11.796368,6.9729214,-7.9733534
995,2.2054684162139893,-2.3267734050750732,78.2278823852539,-0.7445903401413535,-4.620369856370774,124.75473409371295,8.601278,6.416832,13.004404,9.205447,-12.194944,-4.473923,5.5858235,-1.1737943,1.6240387,8.745124,-10.682382,5.0692697,6.345877,3.0934646,9.412396,-0.3992158,11.067873,-37.12671,61.66496,-6.27197,8.617264,6.536344,-2.2266052,-9.876755,20.612183,67.847755,-12.078114,7.1873198,-8.08208
996,2.2135815620422363,-2.314129114151001,78.22640228271484,-0.7499025935497697,-4.677907649469605,124.73599624419447,8.677372,6.439309,13.013941,9.209784,-12.211728,-4.4991016,5.652182,-1.1516807,1.6333319,8.750973,-10.694621,5.0607834,6.352098,3.094305,9.454742,-0.3988034,11.096607,-37.23129,61.649235,-6.409494,8.588072,6.5751705,-2.2568476,-9.9070015,20.776669,67.8783,-12.360225,7.3879786,-8.1972
997,2.221714496612549,-2.298393726348877,78.2238540649414,-0.7512374153551851,-4.735936766468702,124.71758140924885,8.75286,6.456948,13.035897,9.218299,-12.232261,-4.512007,5.718596,-1.1347773,1.646857,8.7590685,-10.709008,5.0540657,6.3729234,3.092855,9.507942,-0.42698747,11.1081705,-37.305107,61.657684,-6.560327,8.553403,6.616261,-2.3029647,-9.919421,20.896513,67.94136,-12.752364,7.562328,-8.308629
998,2.2283923625946045,-2.286778211593628,78.21907043457031,-0.7499541633536452,-4.793644783202559,124.69851691580415,8.828535,6.470714,13.066313,9.22755,-12.254652,-4.516779,5.783338,-1.1213739,1.6638042,8.770007,-10.725092,5.0495377,6.36568,3.094615,9.545547,-0.4043908,11.141745,-37.386837,61.621265,-6.7856255,8.514091,6.677158,-2.3366556,-9.953819,21.121157,68.00765,-13.1416855,7.7280264,-8.429186
999,2.2333121299743652,-2.2753372192382812,78.21493530273438,-0.7483127409583502,-4.85014424264266,124.67834859283631,8.902589,6.4837213,13.098914,9.237152,-12.276532,-4.5201826,5.8460917,-1.1087072,1.6825751,8.780646,-10.740628,5.045662,6.388707,3.0955722,9.596326,-0.41872594,11.154841,-37.44363,61.61014,-6.989862,8.495744,6.762487,-2.375489,-9.966783,21.25589,68.07723,-13.573505,7.8802867,-8.544069
1000,2.238395929336548,-2.2642416954040527,78.2112808227539,-0.7485960483038724,-4.901276031319133,124.6567118459318,8.971244,6.4990044,13.127727,9.244024,-12.29461,-4.5289097,5.9034896,-1.0938454,1.7013747,8.787644,-10.753517,5.0408583,6.3953624,3.0989552,9.636443,-0.40284747,11.171252,-37.47696,61.56864,-7.190611,8.524763,6.9108253,-2.4021614,-9.982376,21.407093,68.120735,-13.901013,8.032242,-8.666358
1001,2.2424609661102295,-2.2529702186584473,78.20877075195312,-0.7509445682636711,-4.947597556927375,124.6337105126275,9.035673,6.516464,13.150293,9.247328,-12.308099,-4.5458946,5.954831,-1.0770295,1.7196776,8.792715,-10.764993,5.0356245,6.4239902,3.1035068,9.682254,-0.39977556,11.176739,-37.47845,61.523056,-7.3532925,8.603573,7.12581,-2.412243,-9.987526,21.46451,68.130905,-14.17061,8.15441,-8.767962
1002,2.247598648071289,-2.2440216541290283,78.20701599121094,-0.7547685321099304,-4.990202463659638,124.60955383155202,9.096369,6.535582,13.16988,9.2490015,-12.318825,-4.5672555,6.0021043,-1.0586966,1.7383791,8.79529,-10.775069,5.030449,6.409343,3.1106393,9.719868,-0.34533656,11.192103,-37.42555,61.427753,-7.5172668,8.719508,7.401654,-2.4255762,-9.999813,21.576881,68.131355,-14.343882,8.258917,-8.866534
1003,2.253535747528076,-2.2314672470092773,78.20734405517578,-0.7590662809643484,-5.028390029266205,124.58376121099116,9.151564,6.5552926,13.190059,9.25086,-12.328524,-4.589142,6.0437975,-1.0396023,1.7582784,8.797489,-10.783633,5.023895,6.4137654,3.1188562,9.762515,-0.30436206,11.202013,-37.36092,61.333088,-7.661964,8.87687,7.70815,-2.4302614,-10.0057125,21.637234,68.10484,-14.488032,8.387338,-8.986043
1004,2.258758068084717,-2.219637870788574,78.2076416015625,-0.7636852074924865,-5.061565381498484,124.55544754209794,9.202821,6.574719,13.214942,9.249389,-12.33708,-4.6077843,6.078984,-1.0196611,1.7804263,8.799797,-10.789508,5.0146356,6.4293275,3.129019,9.802838,-0.27220762,11.206943,-37.3037,61.24551,-7.800786,9.079148,8.028621,-2.4319873,-10.006656,21.689188,68.05572,-14.58809,8.589433,-9.165285
1005,2.2637391090393066,-2.2091305255889893,78.20743560791016,-0.7681335830792578,-5.0887863574172085,124.52379957167129,9.245305,6.594342,13.24581,9.2519865,-12.34801,-4.621524,6.10406,-0.9988971,1.8053728,8.80859,-10.795219,5.0008893,6.45626,3.1424253,9.842279,-0.24657919,11.207203,-37.25685,61.156887,-7.9604845,9.331853,8.395343,-2.432043,-10.003651,21.740084,67.97261,-14.59286,8.891994,-9.445987
1006,2.270550012588501,-2.1989662647247314,78.20533752441406,-0.7726189757494691,-5.11110754342451,124.48908628370603,9.282054,6.614745,13.281013,9.254777,-12.3589945,-4.632702,6.1235623,-0.9765176,1.832612,8.814672,-10.796547,4.983777,6.469499,3.157025,9.878367,-0.21183473,11.202237,-37.18528,61.061356,-8.127354,9.630363,8.807075,-2.4419565,-9.993395,21.816021,67.873146,-14.504652,9.265303,-9.802995
1007,2.2749502658843994,-2.1909449100494385,78.2029800415039,-0.7773589458665443,-5.129069743688231,124.45401686746798,9.315413,6.634092,13.317336,9.254487,-12.368579,-4.643095,6.1367874,-0.95468,1.8606116,8.8234625,-10.798819,4.966456,6.477997,3.1705694,9.908451,-0.17918621,11.188929,-37.099247,60.979393,-8.24893,9.96634,9.193036,-2.4590569,-9.97398,21.892021,67.778435,-14.428826,9.671578,-10.164044
1008,2.281221866607666,-2.1881520748138428,78.20099639892578,-0.7822803246843141,-5.1435189438093385,124.42185325867545,9.344724,6.652286,13.351214,9.253085,-12.377642,-4.6547194,6.1493077,-0.93437517,1.8873253,8.825853,-10.799532,4.95195,6.4992743,3.1850226,9.931735,-0.15547858,11.17404,-37.023598,60.916283,-8.278217,10.333168,9.481435,-2.4666178,-9.9571495,21.935738,67.69143,-14.469652,10.073167,-10.451548
1009,2.2851390838623047,-2.183549404144287,78.19798278808594,-0.787352635482168,-5.153611188985418,124.39188898747835,9.371959,6.6685143,13.38399,9.245963,-12.385504,-4.6688175,6.157285,-0.9157979,1.9141655,8.828041,-10.803954,4.9405785,6.530537,3.2022498,9.946507,-0.13084164,11.16208,-36.952877,60.863224,-8.246647,10.724485,9.630586,-2.459453,-9.946505,21.948961,67.602196,-14.672446,10.487088,-10.66821
1010,2.2884957790374756,-2.176112174987793,78.19876861572266,-0.7926226284355586,-5.15970482362612,124.36328979921701,9.396325,6.683377,13.416595,9.2352295,-12.392797,-4.684112,6.162448,-0.8983314,1.9414227,8.826414,-10.808539,4.930942,6.533145,3.2189848,9.957038,-0.101745285,11.135642,-36.821198,60.83051,-8.1351185,11.144661,9.678372,-2.4765387,-9.927011,21.968967,67.53873,-14.981063,10.924876,-10.845826
1011,2.2947773933410645,-2.168370008468628,78.19794464111328,-0.7972147004226706,-5.163745530366993,124.3373791497712,9.4171095,6.697007,13.445963,9.224437,-12.398289,-4.6986375,6.1660075,-0.88224006,1.9660684,8.823258,-10.811443,4.923257,6.5261173,3.2338142,9.959489,-0.08087529,11.092709,-36.68116,60.8269,-7.888184,11.606274,9.690152,-2.5048761,-9.901143,21.999584,67.50793,-15.32034,11.344345,-10.954781
1012,2.2973458766937256,-2.1611828804016113,78.19795227050781,-0.801202110806348,-5.167314590081197,124.31593177415395,9.433864,6.70927,13.468459,9.21761,-12.40163,-4.7103343,6.1697702,-0.86820596,1.985404,8.820338,-10.810739,4.9178715,6.526994,3.24529,9.958479,-0.0716637,11.0473385,-36.572304,60.837234,-7.441149,12.124183,9.723173,-2.5238168,-9.879637,22.034386,67.49749,-15.626347,11.700974,-10.960559
1013,2.298973798751831,-2.1574594974517822,78.19805145263672,-0.8040849603715569,-5.17139859575129,124.29965535566585,9.446306,6.720469,13.482722,9.215871,-12.401477,-4.718428,6.1742597,-0.85600555,1.9993459,8.817792,-10.80313,4.9162135,6.5143747,3.2520165,9.950571,-0.0765535,10.9748955,-36.449703,60.884445,-6.6638427,12.745425,9.780262,-2.5572813,-9.855484,22.100481,67.543045,-15.885986,11.976869,-10.8269
1014,2.303196430206299,-2.153007984161377,78.19896697998047,-0.806691510960354,-5.173975196133486,124.28754480178559,9.45437,6.7304845,13.490732,9.216685,-12.398471,-4.7241044,6.1775093,-0.84538776,2.0093083,8.815966,-10.791374,4.9176087,6.5512524,3.251857,9.94919,-0.06958534,10.957879,-36.406815,60.873947,-5.670942,13.456788,9.826108,-2.5407815,-9.852028,22.123121,67.55588,-16.14256,12.193736,-10.570469
1015,2.3057734966278076,-2.1490638256073,78.19822692871094,-0.8080105450654156,-5.176447632335623,124.27875559852247,9.46009,6.738973,13.49439,9.218454,-12.394149,-4.728289,6.182001,-0.8368061,2.0139303,8.812091,-10.779646,4.919361,6.519571,3.2528656,9.947935,-0.06405624,10.90541,-36.2881,60.904716,-4.5807176,14.153418,9.853678,-2.5711973,-9.846299,22.215921,67.62506,-16.3843,12.374987,-10.270166
1016,2.307013988494873,-2.1419196128845215,78.19992065429688,-0.8078861196952013,-5.177294215740391,124.27213008819412,9.463762,6.744531,13.49597,9.219949,-12.391008,-4.7318616,6.1851487,-0.83128667,2.0127828,8.810375,-10.775978,4.918839,6.5013323,3.2579238,9.939623,-0.080564715,10.855223,-36.26503,60.961914,-3.6722746,14.744778,9.889014,-2.5883036,-9.84417,22.310928,67.693214,-16.598997,12.54005,-9.9957285
1017,2.3119490146636963,-2.1360301971435547,78.19904327392578,-0.8042217332472894,-5.177619508349755,124.26562677589277,9.467672,6.7458353,13.495208,9.218624,-12.388222,-4.7338386,6.190368,-0.83009934,2.0025427,8.805976,-10.781975,4.9150963,6.4910364,3.260845,9.934414,-0.11489486,10.829744,-36.337765,61.027718,-2.9657433,15.217536,9.940947,-2.6006415,-9.844981,22.400644,67.75905,-16.775118,12.664641,-9.729835
1018,2.312354326248169,-2.1323583126068115,78.19747924804688,-0.7985776005196621,-5.176619714645916,124.26050957623326,9.471204,6.7428913,13.491457,9.214979,-12.384593,-4.734048,6.1950665,-0.8329943,1.9846885,8.803252,-10.795631,4.909658,6.4737105,3.2618015,9.932594,-0.163032,10.812477,-36.46148,61.107788,-2.3471916,15.61793,10.003785,-2.6172884,-9.84695,22.500914,67.83433,-16.920723,12.748757,-9.4475
1019,2.3148226737976074,-2.129103183746338,78.19375610351562,-0.7926329390111396,-5.1742285855891454,124.26025516009958,9.469641,6.740659,13.485183,9.213896,-12.382257,-4.7350554,6.198474,-0.83613867,1.9649636,8.799024,-10.809245,4.9034944,6.480136,3.2763386,9.89668,-0.24304104,10.75941,-36.695114,61.26018,-1.87483,15.9409895,10.083651,-2.6012456,-9.857357,22.620533,67.91691,-17.04655,12.848449,-9.211226
1020,2.3208167552948,-2.122485637664795,78.19200134277344,-0.7896208924198288,-5.170705628127971,124.26836613462036,9.464844,6.7409644,13.477629,9.212497,-12.379719,-4.7393117,6.200036,-0.8370345,1.9489312,8.795485,-10.818177,4.897179,6.471102,3.2912757,9.886226,-0.30841586,10.734066,-36.868343,61.369717,-1.4585044,16.188763,10.121439,-2.605171,-9.863642,22.708633,67.99841,-17.27125,13.0049,-9.047937
1021,2.326146364212036,-2.1211376190185547,78.19082641601562,-0.7899432619494712,-5.16449633215511,124.28817544732404,9.454286,6.7452326,13.471352,9.209149,-12.376562,-4.747472,6.19737,-0.83461463,1.9406054,8.7900095,-10.817976,4.891942,6.4669185,3.316061,9.872331,-0.38073042,10.709486,-37.058174,61.49426,-1.1547356,16.33328,10.123271,-2.6048892,-9.869105,22.78826,68.08421,-17.603912,13.265443,-8.991481
1022,2.3347976207733154,-2.118593454360962,78.1937255859375,-0.7920632143180807,-5.1562916860070205,124.31718349904433,9.439401,6.7509284,13.464803,9.204641,-12.373158,-4.758101,6.1904836,-0.8312017,1.9361022,8.78688,-10.814719,4.887089,6.44788,3.3446589,9.866118,-0.44900066,10.696478,-37.23656,61.612667,-0.9371103,16.384518,10.0958605,-2.6194384,-9.870646,22.868534,68.182335,-18.018064,13.59221,-9.007348
1023,2.3418827056884766,-2.1130690574645996,78.19866943359375,-0.7957317850752847,-5.147977114617001,124.3493089964507,9.422586,6.758504,13.453753,9.2019615,-12.369828,-4.770927,6.185143,-0.82616985,1.9297601,8.781551,-10.809243,4.880575,6.4468412,3.3734887,9.852212,-0.5237456,10.683771,-37.436893,61.734844,-0.820968,16.391932,10.074858,-2.615345,-9.868499,22.926107,68.27399,-18.4314,13.920664,-9.071524
1024,2.3483777046203613,-2.109980583190918,78.20110321044922,-0.7982497057773466,-5.144623736842801,124.37960707053493,9.410759,6.765852,13.433245,9.199048,-12.36462,-4.7852793,6.184892,-0.8210176,1.9153981,8.779268,-10.807433,4.8707423,6.408532,3.395799,9.870881,-0.5652059,10.683183,-37.49413,61.782337,-0.6956746,16.407211,10.053277,-2.6315088,-9.867695,22.95572,68.35048,-18.816092,14.176118,-9.138345
1025,2.3560290336608887,-2.107203483581543,78.20166778564453,-0.8031700418182041,-5.145845162715071,124.40865756882017,9.401357,6.7760563,13.39509,9.202934,-12.359845,-4.8053617,6.193608,-0.8134574,1.8888904,8.776468,-10.808438,4.8540273,6.4027476,3.4162621,9.86633,-0.60093933,10.681671,-37.617153,61.81062,-0.73517644,16.430824,10.0917845,-2.6145582,-9.859647,22.978853,68.423935,-19.068295,14.344672,-9.241457
1026,2.3621764183044434,-2.102546453475952,78.20044708251953,-0.8093555100443791,-5.150298168357337,124.43656708065559,9.39479,6.788211,13.346362,9.208311,-12.354057,-4.8300686,6.206739,-0.80356985,1.8561864,8.7751255,-10.8110485,4.8323646,6.390329,3.4326978,9.874114,-0.62687486,10.682081,-37.66654,61.80497,-0.83377033,16.439157,10.144159,-2.5902061,-9.852474,22.965706,68.482864,-19.290491,14.453684,-9.374898
1027,2.368703842163086,-2.0989575386047363,78.19991302490234,-0.8132286012342622,-5.155545377104555,124.46450356245704,9.388899,6.7982173,13.297095,9.212814,-12.3471985,-4.850955,6.220751,-0.7957381,1.819716,8.77393,-10.814726,4.8121743,6.412985,3.4407115,9.879628,-0.6617834,10.685726,-37.732414,61.793232,-0.9693643,16.448616,10.198961,-2.5530608,-9.825897,22.89181,68.53106,-19.501938,14.539874,-9.5217285
1028,2.3757362365722656,-2.095374584197998,78.2004623413086,-0.8139625447868989,-5.1565651330773745,124.49203797973718,9.377923,6.8028984,13.259494,9.219637,-12.342061,-4.859635,6.2302976,-0.7937332,1.7838795,8.771094,-10.817509,4.7999277,6.4079695,3.4453557,9.888516,-0.6706421,10.689351,-37.735085,61.75755,-1.0556911,16.471575,10.227904,-2.5264664,-9.80496,22.844332,68.55656,-19.699144,14.638142,-9.654269
1029,2.382253885269165,-2.095460891723633,78.2012939453125,-0.8065385083554854,-5.151968538812164,124.51780753429628,9.360869,6.798413,13.241172,9.226599,-12.338144,-4.8481045,6.2318296,-0.8014321,1.747442,8.76665,-10.81943,4.800253,6.4201117,3.4349637,9.892665,-0.6820224,10.694862,-37.715828,61.721638,-1.0878273,16.519318,10.226214,-2.50723,-9.764909,22.754341,68.573135,-19.923607,14.749803,-9.767552
1030,2.3895106315612793,-2.0927484035491943,78.20217895507812,-0.7953817219635537,-5.142982605227301,124.54323717121275,9.337376,6.7884994,13.2332945,9.237842,-12.336322,-4.822685,6.2295847,-0.8153296,1.7082845,8.759306,-10.819964,4.8088245,6.420149,3.4237566,9.895059,-0.6722563,10.696955,-37.6554,61.66038,-1.101219,16.581766,10.2101965,-2.4769616,-9.736734,22.674217,68.5519,-20.128855,14.864007,-9.873144
1031,2.3957877159118652,-2.0907468795776367,78.19996643066406,-0.782823823367716,-5.135077758506248,124.5681621922575,9.31524,6.77773,13.227365,9.24763,-12.334361,-4.796785,6.2268906,-0.8298003,1.6724089,8.753038,-10.821544,4.81837,6.4218616,3.409256,9.899326,-0.6594704,10.697402,-37.57821,61.600494,-1.1040342,16.642166,10.179777,-2.4521446,-9.704498,22.590357,68.521965,-20.31194,14.976306,-9.977958
1032,2.4020352363586426,-2.0862369537353516,78.19847869873047,-0.7749265475326566,-5.131333816583042,124.59266963073023,9.300831,6.7715087,13.214656,9.253958,-12.332061,-4.7837663,6.229261,-0.83846456,1.6455902,8.747871,-10.824547,4.8216558,6.424721,3.3987517,9.907487,-0.6453761,10.695692,-37.506405,61.553387,-1.1134146,16.683762,10.139334,-2.432113,-9.67529,22.524817,68.48604,-20.445501,15.085218,-10.087421
1033,2.4090521335601807,-2.0834593772888184,78.19601440429688,-0.7707213472586891,-5.136108092140189,124.61771903263228,9.298356,6.770544,13.191242,9.254086,-12.328635,-4.788283,6.237832,-0.8401221,1.6338764,8.749323,-10.833429,4.8164735,6.430396,3.3917048,9.922748,-0.6327989,10.691486,-37.434494,61.526066,-1.1323589,16.69843,10.081953,-2.4209318,-9.64721,22.474285,68.44513,-20.50536,15.188523,-10.206767
1034,2.4150843620300293,-2.07753586769104,78.19718933105469,-0.7702715011807697,-5.145141634930832,124.64326739285133,9.302941,6.7726393,13.16226,9.251691,-12.325659,-4.802908,6.2496796,-0.83746874,1.632498,8.754996,-10.845702,4.8068094,6.4391065,3.3891604,9.941992,-0.6169328,10.685321,-37.360268,61.506744,-1.1570877,16.695938,10.0085125,-2.4109113,-9.625864,22.43352,68.39034,-20.506836,15.286181,-10.329933
1035,2.421729564666748,-2.075310707092285,78.19645690917969,-0.7705094189481896,-5.155185606075372,124.66652766180907,9.309482,6.7772026,13.132772,9.247316,-12.321997,-4.822627,6.2623024,-0.8321324,1.6318772,8.759948,-10.8571205,4.7946877,6.4460926,3.3846817,9.961928,-0.60193896,10.674071,-37.28647,61.499073,-1.1735148,16.688534,9.933212,-2.4081306,-9.600249,22.408304,68.3369,-20.501562,15.385733,-10.454322
1036,2.4294772148132324,-2.069350004196167,78.19805145263672,-0.7730716169132188,-5.159685842517153,124.68606200401985,9.31145,6.7836514,13.106745,9.242772,-12.316846,-4.8423448,6.2708454,-0.82540977,1.6215464,8.761751,-10.863822,4.7822704,6.4542274,3.3821719,9.974565,-0.58738405,10.664548,-37.244785,61.497272,-1.1846788,16.683943,9.866502,-2.4131064,-9.585119,22.40435,68.29949,-20.531193,15.485823,-10.568799
1037,2.4356908798217773,-2.064275026321411,78.1993408203125,-0.7767171742087486,-5.15980538397758,124.69987851985587,9.3078785,6.794252,13.084606,9.239441,-12.311296,-4.864718,6.2752113,-0.8152017,1.5951216,8.7584715,-10.863153,4.7674546,6.4596057,3.377725,9.980843,-0.5747733,10.650718,-37.23182,61.505466,-1.1734045,16.692577,9.822242,-2.4256945,-9.568281,22.425331,68.275826,-20.619518,15.594526,-10.669989
1038,2.4423844814300537,-2.058553695678711,78.1989517211914,-0.7840038106821212,-5.155562004901304,124.7101688705641,9.302553,6.8081145,13.063758,9.233481,-12.30355,-4.8910084,6.277004,-0.8018428,1.5589044,8.7528925,-10.858514,4.750012,6.46367,3.372053,9.977908,-0.56642854,10.6326065,-37.24632,61.534782,-1.152326,16.703707,9.790851,-2.4523232,-9.551779,22.471977,68.27525,-20.731886,15.706113,-10.763649
1039,2.4491090774536133,-2.0547573566436768,78.19744110107422,-0.7893980883606821,-5.149783255101113,124.71785073153723,9.293839,6.821813,13.046671,9.230331,-12.296809,-4.9145985,6.2762685,-0.7891618,1.523421,8.745574,-10.852061,4.734769,6.474858,3.3673902,9.975938,-0.55613023,10.620176,-37.273815,61.556046,-1.1326106,16.710278,9.750928,-2.4748483,-9.543371,22.52056,68.26887,-20.860003,15.81658,-10.856002
1040,2.4598476886749268,-2.0485291481018066,78.19744873046875,-0.7924212354128332,-5.14120527960062,124.72480305714292,9.284611,6.8300095,13.03584,9.225327,-12.28866,-4.928648,6.2715693,-0.7815274,1.4990609,8.740953,-10.84858,4.7265863,6.4964895,3.360666,9.979836,-0.5467142,10.615298,-37.291237,61.564564,-1.1203594,16.702408,9.681204,-2.4941287,-9.541146,22.551767,68.25704,-20.995077,15.919935,-10.957236
1041,2.4630916118621826,-2.0417191982269287,78.19696807861328,-0.7909145631697772,-5.126571715010094,124.72981515840183,9.267269,6.8319316,13.034931,9.226059,-12.282499,-4.928692,6.261071,-0.78080744,1.4901924,8.732129,-10.845094,4.730236,6.492846,3.3548968,9.947526,-0.52157193,10.584264,-37.317574,61.603268,-1.1636682,16.668718,9.590564,-2.5315104,-9.530962,22.678413,68.2974,-21.06075,16.02709,-11.100317
1042,2.46331787109375,-2.034501791000366,78.19869995117188,-0.785316405801735,-5.108435965980023,124.73223303145429,9.247998,6.8286724,13.042312,9.224425,-12.274389,-4.9191213,6.2453423,-0.784943,1.4909458,8.723372,-10.842527,4.742,6.495624,3.3483293,9.92179,-0.5021248,10.553453,-37.328007,61.63915,-1.2007096,16.61891,9.466827,-2.5746977,-9.526655,22.790113,68.339325,-21.14425,16.1269,-11.251845
1043,2.465749502182007,-2.036351442337036,78.19891357421875,-0.7792386918082929,-5.091984518852291,124.73576670980746,9.229071,6.8246164,13.049161,9.226357,-12.2685,-4.9069824,6.231165,-0.7900694,1.4954139,8.715784,-10.840945,4.7538624,6.5046587,3.3416204,9.90146,-0.48188573,10.527901,-37.332317,61.663265,-1.2444344,16.566494,9.335598,-2.6125894,-9.527197,22.891518,68.37497,-21.235498,16.22331,-11.400211
1044,2.468503952026367,-2.030269145965576,78.19835662841797,-0.7750621723905353,-5.083569307278151,124.74413112736025,9.215835,6.823787,13.046778,9.231524,-12.265616,-4.8992977,6.224957,-0.79212314,1.4970031,8.712877,-10.841939,4.7578006,6.5177345,3.335419,9.893321,-0.46434185,10.507407,-37.317814,61.674774,-1.2877668,16.52386,9.21686,-2.6393874,-9.529518,22.970726,68.395,-21.340351,16.31764,-11.529019
1045,2.478334903717041,-2.028601884841919,78.19847869873047,-0.772076695096504,-5.087678230397886,124.76029294315065,9.213661,6.8247995,13.030912,9.237786,-12.265474,-4.8962507,6.229666,-0.7911686,1.4973351,8.720388,-10.848423,4.750584,6.537551,3.3279257,9.902139,-0.44996303,10.489063,-37.276695,61.669537,-1.3309137,16.49827,9.114327,-2.654244,-9.5322075,23.025389,68.39842,-21.474586,16.41866,-11.633923
1046,2.4849822521209717,-2.023763656616211,78.19967651367188,-0.7696984353199287,-5.10032761262844,124.78220160893007,9.217128,6.827116,13.005922,9.248472,-12.268766,-4.894715,6.2426767,-0.7888401,1.4982955,8.732434,-10.857481,4.736885,6.541642,3.3192377,9.922089,-0.43386763,10.46879,-37.189625,61.658737,-1.3653735,16.480131,9.016997,-2.674175,-9.53529,23.086687,68.40215,-21.62324,16.524897,-11.724601
1047,2.4900715351104736,-2.019526243209839,78.20132446289062,-0.7686266179921204,-5.1134259799359265,124.80359855618721,9.222042,6.8313494,12.980108,9.256996,-12.27175,-4.896316,6.255512,-0.7844392,1.4961083,8.7460375,-10.867237,4.7204504,6.5861697,3.3092456,9.938779,-0.4271244,10.463477,-37.157375,61.641197,-1.4306521,16.462723,8.935705,-2.6730766,-9.536105,23.099604,68.3986,-21.75733,16.608126,-11.805226
1048,2.497314929962158,-2.0175557136535645,78.20106506347656,-0.7710421547966051,-5.122768593706448,124.8225203983025,9.222766,6.8400536,12.956651,9.266765,-12.275324,-4.9026136,6.268644,-0.77666265,1.4834533,8.749457,-10.87197,4.705263,6.531527,3.3112833,9.962535,-0.39810932,10.431315,-36.98911,61.63064,-1.4364461,16.427328,8.840835,-2.7158356,-9.54083,23.18722,68.413445,-21.85467,16.67454,-11.8842945
1049,2.5037436485290527,-2.007054567337036,78.20252990722656,-0.7772819215610516,-5.123214886601549,124.83367952786027,9.217425,6.8543515,12.94056,9.270234,-12.275442,-4.9165444,6.273831,-0.7640201,1.4575937,8.744783,-10.871388,4.6913505,6.523111,3.3191304,9.964697,-0.38502502,10.410435,-36.912704,61.63748,-1.4913626,16.37491,8.765606,-2.729548,-9.544601,23.220337,68.424286,-21.894846,16.689976,-11.965448
1050,2.5117244720458984,-2.0021893978118896,78.20150756835938,-0.786528100231861,-5.118955989447129,124.84107863288332,9.21028,6.871848,12.927241,9.268441,-12.273059,-4.9362197,6.275563,-0.7482504,1.421473,8.735891,-10.868214,4.6770787,6.5369735,3.329409,9.95619,-0.3759398,10.405384,-36.884373,61.645008,-1.5777789,16.310656,8.701211,-2.7273738,-9.545857,23.22067,68.431564,-21.897463,16.672705,-12.04491
1051,2.5191762447357178,-1.998343825340271,78.19821166992188,-0.7968046852331631,-5.113664751555361,124.84908832605203,9.200062,6.8913755,12.9142,9.270004,-12.27238,-4.9567437,6.2790785,-0.7312778,1.3833904,8.720495,-10.862381,4.663363,6.524945,3.342144,9.953837,-0.36673272,10.394724,-36.816826,61.655853,-1.6333135,16.241625,8.638145,-2.7352264,-9.549149,23.22492,68.439674,-21.878527,16.638334,-12.112916
1052,2.5275967121124268,-1.9964234828948975,78.1943359375,-0.8031287727145672,-5.109778629922379,124.86103712054687,9.192063,6.905713,12.900773,9.268512,-12.26963,-4.9725184,6.280633,-0.71857214,1.3528072,8.713314,-10.862709,4.651623,6.52123,3.3485057,9.950085,-0.36385512,10.3897295,-36.782528,61.66922,-1.687308,16.179373,8.591442,-2.7335176,-9.550989,23.221968,68.44039,-21.826452,16.603975,-12.166591
1053,2.5358505249023438,-1.9916709661483765,78.19188690185547,-0.8046194239426683,-5.108292847877396,124.87994145512161,9.183929,6.914425,12.885679,9.269977,-12.268262,-4.9818883,6.2859216,-0.71125704,1.3309982,8.705253,-10.8661995,4.6423626,6.5156274,3.347386,9.951017,-0.36846685,10.387084,-36.759235,61.68511,-1.7214371,16.124355,8.56153,-2.726732,-9.552208,23.214703,68.43233,-21.742699,16.563702,-12.198938
1054,2.546971082687378,-1.9862635135650635,78.19219207763672,-0.803777183158322,-5.107794490845569,124.90350680914399,9.174776,6.920346,12.869598,9.273071,-12.267337,-4.9878697,6.2915688,-0.706649,1.313008,8.698858,-10.872864,4.6347837,6.503172,3.340878,9.960883,-0.38669902,10.384333,-36.727283,61.70975,-1.7280763,16.070547,8.540347,-2.7166612,-9.554266,23.198248,68.41156,-21.634087,16.510826,-12.213368
1055,2.5531837940216064,-1.9781794548034668,78.1943359375,-0.8014950974647488,-5.107205532120161,124.92635882874545,9.166969,6.9247346,12.854483,9.27482,-12.265524,-4.9920626,6.294904,-0.7031353,1.3001627,8.69778,-10.88177,4.628301,6.489631,3.3345191,9.964008,-0.39796835,10.384458,-36.718147,61.73057,-1.7379302,16.02115,8.529265,-2.704733,-9.554745,23.184626,68.39387,-21.497892,16.465006,-12.220785
1056,2.5633041858673096,-1.9734522104263306,78.19700622558594,-0.8002847857744858,-5.105747463428142,124.94455883021537,9.158914,6.9315767,12.840491,9.279036,-12.264275,-4.9965587,6.298976,-0.6978889,1.2919103,8.69343,-10.885227,4.621968,6.4757953,3.3290675,9.968666,-0.4129964,10.385858,-36.71269,61.753006,-1.737523,15.9748745,8.511496,-2.6920404,-9.554778,23.160448,68.37068,-21.35747,16.44017,-12.227385
1057,2.5697507858276367,-1.964024305343628,78.20174407958984,-0.8008686748234247,-5.104934396542786,124.95564098486433,9.153285,6.942085,12.82825,9.287084,-12.265241,-5.0009027,6.301914,-0.6893304,1.2930641,8.693174,-10.884886,4.6154075,6.456935,3.3276606,9.972757,-0.42217708,10.387565,-36.713036,61.774475,-1.7326021,15.928273,8.493848,-2.6805763,-9.554224,23.13475,68.34183,-21.21177,16.451597,-12.226025
1058,2.5787200927734375,-1.9580132961273193,78.20254516601562,-0.8025366083503969,-5.104413943834558,124.96320434639152,9.14827,6.955205,12.816188,9.299355,-12.268187,-5.0044765,6.3057046,-0.6788311,1.3011727,8.692592,-10.880624,4.6089582,6.4746895,3.3256636,9.984034,-0.45490396,10.398815,-36.755135,61.80267,-1.7221757,15.882911,8.47536,-2.6486995,-9.549033,23.038433,68.28618,-21.08118,16.48415,-12.212325
1059,2.5838637351989746,-1.9497172832489014,78.20108795166016,-0.8034630819880889,-5.101593885025041,124.96819402100321,9.142396,6.967277,12.806424,9.309096,-12.268934,-5.0084147,6.3053827,-0.6690089,1.3092484,8.694765,-10.876955,4.603565,6.4524264,3.3265362,9.984516,-0.46120536,10.403654,-36.771656,61.81997,-1.7025435,15.846325,8.45122,-2.638225,-9.546219,23.001915,68.25829,-20.912733,16.521753,-12.210206
1060,2.5899932384490967,-1.9415669441223145,78.19844818115234,-0.8040748790682957,-5.093835640177428,124.97274740144611,9.131804,6.977406,12.799058,9.31486,-12.266153,-5.0143533,6.301996,-0.66071343,1.3088182,8.690029,-10.871295,4.5995827,6.477361,3.3223062,9.982634,-0.49294472,10.421255,-36.844475,61.83538,-1.6824826,15.829413,8.403574,-2.6088798,-9.536267,22.895563,68.22894,-20.7608,16.536556,-12.228334
1061,2.5966694355010986,-1.9349104166030884,78.1963882446289,-0.8031007080327882,-5.078148468135546,124.97684733595882,9.114867,6.983071,12.796213,9.311866,-12.255355,-5.0217648,6.291247,-0.65614736,1.2953985,8.680262,-10.864929,4.59963,6.470342,3.3183064,9.969167,-0.5118147,10.433243,-36.890892,61.83891,-1.6328783,15.838883,8.316745,-2.5982997,-9.530199,22.835821,68.23235,-20.590923,16.536436,-12.277946
1062,2.5999536514282227,-1.927283763885498,78.19804382324219,-0.8010344844184958,-5.05673345990673,124.97860050390452,9.091948,6.986714,12.797423,9.306544,-12.240752,-5.030351,6.274489,-0.65346014,1.2749021,8.666979,-10.856979,4.6024857,6.484243,3.3118842,9.94982,-0.54195595,10.451414,-36.968075,61.837135,-1.5727761,15.870289,8.202453,-2.5764418,-9.522109,22.74973,68.23762,-20.426308,16.527155,-12.34618
1063,2.6080081462860107,-1.9231237173080444,78.20028686523438,-0.7995770728243033,-5.034688581374334,124.98050248410959,9.069513,6.9901257,12.7984915,9.299013,-12.2265415,-5.040996,6.257786,-0.6503755,1.2526242,8.65286,-10.850363,4.603624,6.49576,3.3054407,9.929486,-0.5684647,10.473043,-37.047684,61.827778,-1.5158457,15.905069,8.08827,-2.5582004,-9.514139,22.6588,68.2533,-20.240341,16.496086,-12.427116
1064,2.6126086711883545,-1.9127044677734375,78.20072937011719,-0.7997363049976887,-5.017274434102958,124.9830519283727,9.053446,6.9957895,12.796451,9.290609,-12.216832,-5.054773,6.244627,-0.64450806,1.2353603,8.643223,-10.848191,4.5986443,6.4612036,3.3020408,9.911041,-0.5752884,10.478768,-37.069492,61.821556,-1.4664655,15.924067,8.002982,-2.561528,-9.512664,22.619356,68.28743,-19.996943,16.433924,-12.515737
1065,2.6213724613189697,-1.9069324731826782,78.20071411132812,-0.8025855723967608,-5.006192167573185,124.9870208227387,9.0465555,7.00502,12.789324,9.27985,-12.21433,-5.076011,6.2374477,-0.6338313,1.2248319,8.638833,-10.853561,4.5827723,6.482635,3.29973,9.904401,-0.60304314,10.501537,-37.15678,61.812206,-1.4579275,15.936367,7.9474216,-2.5450861,-9.508277,22.477041,68.31121,-19.72401,16.317694,-12.608243
1066,2.628084182739258,-1.9024204015731812,78.19815063476562,-0.8071782051119483,-4.9983858305501725,124.99159661655669,9.04473,7.016191,12.779324,9.267253,-12.216471,-5.1027613,6.231956,-0.6204237,1.2175611,8.640336,-10.865616,4.5596695,6.4754148,3.2984257,9.899173,-0.617503,10.517824,-37.21306,61.80161,-1.4567064,15.944655,7.9095626,-2.5385013,-9.506924,22.360884,68.34646,-19.393427,16.16639,-12.71306
1067,2.629685401916504,-1.8986854553222656,78.19756317138672,-0.812032101091737,-4.992572343406588,124.99582891385229,9.04458,7.0280285,12.769245,9.257292,-12.220597,-5.126887,6.228825,-0.6065493,1.212563,8.641537,-10.8767,4.536941,6.4827223,3.2971292,9.896853,-0.63445055,10.538339,-37.280144,61.787125,-1.4780974,15.935967,7.89518,-2.525693,-9.507851,22.224058,68.37575,-19.065674,15.997971,-12.81496
1068,2.6353132724761963,-1.8914885520935059,78.19618225097656,-0.8158134739700841,-4.987077496990232,124.9987253328065,9.041255,7.0389247,12.761628,9.255621,-12.224391,-5.140239,6.226079,-0.5949226,1.2089525,8.641435,-10.881974,4.522397,6.481802,3.2957373,9.892918,-0.64172035,10.55585,-37.32415,61.76847,-1.5184585,15.894381,7.9107895,-2.5178864,-9.510833,22.116196,68.40362,-18.76595,15.83623,-12.905527
1069,2.637605667114258,-1.882668375968933,78.19866943359375,-0.818223230469884,-4.98095944364478,124.99913646357746,9.032094,7.048937,12.758722,9.265958,-12.227575,-5.136572,6.2226167,-0.5860338,1.2079715,8.639701,-10.87836,4.520117,6.492408,3.2928677,9.888998,-0.64673173,10.575642,-37.366837,61.742065,-1.5978708,15.808841,7.9708166,-2.500604,-9.517061,22.017618,68.414085,-18.501997,15.685412,-12.988017
1070,2.6384222507476807,-1.8746531009674072,78.20037078857422,-0.8197530230716829,-4.975266685903631,124.99825482661439,9.022183,7.0579224,12.758194,9.279915,-12.2286415,-5.1213913,6.220141,-0.5791792,1.2090541,8.635699,-10.868288,4.5254498,6.468906,3.2869647,9.874799,-0.6365452,10.578773,-37.36561,61.7276,-1.7010754,15.687298,8.069716,-2.4993644,-9.518696,21.987951,68.441864,-18.230738,15.539776,-13.073526
1071,2.6426842212677,-1.8680555820465088,78.19924926757812,-0.8208559617397596,-4.971521151606487,124.99682275279889,9.010926,7.0672245,12.75825,9.301899,-12.2330265,-5.105002,6.219252,-0.57274765,1.2111255,8.632255,-10.857946,4.532299,6.4881635,3.2858732,9.875414,-0.6382544,10.595342,-37.387955,61.69575,-1.8077962,15.553024,8.175235,-2.4879591,-9.52925,21.892136,68.44879,-18.0208,15.383289,-13.133646
1072,2.645641803741455,-1.8647959232330322,78.19760131835938,-0.8208015339097267,-4.97135920833735,124.99471842503573,9.007925,7.0742946,12.758197,9.31427,-12.2342825,-5.097262,6.2216744,-0.5673522,1.21361,8.630938,-10.8533745,4.534986,6.486075,3.280612,9.868083,-0.6314412,10.605137,-37.38151,61.678246,-1.8982623,15.426727,8.269063,-2.4826605,-9.536824,21.845491,68.462074,-17.836107,15.230015,-13.170883
1073,2.649397850036621,-1.8562512397766113,78.19612121582031,-0.8180756352444477,-4.977691166098998,124.99082801059667,9.016645,7.077701,12.757585,9.316522,-12.231929,-5.101666,6.228978,-0.56420267,1.2168621,8.635341,-10.858891,4.531515,6.500409,3.2743163,9.876122,-0.6255657,10.619735,-37.358837,61.646137,-1.9539155,15.320908,8.354473,-2.4718394,-9.550223,21.777967,68.450745,-17.746908,15.079011,-13.141639
1074,2.6565818786621094,-1.848642349243164,78.19422912597656,-0.8139518177567396,-4.988401158638213,124.98571780447337,9.031711,7.0788603,12.75656,9.315892,-12.228837,-5.1125445,6.240092,-0.56254065,1.2205924,8.642364,-10.869907,4.525073,6.5118966,3.2651787,9.882817,-0.61542344,10.630357,-37.3197,61.620445,-1.9995819,15.2209635,8.447344,-2.463572,-9.561671,21.732733,68.438614,-17.708548,14.9331045,-13.073247
1075,2.659248113632202,-1.8418755531311035,78.19454193115234,-0.8101721872311309,-4.999701968958943,124.98071429539449,9.04882,7.0806894,12.757238,9.311731,-12.225497,-5.1265435,6.2515163,-0.560178,1.2255442,8.64908,-10.881061,4.517759,6.518793,3.2587793,9.894819,-0.6043928,10.644902,-37.25978,61.58906,-2.026394,15.113695,8.507331,-2.4574559,-9.578857,21.686863,68.42002,-17.679092,14.7739935,-13.0133295
1076,2.663443088531494,-1.8363399505615234,78.19437408447266,-0.8098735482157806,-5.007783328156115,124.97735221455399,9.061823,7.0869784,12.7612,9.308725,-12.225887,-5.140257,6.260454,-0.5539089,1.2323388,8.651699,-10.8868885,4.5115104,6.515735,3.2597725,9.907269,-0.58946234,10.665184,-37.193474,61.546154,-2.0419195,14.990461,8.505203,-2.4454367,-9.6026745,21.642963,68.39219,-17.60065,14.591127,-13.019291
1077,2.666654348373413,-1.8301215171813965,78.19354248046875,-0.814890488295037,-5.011412337246011,124.97655760604081,9.068667,7.1008806,12.772357,9.307485,-12.233139,-5.153907,6.2644577,-0.5413682,1.2438638,8.65056,-10.88599,4.506793,6.512504,3.2683032,9.90608,-0.5865754,10.679314,-37.13522,61.527626,-2.0290298,14.845803,8.426056,-2.4334073,-9.61844,21.601757,68.380264,-17.45519,14.385891,-13.114857
1078,2.6702840328216553,-1.8252131938934326,78.19246673583984,-0.8230026730047981,-5.013538365330967,124.97738404195685,9.075533,7.119077,12.788908,9.302288,-12.243062,-5.1688886,6.2667184,-0.52487445,1.2588458,8.646911,-10.880998,4.50263,6.5061746,3.2830985,9.90718,-0.5837347,10.69541,-37.06293,61.50327,-1.9787027,14.690362,8.286214,-2.4192905,-9.635482,21.555683,68.36218,-17.285408,14.165109,-13.263615
1079,2.6777184009552,-1.8227856159210205,78.19408416748047,-0.8314598792395002,-5.012790182342671,124.97801137384475,9.077646,7.1376305,12.803516,9.300507,-12.253248,-5.1837654,6.266356,-0.50809735,1.2720503,8.642295,-10.874837,4.4986076,6.497165,3.297563,9.893618,-0.59018517,10.7048235,-37.01409,61.502277,-1.9772624,14.51663,8.120913,-2.4042716,-9.644621,21.514832,68.36047,-17.075201,13.9145775,-13.453692
1080,2.6865272521972656,-1.8198354244232178,78.19466400146484,-0.8368517256101319,-5.009803147674379,124.97672871342371,9.076687,7.1518645,12.809439,9.299712,-12.256707,-5.1972113,6.2636995,-0.4952079,1.2780788,8.638995,-10.870256,4.49436,6.4820285,3.3096373,9.897939,-0.60052973,10.73421,-36.958935,61.474506,-2.051035,14.3247795,7.939302,-2.3804505,-9.669663,21.4329,68.33186,-16.864197,13.616648,-13.648057
1081,2.6918585300445557,-1.8157975673675537,78.19579315185547,-0.8377314394699714,-5.00259700091634,124.97173505376657,9.0708475,7.159613,12.800472,9.300027,-12.248512,-5.2101145,6.258351,-0.48759758,1.2721045,8.635284,-10.866594,4.4891515,6.4710445,3.3153143,9.886982,-0.62507147,10.766957,-36.966118,61.463387,-2.277444,14.112131,7.7574706,-2.3381884,-9.691304,21.333923,68.30408,-16.629606,13.274258,-13.890808
1082,2.69496488571167,-1.8129633665084839,78.1973876953125,-0.8360713946995688,-4.992112087852976,124.96444124186789,9.060518,7.163993,12.781759,9.302286,-12.233369,-5.2228665,6.2500215,-0.48290694,1.2582859,8.631806,-10.863183,4.4834704,6.4160776,3.3161511,9.851572,-0.6456752,10.774346,-36.965908,61.48695,-2.596402,13.88077,7.5679045,-2.319151,-9.695052,21.286837,68.32289,-16.351116,12.900385,-14.187229
1083,2.6958532333374023,-1.804612398147583,78.19905090332031,-0.8332093056843226,-4.980292959737126,124.95758833888463,9.048507,7.166303,12.763367,9.304984,-12.2184515,-5.232976,6.2399,-0.4800431,1.2440821,8.6298065,-10.861299,4.478438,6.476255,3.3158512,9.846891,-0.72116196,10.83737,-37.090977,61.4799,-2.985051,13.635734,7.3562737,-2.220928,-9.721475,21.050314,68.24907,-16.100506,12.467788,-14.442905
1084,2.6982970237731934,-1.7981973886489868,78.19830322265625,-0.8308967705842337,-4.968809402528844,124.95324820676784,9.036658,7.1688313,12.755559,9.307917,-12.211193,-5.237999,6.2300663,-0.4775712,1.237736,8.628358,-10.861198,4.4755144,6.4935246,3.313926,9.831583,-0.7550546,10.896901,-37.180695,61.453667,-3.3795383,13.380631,7.161081,-2.145199,-9.742564,20.883707,68.202,-15.7608385,12.000906,-14.619729
1085,2.6983630657196045,-1.7913390398025513,78.19857788085938,-0.8291724367063227,-4.956811943242746,124.95258176083037,9.026026,7.1711063,12.765219,9.307203,-12.213914,-5.235273,6.218838,-0.47544593,1.2442893,8.628032,-10.862928,4.475775,6.4931064,3.31218,9.813199,-0.7785945,10.946377,-37.248535,61.42981,-3.7936056,13.111083,6.994135,-2.0846922,-9.759032,20.73508,68.1738,-15.333605,11.485664,-14.697556
1086,2.7025949954986572,-1.7897778749465942,78.19413757324219,-0.8275183362865927,-4.943618375177904,124.95418292222601,9.012729,7.1733255,12.785197,9.308423,-12.2241335,-5.226885,6.206254,-0.47413003,1.2585186,8.627561,-10.865609,4.478259,6.5042043,3.3100543,9.797194,-0.7970358,11.010799,-37.33869,61.38665,-4.2532377,12.828817,6.840671,-2.0113246,-9.780512,20.562685,68.1319,-14.845678,10.923927,-14.702253
1087,2.703331708908081,-1.7838815450668335,78.19267272949219,-0.8254339422923066,-4.932490206832244,124.95691062523416,9.003075,7.1742034,12.806278,9.307494,-12.235183,-5.216996,6.196252,-0.4737134,1.2727568,8.627776,-10.870145,4.4812355,6.4889946,3.307321,9.775725,-0.8090882,11.049181,-37.3948,61.36403,-4.685237,12.534094,6.6723027,-1.9587805,-9.793989,20.42963,68.117935,-14.3133,10.334308,-14.653511
1088,2.706644058227539,-1.7787824869155884,78.19153594970703,-0.8228719251881199,-4.926494274111643,124.95985043863877,8.998578,7.1746273,12.818546,9.308314,-12.243716,-5.210062,6.193313,-0.47368884,1.27888,8.628076,-10.877314,4.4827805,6.4816704,3.3039951,9.757826,-0.81193054,11.085218,-37.452156,61.33276,-5.0482287,12.233985,6.4566236,-1.8978083,-9.807929,20.30212,68.095,-13.780713,9.730511,-14.556326
1089,2.709369659423828,-1.7725043296813965,78.19132232666016,-0.81793976639767,-4.928576444683354,124.96392716723086,9.0024,7.1723933,12.818874,9.311237,-12.248821,-5.206084,6.2018266,-0.4762449,1.2715499,8.627488,-10.88888,4.4839754,6.4538507,3.2967446,9.741621,-0.796576,11.103289,-37.468525,61.301613,-5.2898846,11.945611,6.1572475,-1.8473195,-9.815702,20.216337,68.08859,-13.179115,9.079852,-14.415028
1090,2.7091760635375977,-1.7669270038604736,78.1919937133789,-0.8114225994378176,-4.936495708537147,124.96901265742399,9.013517,7.1678905,12.813125,9.313055,-12.251232,-5.203118,6.2179637,-0.48087043,1.2565609,8.6275,-10.904557,4.4852924,6.455876,3.288387,9.740508,-0.7724175,11.140282,-37.504715,61.23351,-5.4637203,11.665308,5.797143,-1.7659357,-9.83489,20.094883,68.043106,-12.537699,8.385307,-14.210407
1091,2.7090890407562256,-1.7604646682739258,78.1927719116211,-0.806489549286664,-4.945173821893873,124.97378153999944,9.024406,7.1654096,12.803191,9.317707,-12.254275,-5.2025394,6.2343225,-0.4833285,1.2409925,8.628881,-10.919669,4.4841247,6.426066,3.280256,9.727908,-0.7334196,11.15699,-37.511906,61.185944,-5.6237054,11.348818,5.4464226,-1.7178382,-9.84447,20.03889,68.03543,-11.94195,7.724345,-13.963116
1092,2.7112650871276855,-1.7537567615509033,78.1930923461914,-0.8065814083109262,-4.9504796131142745,124.97556499431582,9.0322895,7.1690326,12.792929,9.321811,-12.257413,-5.205863,6.24549,-0.47953212,1.2334721,8.630176,-10.928339,4.4777803,6.3945665,3.277795,9.710682,-0.69224745,11.165497,-37.531742,61.149845,-5.8384624,10.9662895,5.1700497,-1.6785357,-9.849765,20.011715,68.021645,-11.5340185,7.1739316,-13.679047
1093,2.713387966156006,-1.7454097270965576,78.19277954101562,-0.8149787895831723,-4.948834847044857,124.9731830108262,9.031361,7.1833205,12.778747,9.328647,-12.261464,-5.2164826,6.2442565,-0.46505085,1.2374235,8.636251,-10.928217,4.461814,6.3827767,3.2872796,9.680716,-0.64643073,11.178891,-37.619278,61.119392,-6.1643515,10.469352,4.9872212,-1.6365671,-9.858564,20.000206,67.99485,-11.367506,6.7439857,-13.355057
1094,2.7132680416107178,-1.737358570098877,78.19068908691406,-0.8289961720378299,-4.943488227978036,124.96829372456858,9.024494,7.204904,12.759995,9.339518,-12.26684,-5.2326097,6.236579,-0.44340444,1.2478943,8.64381,-10.921631,4.438933,6.3955755,3.3041239,9.639212,-0.5959168,11.201099,-37.77762,61.08999,-6.568301,9.88992,4.8637486,-1.5781578,-9.873068,19.999748,67.94611,-11.363893,6.397264,-12.993216
1095,2.7115848064422607,-1.7314033508300781,78.18903350830078,-0.8434506167216914,-4.939334891983493,124.96309953901682,9.021287,7.226018,12.744502,9.346791,-12.271649,-5.2478304,6.230348,-0.42186922,1.2600974,8.651286,-10.915334,4.417177,6.376667,3.319244,9.60771,-0.5426323,11.20787,-37.861076,61.07009,-6.9334354,9.305375,4.764786,-1.5675737,-9.877138,20.032328,67.926155,-11.469013,6.123885,-12.599286
1096,2.7066123485565186,-1.727655291557312,78.1878890991211,-0.8527190097013901,-4.937508907641026,124.95892361566506,9.022162,7.2399487,12.740225,9.354258,-12.279847,-5.2559137,6.229198,-0.40776214,1.2703679,8.656597,-10.915572,4.404548,6.389066,3.3311052,9.562966,-0.48977578,11.219349,-37.97721,61.04513,-7.2907324,8.796586,4.69539,-1.5306772,-9.884142,20.070328,67.888794,-11.575654,5.919069,-12.185611
1097,2.7026004791259766,-1.7189055681228638,78.18692779541016,-0.8547484273568264,-4.938184444213651,124.9575689675222,9.030094,7.243033,12.754649,9.355061,-12.289524,-5.253064,6.235017,-0.4043415,1.2783871,8.655935,-10.923497,4.4048543,6.3987,3.3343983,9.539284,-0.448399,11.222545,-38.003063,61.012203,-7.5686636,8.3671,4.630225,-1.5174671,-9.886138,20.091301,67.848076,-11.72541,5.792124,-11.752212
1098,2.700953245162964,-1.7097363471984863,78.18772888183594,-0.8527974805905543,-4.938933293729265,124.95763695019629,9.04088,7.239712,12.7814,9.3520355,-12.300405,-5.243286,6.2430735,-0.40731576,1.2859484,8.65266,-10.936707,4.413241,6.4134464,3.334481,9.50956,-0.3976122,11.22586,-38.01241,60.970287,-7.8320827,7.97827,4.5932035,-1.5071881,-9.88889,20.128347,67.80621,-11.920854,5.7424526,-11.29901
1099,2.695596694946289,-1.7061687707901,78.18418884277344,-0.8489540660299023,-4.946596896343931,124.95711003785672,9.060161,7.2340417,12.808678,9.350156,-12.313181,-5.2321095,6.260284,-0.41273904,1.2917526,8.648732,-10.952392,4.424874,6.431727,3.3326874,9.491382,-0.35731956,11.226935,-37.998035,60.931023,-8.035226,7.6514406,4.5782623,-1.5041698,-9.89029,20.170034,67.76245,-12.163624,5.7419267,-10.803471
1100,2.690061569213867,-1.7039105892181396,78.18333435058594,-0.8447321798898901,-4.967127478131777,124.95369499077648,9.093957,7.2289786,12.824863,9.350306,-12.325361,-5.2249293,6.291382,-0.41771492,1.294581,8.648522,-10.969164,4.434945,6.453828,3.329872,9.484734,-0.33140203,11.22694,-37.980793,60.904102,-8.155124,7.406202,4.588686,-1.5060917,-9.89102,20.22292,67.72604,-12.438035,5.762849,-10.246853
1101,2.682483673095703,-1.6979899406433105,78.18354797363281,-0.8388140064004883,-5.005797966848691,124.94598460231789,9.14676,7.223706,12.82284,9.35633,-12.337673,-5.2233634,6.343847,-0.42317957,1.2916721,8.652266,-10.98821,4.4451056,6.4399257,3.3244255,9.4906845,-0.29173824,11.226622,-37.915394,60.872936,-8.163036,7.257902,4.633458,-1.5297916,-9.892416,20.353302,67.71006,-12.721249,5.8075485,-9.623714
1102,2.672883987426758,-1.687538981437683,78.18103790283203,-0.8310063429377947,-5.058304814273526,124.93502632429265,9.2167425,7.2166324,12.810761,9.362857,-12.348981,-5.2244463,6.4129453,-0.43032512,1.2845218,8.657451,-11.008837,4.4569736,6.461464,3.316688,9.511187,-0.28193375,11.226029,-37.8704,60.85764,-8.091952,7.1933975,4.71031,-1.5423592,-9.892617,20.453903,67.68483,-13.058661,5.882412,-8.937921
1103,2.6656830310821533,-1.673466682434082,78.17807006835938,-0.8246876375148164,-5.1154159916956266,124.92371852062023,9.289844,7.212414,12.797468,9.3736515,-12.363116,-5.226846,6.485752,-0.43519846,1.2781622,8.665734,-11.030283,4.465477,6.473028,3.3103817,9.534002,-0.27740872,11.225543,-37.819225,60.85167,-7.9730525,7.186539,4.803661,-1.562323,-9.892526,20.580595,67.66869,-13.419511,5.979718,-8.207291
1104,2.6680848598480225,-1.6666127443313599,78.17398834228516,-0.8229487966706572,-5.168162063613072,124.91532478037621,9.357194,7.2141395,12.792291,9.384581,-12.380185,-5.2290196,6.5508747,-0.43408036,1.2775936,8.676328,-11.050016,4.465678,6.4636736,3.3084714,9.549829,-0.27522254,11.226362,-37.770393,60.858696,-7.843395,7.2115602,4.898387,-1.5965407,-9.893062,20.738512,67.67161,-13.791521,6.089701,-7.446623
1105,2.6678638458251953,-1.6630533933639526,78.16798400878906,-0.8295373482584485,-5.213806575012652,124.90965324784575,9.413337,7.2270637,12.799351,9.4000435,-12.40333,-5.230407,6.6040206,-0.42200622,1.2864155,8.689575,-11.065147,4.4511013,6.480694,3.3167095,9.558173,-0.3081,11.228187,-37.7781,60.897648,-7.709341,7.277311,4.9951835,-1.6199454,-9.893868,20.860369,67.6735,-14.221746,6.207248,-6.628562
1106,2.661745548248291,-1.6561156511306763,78.16203308105469,-0.8422143468738633,-5.256585897229793,124.90542373759543,9.465191,7.2473936,12.813426,9.417739,-12.430264,-5.2317877,6.649703,-0.40250587,1.3014193,8.709614,-11.079828,4.4261966,6.47194,3.3294587,9.557027,-0.33602273,11.233553,-37.784306,60.945454,-7.5517316,7.391924,5.102601,-1.6550264,-9.89728,21.03752,67.69228,-14.669881,6.33995,-5.7617326
1107,2.6549465656280518,-1.646490216255188,78.15653991699219,-0.8543060880132523,-5.300676094258985,124.90340868542832,9.5178385,7.267598,12.829059,9.434878,-12.458149,-5.2340784,6.6967316,-0.3834089,1.3166192,8.7284355,-11.095103,4.4020247,6.4947906,3.3457298,9.567779,-0.3999039,11.236784,-37.822067,61.013515,-7.3750024,7.5315185,5.206372,-1.6802708,-9.898722,21.143824,67.701385,-15.150718,6.4807854,-4.879475
1108,2.653988838195801,-1.6300270557403564,78.15476989746094,-0.8619332166414029,-5.346127566231162,124.904448702494,9.576054,7.2792788,12.841597,9.444243,-12.481746,-5.2381406,6.751105,-0.37306425,1.3263896,8.740561,-11.113468,4.3897014,6.4731236,3.3566742,9.563062,-0.4268348,11.247202,-37.868423,61.069176,-7.235902,7.668497,5.3167887,-1.7072799,-9.903194,21.34409,67.72495,-15.5253935,6.6424837,-4.0499735
1109,2.648754119873047,-1.6202609539031982,78.15316009521484,-0.8621506484634729,-5.3958861147437895,124.90924030022784,9.642624,7.2803025,12.852062,9.445221,-12.501857,-5.2458243,6.8158245,-0.3744623,1.3305387,8.744732,-11.136834,4.395046,6.455934,3.363194,9.574888,-0.46388635,11.261401,-37.923367,61.124317,-7.0908747,7.809538,5.4241853,-1.7312096,-9.906149,21.519222,67.73972,-15.8919525,6.827686,-3.2447605
1110,2.6413466930389404,-1.6149526834487915,78.15152740478516,-0.8583010786247843,-5.448098588440188,124.91758981460812,9.71511,7.2745047,12.862094,9.439168,-12.519626,-5.2560377,6.8879437,-0.38293317,1.3314164,8.742614,-11.1633835,4.4111414,6.4516325,3.3691847,9.597658,-0.5216721,11.270698,-37.999043,61.193893,-6.937034,7.9641786,5.532309,-1.7524581,-9.906435,21.660456,67.75211,-16.26479,7.0329423,-2.44772
1111,2.6323935985565186,-1.6088333129882812,78.15013885498047,-0.8519229456226864,-5.5014911660457875,124.92713132421902,9.789177,7.265031,12.868224,9.43126,-12.53496,-5.2656446,6.9621615,-0.39516088,1.3280983,8.740275,-11.191591,4.430236,6.4309845,3.3721035,9.609497,-0.56512606,11.285401,-38.091743,61.261234,-6.812558,8.11331,5.6332803,-1.768566,-9.905301,21.824724,67.773224,-16.54052,7.2457213,-1.7045572
1112,2.625784397125244,-1.5991230010986328,78.1488265991211,-0.8451359194555587,-5.555208332531324,124.93629453649395,9.860374,7.254925,12.866308,9.429271,-12.5498,-5.271493,7.036261,-0.4075125,1.3184932,8.740774,-11.219541,4.4442616,6.4040003,3.375493,9.622978,-0.60487354,11.305374,-38.179443,61.31853,-6.708858,8.240086,5.703844,-1.7824535,-9.901364,21.944298,67.7977,-16.691135,7.446802,-1.0440601
1113,2.618582010269165,-1.5886448621749878,78.14716339111328,-0.8370884577411406,-5.609072041430149,124.94384611843668,9.92908,7.242047,12.851662,9.43246,-12.560407,-5.272626,7.109471,-0.42171055,1.2985767,8.74807,-11.24963,4.4516125,6.3726454,3.3781521,9.629734,-0.63319206,11.331466,-38.282665,61.362667,-6.653235,8.34059,5.74445,-1.7912431,-9.893555,22.025282,67.83273,-16.651731,7.6444488,-0.45652685
1114,2.611656665802002,-1.5814570188522339,78.1427001953125,-0.8271535141728857,-5.664655132931207,124.95080936396775,9.996158,7.226526,12.827821,9.441231,-12.569131,-5.2708817,7.184778,-0.43828768,1.2705995,8.757033,-11.280572,4.456278,6.336495,3.3829136,9.640854,-0.67098516,11.350927,-38.38159,61.414368,-6.613275,8.422617,5.7560067,-1.8019629,-9.885844,22.061522,67.87461,-16.485924,7.845025,0.07521299
1115,2.6020357608795166,-1.5733407735824585,78.1391830444336,-0.8179749387198794,-5.71905097056211,124.95934675337669,10.061124,7.211963,12.802235,9.4510565,-12.578751,-5.2668753,7.258602,-0.45368856,1.2421929,8.767079,-11.310165,4.459172,6.325878,3.3817575,9.644724,-0.70066696,11.397546,-38.53028,61.4413,-6.6083174,8.493362,5.755498,-1.7893275,-9.864225,22.037455,67.90936,-16.26221,8.0369005,0.4998894
1116,2.5934393405914307,-1.5674806833267212,78.13481903076172,-0.8128978888299287,-5.7708357960643815,124.97202990727105,10.122872,7.202687,12.782218,9.461175,-12.593197,-5.26115,7.3287816,-0.4643428,1.2207422,8.7769785,-11.335803,4.4612923,6.2968507,3.3873804,9.651959,-0.722243,11.432797,-38.63347,61.459473,-6.573666,8.553474,5.7407584,-1.7811491,-9.846561,21.977247,67.9447,-16.070206,8.203159,0.781888
1117,2.5878653526306152,-1.5616631507873535,78.13065338134766,-0.8142583756534738,-5.815784936249274,124.99159367749618,10.174253,7.201893,12.769811,9.476673,-12.617199,-5.25049,7.3897257,-0.46739265,1.2101959,8.788057,-11.353694,4.4619994,6.265535,3.4004202,9.653393,-0.73431593,11.468229,-38.72656,61.460613,-6.5181146,8.602852,5.71239,-1.7603161,-9.828029,21.854197,67.974594,-15.907,8.338711,0.87811464
1118,2.579824209213257,-1.5518893003463745,78.12659454345703,-0.8200082338287885,-5.856165202112895,125.01622110152763,10.218185,7.2067757,12.761017,9.496104,-12.647178,-5.235773,7.4454803,-0.46544248,1.2059002,8.798412,-11.365351,4.4610744,6.250836,3.415809,9.651983,-0.74474865,11.513753,-38.8347,61.44449,-6.4584284,8.640995,5.668076,-1.7206857,-9.803797,21.64996,67.99465,-15.743374,8.449935,0.8220726
1119,2.5677497386932373,-1.5410228967666626,78.1225814819336,-0.8259369067105804,-5.89908373919643,125.04086931137061,10.266066,7.2121964,12.754114,9.513275,-12.67792,-5.2235327,7.503856,-0.4631403,1.2026622,8.807785,-11.378178,4.460104,6.2262044,3.433243,9.6546335,-0.74541795,11.553562,-38.918278,61.417625,-6.398624,8.671141,5.618245,-1.6820436,-9.782689,21.432941,68.01161,-15.59204,8.543723,0.6794427
1120,2.559778928756714,-1.531273365020752,78.1195068359375,-0.8296072698239314,-5.950395141244002,125.06131443086848,10.328156,7.2140217,12.746881,9.523675,-12.705073,-5.22051,7.572627,-0.46459845,1.19525,8.817606,-11.40088,4.4605412,6.191278,3.4503245,9.668622,-0.73421514,11.58308,-38.9685,61.38076,-6.3506827,8.69847,5.573916,-1.650832,-9.766321,21.23918,68.0224,-15.474329,8.625601,0.5172666
1121,2.554868221282959,-1.521260380744934,78.11539459228516,-0.8270374272134413,-6.01594387424686,125.07512217756054,10.413661,7.208729,12.740101,9.519902,-12.726465,-5.2315826,7.6577883,-0.4730394,1.1815577,8.825774,-11.438978,4.4630847,6.1832337,3.4613464,9.703493,-0.7294545,11.613005,-39.021988,61.331223,-6.328311,8.728879,5.5368996,-1.6075507,-9.749949,21.005337,68.007385,-15.418653,8.694194,0.3257778
1122,2.546314239501953,-1.5098884105682373,78.11170196533203,-0.821330784695069,-6.090538164579182,125.08547739122656,10.514093,7.199651,12.7339325,9.507951,-12.7453985,-5.252151,7.7545824,-0.48557237,1.1641954,8.831319,-11.486613,4.4667125,6.1760473,3.470424,9.750994,-0.7147845,11.641376,-39.056286,61.263172,-6.318584,8.75782,5.501966,-1.5642823,-9.734154,20.756752,67.982635,-15.397313,8.747687,0.0777811
1123,2.5375945568084717,-1.5028036832809448,78.10665130615234,-0.8155436772429989,-6.167431499204194,125.09399631973193,10.617623,7.190875,12.727955,9.495826,-12.76264,-5.2745857,7.8529496,-0.49763224,1.1469333,8.838345,-11.534069,4.47092,6.1679583,3.4789412,9.80165,-0.6942434,11.665821,-39.076214,61.191578,-6.3190355,8.778352,5.468349,-1.5234667,-9.720624,20.527067,67.95271,-15.403085,8.788949,-0.1814155
1124,2.5293891429901123,-1.4963786602020264,78.10399627685547,-0.8125685507464028,-6.240137359335888,125.10290952551142,10.711037,7.1868696,12.720979,9.492037,-12.778426,-5.2913723,7.945697,-0.5047298,1.1328123,8.845238,-11.56964,4.474932,6.130988,3.4903495,9.838832,-0.65510386,11.675815,-39.06417,61.131023,-6.3254623,8.7819195,5.4387655,-1.4974047,-9.714942,20.397017,67.93333,-15.404647,8.822593,-0.4105983
1125,2.523097515106201,-1.4883373975753784,78.10155487060547,-0.8158023343584478,-6.30862137136937,125.1122535574904,10.793704,7.190991,12.712317,9.500253,-12.792259,-5.3018804,8.032438,-0.5032134,1.1239144,8.854168,-11.587582,4.4767714,6.1279416,3.5040224,9.878177,-0.6311876,11.687221,-39.06456,61.079166,-6.333898,8.764136,5.403286,-1.4631895,-9.708859,20.261572,67.897484,-15.473599,8.838991,-0.5994048
1126,2.518132448196411,-1.48159921169281,78.0964126586914,-0.8213538279496859,-6.3760242724532485,125.12148465023903,10.870921,7.1999264,12.701924,9.515203,-12.803747,-5.3096256,8.116362,-0.49649054,1.11747,8.8643875,-11.594876,4.4773746,6.132691,3.517549,9.912968,-0.6017247,11.700658,-39.066803,61.02801,-6.3568745,8.729154,5.369418,-1.4286352,-9.702558,20.157202,67.85786,-15.576114,8.841922,-0.7754887
1127,2.514832019805908,-1.4729732275009155,78.0908432006836,-0.8270981609325049,-6.4381617460810565,125.129754263371,10.9409075,7.208223,12.69312,9.532988,-12.815497,-5.313283,8.193075,-0.4904642,1.1127199,8.877092,-11.6012335,4.4806213,6.1185327,3.5282216,9.936975,-0.567097,11.702458,-39.05771,60.99211,-6.397981,8.688324,5.3426347,-1.4106228,-9.701643,20.135973,67.83116,-15.651227,8.841244,-0.92524415
1128,2.5113296508789062,-1.4636460542678833,78.08391571044922,-0.8284019879163513,-6.497817383670626,125.13625084190069,11.01078,7.2103996,12.688874,9.544052,-12.828258,-5.3120356,8.270699,-0.4906505,1.1082805,8.878343,-11.608567,4.4902177,6.118657,3.5328164,9.965021,-0.5299463,11.707889,-39.03947,60.946552,-6.421559,8.659804,5.315155,-1.3849784,-9.700341,20.099016,67.79013,-15.733226,8.841425,-1.0231994
1129,2.506755828857422,-1.4572783708572388,78.07777404785156,-0.8217110600334245,-6.549709129809168,125.14036677941662,11.074165,7.2010884,12.691949,9.549179,-12.844176,-5.300106,8.338572,-0.50246936,1.1057322,8.879309,-11.627265,4.511755,6.1270576,3.5232444,9.991539,-0.5086307,11.71045,-39.038532,60.914497,-6.445434,8.652587,5.3031263,-1.3741121,-9.700527,20.100086,67.75309,-15.775199,8.848862,-1.0598512
1130,2.501612663269043,-1.4542156457901,78.07473754882812,-0.8105170170915212,-6.596462585960995,125.14279014123896,11.132286,7.1848226,12.69969,9.552698,-12.862522,-5.279977,8.40173,-0.52155775,1.1050458,8.876593,-11.649902,4.541761,6.1454806,3.5047157,10.016671,-0.4915774,11.711859,-39.045895,60.88601,-6.4663057,8.65762,5.3014755,-1.3654284,-9.701597,20.124447,67.7103,-15.80497,8.858499,-1.0469667
1131,2.494481325149536,-1.4506853818893433,78.0720443725586,-0.798477035893307,-6.640164475812437,125.14377765766304,11.188468,7.168572,12.708509,9.551262,-12.878779,-5.261982,8.460688,-0.5403944,1.1030494,8.872144,-11.671659,4.5703015,6.159376,3.4844668,10.032063,-0.4655095,11.713875,-39.050945,60.859665,-6.515957,8.655653,5.295244,-1.3523656,-9.706083,20.190342,67.66704,-15.803665,8.86299,-1.0085368
1132,2.489556074142456,-1.4469072818756104,78.072509765625,-0.7924304578078369,-6.681515129815843,125.14404145276445,11.240705,7.160723,12.713683,9.552349,-12.893122,-5.2565856,8.515325,-0.55082655,1.0966154,8.869622,-11.688656,4.587486,6.1768303,3.4730933,10.045481,-0.44111538,11.714208,-39.03601,60.83867,-6.602093,8.628612,5.2578874,-1.3417399,-9.710563,20.243258,67.63515,-15.797426,8.84661,-0.9565594
1133,2.48785662651062,-1.4437260627746582,78.07232666015625,-0.7942620399774699,-6.723157610116509,125.14404199367716,11.29622,7.1634464,12.7127285,9.548693,-12.901576,-5.27081,8.567261,-0.5499295,1.0817707,8.872254,-11.700677,4.587178,6.184129,3.4731305,10.055471,-0.40454385,11.713179,-38.98755,60.816105,-6.740285,8.589997,5.191616,-1.3326231,-9.716796,20.307182,67.61565,-15.766837,8.805945,-0.8897912
1134,2.4851014614105225,-1.441625952720642,78.07218170166016,-0.8005060342700359,-6.763965459308701,125.14268633784151,11.351851,7.1726623,12.708704,9.54207,-12.906032,-5.2978625,8.617171,-0.54214174,1.0618478,8.875457,-11.708525,4.5758023,6.1855936,3.4797053,10.06528,-0.36288327,11.710199,-38.90875,60.794308,-6.911881,8.543874,5.102651,-1.3294345,-9.72457,20.381462,67.60642,-15.720564,8.746287,-0.79886717
1135,2.4829261302948,-1.436307430267334,78.071533203125,-0.8084530313574606,-6.799469846971378,125.14016656868394,11.401313,7.184693,12.705556,9.53576,-12.909719,-5.326627,8.659939,-0.5315435,1.0427978,8.878536,-11.713561,4.562481,6.181153,3.4889512,10.07025,-0.31875157,11.70493,-38.804577,60.777534,-7.0956407,8.457013,4.985517,-1.3278242,-9.734554,20.46377,67.602,-15.671661,8.677788,-0.7008681
1136,2.480823040008545,-1.4343993663787842,78.06922149658203,-0.8151232369330323,-6.825649306067873,125.13836813049456,11.437115,7.1949806,12.705105,9.532929,-12.914792,-5.3459077,8.693348,-0.5229879,1.0291892,8.877727,-11.716134,4.5564947,6.1586328,3.4988286,10.068041,-0.26424602,11.697369,-38.66881,60.75955,-7.2635508,8.296168,4.8340297,-1.3351226,-9.748616,20.559217,67.60579,-15.630887,8.61033,-0.61149013
1137,2.480740785598755,-1.4286115169525146,78.06806945800781,-0.8211909785170088,-6.835472798470623,125.13427689166694,11.452966,7.2040024,12.711812,9.533522,-12.921883,-5.352129,8.708928,-0.51627445,1.0253413,8.872181,-11.713869,4.5604167,6.205811,3.5055559,10.042763,-0.24646245,11.695975,-38.623676,60.77553,-7.452627,8.048782,4.6580706,-1.3071833,-9.751296,20.573185,67.59866,-15.624519,8.539303,-0.53221804
1138,2.4794609546661377,-1.4233378171920776,78.06780242919922,-0.827482479325307,-6.834102922902665,125.1292383586883,11.454502,7.2134333,12.72213,9.535308,-12.928751,-5.3513503,8.713632,-0.50937945,1.0266464,8.860589,-11.706408,4.5692616,6.1968923,3.5109327,10.015281,-0.20091426,11.694366,-38.480026,60.782074,-7.602013,7.7313757,4.4394073,-1.3011156,-9.761517,20.641684,67.59932,-15.621758,8.4653845,-0.45234355
1139,2.477247714996338,-1.4183940887451172,78.06663513183594,-0.832461794924006,-6.831499489677124,125.12540540641548,11.452767,7.221496,12.732082,9.539965,-12.936698,-5.3474474,8.7163515,-0.50394046,1.030083,8.849623,-11.699557,4.5809255,6.209087,3.5156555,9.984603,-0.16202937,11.6964655,-38.35602,60.78713,-7.775516,7.3652635,4.192394,-1.2845052,-9.769765,20.681551,67.59851,-15.628379,8.392261,-0.38107526
1140,2.4755666255950928,-1.4188300371170044,78.06144714355469,-0.8348412640802148,-6.838361872246297,125.12589080264232,11.460903,7.225691,12.736868,9.544556,-12.944124,-5.344191,8.729682,-0.50188893,1.0320135,8.842051,-11.698034,4.593211,6.2535987,3.5181067,9.958028,-0.13473593,11.698204,-38.262432,60.788094,-7.986942,6.967688,3.917022,-1.2454169,-9.772512,20.677237,67.587654,-15.643779,8.326937,-0.3248764
1141,2.4771666526794434,-1.4194139242172241,78.05623626708984,-0.8324801072803729,-6.861859877631677,125.13353838088064,11.486617,7.2236743,12.733557,9.54864,-12.951006,-5.34051,8.763411,-0.5052624,1.0327692,8.8355055,-11.7027445,4.608496,6.250215,3.516114,9.968799,-0.07511359,11.705519,-38.04416,60.738716,-8.147818,6.510805,3.5674613,-1.2311275,-9.778222,20.68283,67.57637,-15.681714,8.270208,-0.27893543
1142,2.4808199405670166,-1.4175136089324951,78.05274963378906,-0.8265936627032622,-6.893992902407636,125.14573473626815,11.520114,7.2174325,12.725368,9.554133,-12.958112,-5.335129,8.806057,-0.5125902,1.0341985,8.83281,-11.712847,4.6270127,6.2869534,3.511956,9.973523,-0.028412964,11.7101555,-37.87672,60.699753,-8.346598,5.9938326,3.1788528,-1.1835287,-9.780093,20.648989,67.55364,-15.721954,8.220147,-0.2510395
1143,2.478424310684204,-1.4162083864212036,78.05303955078125,-0.8212366271650554,-6.9269767708143135,125.15873072985269,11.555102,7.210843,12.716185,9.558883,-12.964123,-5.3313484,8.851108,-0.52009827,1.0331894,8.828643,-11.722773,4.643102,6.2723145,3.5050607,10.003584,0.043162327,11.7233715,-37.60515,60.610268,-8.545367,5.4867554,2.772313,-1.1763049,-9.783439,20.638273,67.54421,-15.77449,8.174904,-0.22535434
1144,2.4807727336883545,-1.413411259651184,78.05546569824219,-0.8176409776834832,-6.9523507475191435,125.1678197223091,11.582957,7.2073407,12.7101755,9.560187,-12.9671,-5.3323636,8.883286,-0.5244874,1.0273943,8.829255,-11.732078,4.6514535,6.274552,3.499922,10.015756,0.10263427,11.736163,-37.39446,60.51288,-8.862902,5.0540175,2.4203582,-1.1571422,-9.785925,20.629154,67.53501,-15.8051405,8.138269,-0.2085212
1145,2.4779725074768066,-1.4112411737442017,78.05701446533203,-0.8179550547040955,-6.968385834279161,125.17215943524697,11.60213,7.2092705,12.708542,9.558422,-12.966893,-5.3413706,8.903458,-0.52408177,1.0125911,8.830407,-11.738716,4.6483035,6.284937,3.5000503,10.014888,0.14949183,11.745347,-37.22465,60.400417,-9.370526,4.6967344,2.1221108,-1.1365258,-9.788523,20.619291,67.530106,-15.817389,8.110366,-0.20052738
1146,2.4782516956329346,-1.4087976217269897,78.05902862548828,-0.8203581506371669,-6.979312623753108,125.17367471818687,11.617229,7.2139335,12.709233,9.554237,-12.964617,-5.355833,8.916634,-0.52103895,0.99152285,8.832093,-11.743785,4.6373744,6.2954483,3.5023875,10.008241,0.18960708,11.752567,-37.069664,60.272614,-10.012112,4.3859653,1.8515775,-1.1180661,-9.792205,20.610765,67.5296,-15.818846,8.090516,-0.20218992
1147,2.480454921722412,-1.4064891338348389,78.05577087402344,-0.8228304603600689,-6.986322086450335,125.17383841613264,11.6283,7.2191834,12.71061,9.547171,-12.9595585,-5.3705983,8.923144,-0.5170845,0.97082615,8.836014,-11.748346,4.6240854,6.2835217,3.504052,10.006847,0.23587179,11.761383,-36.889256,60.11917,-10.607963,4.144012,1.6101332,-1.1165179,-9.798798,20.62318,67.534424,-15.815863,8.076023,-0.20250466
1148,2.4844326972961426,-1.404874563217163,78.05311584472656,-0.824896466279515,-6.989294919995064,125.17381772489951,11.63157,7.2246118,12.710035,9.545811,-12.956896,-5.3807335,8.925429,-0.5129696,0.9571214,8.837316,-11.74935,4.6138163,6.270969,3.5032623,10.003881,0.27392682,11.770371,-36.72265,59.964043,-11.017867,3.9900486,1.4149821,-1.1141884,-9.808031,20.644625,67.535934,-15.810815,8.065303,-0.19708641
1149,2.487656354904175,-1.4049417972564697,78.0509033203125,-0.8260067264478572,-6.9845947698221,125.17395990004701,11.624267,7.228016,12.706648,9.545841,-12.953793,-5.383063,8.91721,-0.51003313,0.95172334,8.840973,-11.749189,4.6067367,6.2887435,3.498611,9.992477,0.2799896,11.772993,-36.61063,59.823097,-11.216986,3.9456127,1.2767005,-1.0949254,-9.8136635,20.640747,67.52664,-15.813327,8.060625,-0.1838884
1150,2.4907565116882324,-1.40500807762146,78.05052185058594,-0.8262379927760027,-6.9740521184092295,125.17355853512281,11.608004,7.231089,12.701806,9.548772,-12.951606,-5.380868,8.900602,-0.5068971,0.9515715,8.8445,-11.746559,4.6003785,6.305695,3.4914548,9.980109,0.27392203,11.772603,-36.50334,59.67596,-11.268777,3.9936464,1.1841224,-1.0796837,-9.819559,20.638628,67.517426,-15.818531,8.061559,-0.16531709
1151,2.4955711364746094,-1.402742862701416,78.05147552490234,-0.8256866745422804,-6.964443306492954,125.17241785888123,11.591947,7.2346625,12.696992,9.551856,-12.948824,-5.3786244,8.885588,-0.5030894,0.95547265,8.845298,-11.741237,4.5962915,6.3341336,3.4837437,9.964814,0.2543246,11.770488,-36.437393,59.54189,-11.210848,4.091894,1.1369218,-1.0593529,-9.822705,20.633924,67.508934,-15.818494,8.063095,-0.14708929
1152,2.502030611038208,-1.404899001121521,78.05335235595703,-0.8261519227982181,-6.9613726621138206,125.16894369706992,11.586302,7.239724,12.695682,9.5532875,-12.945395,-5.380825,8.87893,-0.49750343,0.964723,8.845025,-11.735143,4.595986,6.3505826,3.476267,9.96272,0.22828354,11.765377,-36.358303,59.428074,-11.037806,4.200246,1.11849,-1.0459402,-9.827514,20.636566,67.500854,-15.821691,8.057853,-0.12806138
1153,2.507004976272583,-1.4068549871444702,78.05569458007812,-0.8269042444569203,-6.968894523479393,125.16304412667104,11.596665,7.246364,12.69687,9.55143,-12.939876,-5.3905745,8.886305,-0.49008724,0.98202044,8.841761,-11.727301,4.603297,6.3558793,3.471655,9.971803,0.19857806,11.755753,-36.292362,59.339138,-10.724537,4.317077,1.1495887,-1.0404915,-9.833774,20.656244,67.49978,-15.817617,8.045373,-0.11045537
1154,2.513469696044922,-1.4041188955307007,78.05826568603516,-0.8272272705782356,-6.982210591300708,125.15418614992693,11.615256,7.254306,12.700593,9.548953,-12.933651,-5.4049463,8.901135,-0.48117587,1.0073471,8.835964,-11.717439,4.6161413,6.3776207,3.4657536,9.981527,0.154545,11.749075,-36.27683,59.273384,-10.294839,4.461616,1.2321315,-1.0248034,-9.836793,20.670742,67.496315,-15.806156,8.028414,-0.09526872
1155,2.520346164703369,-1.4026169776916504,78.05888366699219,-0.8272437822825258,-6.998909785576266,125.14512549334793,11.638078,7.2628736,12.706835,9.544157,-12.927114,-5.418956,8.91813,-0.47139466,1.0319437,8.831644,-11.7081175,4.6278195,6.394029,3.4624457,9.994746,0.10133664,11.732085,-36.262478,59.228336,-9.80642,4.622503,1.3275399,-1.0104125,-9.842896,20.693079,67.493744,-15.793162,8.008924,-0.08175549
1156,2.5256059169769287,-1.3981919288635254,78.06087493896484,-0.8299291761862653,-7.013781667479282,125.13942722406621,11.654285,7.273198,12.714332,9.546755,-12.92659,-5.4277954,8.932674,-0.4606282,1.0461653,8.829696,-11.70085,4.6312685,6.4162703,3.4580548,10.006355,0.04204115,11.721019,-36.260555,59.193413,-9.34757,4.7858715,1.4024625,-0.9974078,-9.846088,20.707977,67.49568,-15.781399,7.987498,-0.06997497
1157,2.5317399501800537,-1.3893264532089233,78.06281280517578,-0.8340644647958418,-7.026392730963782,125.13644870894305,11.664668,7.284656,12.728975,9.551391,-12.931928,-5.427789,8.942556,-0.4489042,1.0463996,8.830508,-11.695774,4.6240306,6.440218,3.4538245,10.016615,-0.025884325,11.706349,-36.255222,59.172897,-8.906823,4.961981,1.4531335,-0.98481226,-9.8497,20.723309,67.49771,-15.770326,7.965899,-0.06346332
1158,2.537722587585449,-1.3903497457504272,78.05876922607422,-0.8390689179175748,-7.038684805989064,125.13527294752193,11.671903,7.2973304,12.74877,9.558136,-12.941704,-5.4222794,8.950223,-0.43616083,1.0376457,8.833719,-11.692209,4.610058,6.4659686,3.4499633,10.026775,-0.092476934,11.6986685,-36.256275,59.154682,-8.454813,5.15239,1.4952554,-0.97673887,-9.851484,20.735495,67.506,-15.762472,7.9419146,-0.05919394
1159,2.546084403991699,-1.3927831649780273,78.05491638183594,-0.844420142544619,-7.053288597682386,125.13588206895524,11.67967,7.3106046,12.764688,9.567179,-12.951517,-5.4169955,8.959647,-0.42322633,1.0263886,8.838876,-11.690622,4.5920424,6.4858174,3.4464715,10.041701,-0.17530052,11.676371,-36.25398,59.16082,-8.018502,5.3379745,1.5254723,-0.9659606,-9.856034,20.756186,67.50819,-15.749537,7.917099,-0.05650457
1160,2.562218427658081,-1.3947809934616089,78.05435943603516,-0.8488849608195268,-7.0719488809646895,125.13919152146367,11.689251,7.323766,12.766089,9.579411,-12.957446,-5.417535,8.973376,-0.41078693,1.0178723,8.846341,-11.691687,4.572749,6.4971275,3.4447322,10.050651,-0.26646233,11.64455,-36.263653,59.198483,-7.6456666,5.4874053,1.5424348,-0.9575273,-9.861563,20.778725,67.52299,-15.737184,7.8900666,-0.047745742
1161,2.575575113296509,-1.3976256847381592,78.04832458496094,-0.8518345812096243,-7.09791991823482,125.14543770575526,11.706951,7.334371,12.745294,9.590589,-12.9534445,-5.4257436,8.994977,-0.4004787,1.01505,8.859195,-11.69801,4.5500503,6.5012703,3.4398973,10.068431,-0.33737534,11.630848,-36.286224,59.208317,-7.3455224,5.605012,1.5427839,-0.95489377,-9.863777,20.792912,67.54453,-15.735175,7.857098,-0.024211066
1162,2.5877506732940674,-1.393115758895874,78.04578399658203,-0.8527926796661084,-7.1300369157192405,125.15404071378023,11.727579,7.344825,12.708992,9.605544,-12.945255,-5.438639,9.021228,-0.39056456,1.0142452,8.876592,-11.708419,4.5233483,6.501204,3.4320884,10.087337,-0.41335437,11.621389,-36.32094,59.233925,-7.1004515,5.6959033,1.5285985,-0.9505711,-9.864871,20.806807,67.56914,-15.733814,7.820189,0.008106832
1163,2.594796657562256,-1.3892112970352173,78.04857635498047,-0.854048963925974,-7.161071768133431,125.16399078351911,11.747427,7.355308,12.671792,9.619527,-12.936733,-5.454089,9.047086,-0.38101563,1.0130802,8.892924,-11.718506,4.4981017,6.5029745,3.4255269,10.102573,-0.48875406,11.610112,-36.376553,59.26193,-6.9039683,5.768454,1.5087444,-0.94258356,-9.865316,20.816938,67.59427,-15.729712,7.7841563,0.033716474
1164,2.6050877571105957,-1.387670636177063,78.05107879638672,-0.8565055809248975,-7.18480548394099,125.17418048298305,11.76342,7.366216,12.648432,9.626358,-12.930768,-5.46998,9.068353,-0.37084478,1.0090433,8.900373,-11.7228365,4.4796677,6.5030084,3.4199727,10.113482,-0.55739087,11.603062,-36.43658,59.279133,-6.7399836,5.8279085,1.4844238,-0.9389595,-9.865043,20.824657,67.62178,-15.721618,7.752424,0.039718203
1165,2.615841865539551,-1.3890061378479004,78.0527572631836,-0.8610632906732862,-7.1982259106805015,125.18466494980652,11.774074,7.3795443,12.647356,9.623081,-12.930894,-5.4888296,9.082552,-0.3583925,1.0009035,8.895568,-11.719339,4.4703827,6.5229425,3.4194646,10.109048,-0.63343096,11.592953,-36.542084,59.302753,-6.633333,5.8704867,1.4615303,-0.92249876,-9.8631935,20.812838,67.64542,-15.703408,7.7273145,0.01565814
1166,2.6266896724700928,-1.3916983604431152,78.05408477783203,-0.8672197978145527,-7.205217857925736,125.1961177841629,11.782842,7.3940372,12.659281,9.610843,-12.932984,-5.5106516,9.09212,-0.3448921,0.99004865,8.884292,-11.711741,4.4671226,6.521713,3.41953,10.1052885,-0.69296855,11.590904,-36.626965,59.305527,-6.558778,5.895709,1.4277196,-0.922131,-9.861722,20.81451,67.6769,-15.679248,7.7058797,-0.02637548
1167,2.6375579833984375,-1.3902661800384521,78.05743408203125,-0.8728162545258088,-7.2094942893177505,125.20745356611775,11.787123,7.4072022,12.671837,9.601225,-12.935719,-5.52998,9.09969,-0.33286127,0.9783302,8.870804,-11.702547,4.466857,6.527416,3.417688,10.098289,-0.74854916,11.592175,-36.72946,59.3033,-6.513949,5.9114637,1.3930001,-0.91746897,-9.8593645,20.811893,67.70574,-15.653024,7.686145,-0.07600498
1168,2.6480917930603027,-1.3912056684494019,78.05754852294922,-0.8740938225247452,-7.216470754805873,125.21729663305047,11.788533,7.415973,12.673595,9.599143,-12.934571,-5.541289,9.106537,-0.3254708,0.9677307,8.863391,-11.696237,4.4665356,6.529247,3.4096875,10.097749,-0.7943859,11.595698,-36.81629,59.29109,-6.4641895,5.925664,1.3562747,-0.91640955,-9.856938,20.815598,67.73186,-15.6335335,7.665207,-0.119946465
1169,2.656656503677368,-1.3943521976470947,78.05717468261719,-0.8691157218519311,-7.22596257332939,125.22407779483706,11.786254,7.417153,12.659447,9.605294,-12.925514,-5.5398717,9.1125,-0.32510433,0.9592392,8.862066,-11.693168,4.466308,6.5304794,3.3921075,10.103284,-0.83462226,11.600337,-36.894676,59.273117,-6.408327,5.935024,1.3171738,-0.9157405,-9.854527,20.827993,67.751976,-15.612487,7.640042,-0.1601019
1170,2.6708364486694336,-1.3938491344451904,78.05725860595703,-0.8600145716112484,-7.236676387256329,125.22995423410273,11.779511,7.4136057,12.635378,9.618553,-12.912279,-5.529773,9.118403,-0.32981166,0.95092064,8.862286,-11.690763,4.4675684,6.5226974,3.3689344,10.116814,-0.86305267,11.606318,-36.95343,59.241676,-6.342535,5.93741,1.2713361,-0.9228744,-9.851889,20.844807,67.77039,-15.600592,7.612979,-0.1985645
1171,2.6851747035980225,-1.3943828344345093,78.0567855834961,-0.8501756347483388,-7.247253001315233,125.23495159365353,11.770387,7.4096494,12.609732,9.636057,-12.9002285,-5.518541,9.122518,-0.33507586,0.94329965,8.865398,-11.68925,4.468651,6.5474596,3.341374,10.1124735,-0.8934936,11.620561,-37.08146,59.218174,-6.343757,5.941057,1.2434419,-0.90552264,-9.845658,20.863693,67.78525,-15.567278,7.5906405,-0.24190333
1172,2.6994948387145996,-1.397732138633728,78.05572509765625,-0.8424679480639203,-7.260485872254364,125.24190538735921,11.768637,7.4079,12.589215,9.645756,-12.889397,-5.513416,9.129259,-0.3377843,0.93470204,8.869265,-11.687202,4.4683576,6.5634413,3.3164392,10.11955,-0.9098564,11.638972,-37.16959,59.179386,-6.3337393,5.9557905,1.2118467,-0.89193875,-9.837924,20.869553,67.79349,-15.578428,7.577941,-0.26780117
1173,2.716155529022217,-1.4022787809371948,78.05492401123047,-0.8378079216843705,-7.277936893869753,125.25161576516827,11.775138,7.4100494,12.574782,9.649386,-12.883641,-5.516975,9.143072,-0.33665416,0.9244765,8.8691,-11.681796,4.466681,6.5670547,3.2980247,10.1301565,-0.9122264,11.65373,-37.226788,59.134525,-6.32956,5.985281,1.1821568,-0.8820448,-9.83197,20.879726,67.80305,-15.638757,7.582143,-0.27696148
1174,2.7265031337738037,-1.4044904708862305,78.05475616455078,-0.834867623217942,-7.297886183250715,125.26277258799074,11.787189,7.41369,12.563048,9.649854,-12.880943,-5.5250316,9.159593,-0.33362505,0.9134531,8.869474,-11.675255,4.4643335,6.570407,3.2828228,10.140821,-0.9048613,11.667985,-37.27764,59.08526,-6.340534,6.0246515,1.1565375,-0.86611605,-9.826381,20.889345,67.80759,-15.731963,7.598785,-0.27497455
1175,2.7402682304382324,-1.4068764448165894,78.05685424804688,-0.8328129713212973,-7.317311649059388,125.27388680993363,11.799575,7.4185567,12.554801,9.648636,-12.878087,-5.535105,9.175406,-0.3294826,0.9031406,8.870233,-11.669148,4.4604077,6.572008,3.2691164,10.153832,-0.89438,11.676136,-37.30862,59.040615,-6.3591585,6.066646,1.1350342,-0.8512338,-9.823251,20.899479,67.80973,-15.818661,7.6158357,-0.26583958
1176,2.749872922897339,-1.4059582948684692,78.0587158203125,-0.8299560420490482,-7.333201699231843,125.283478675503,11.807166,7.4239926,12.550445,9.647439,-12.871905,-5.5446925,9.1841545,-0.32491493,0.89508665,8.874076,-11.665121,4.4542108,6.57727,3.2534094,10.16963,-0.88708514,11.679764,-37.322834,59.005722,-6.3878245,6.1037545,1.1193959,-0.8383204,-9.821711,20.906746,67.8082,-15.858032,7.6211615,-0.25442085
1177,2.759556770324707,-1.404387354850769,78.06304931640625,-0.827719050898455,-7.3447221620598295,125.29311267192803,11.809349,7.4308734,12.551639,9.647713,-12.862491,-5.55382,9.189246,-0.3196663,0.88839215,8.875096,-11.661937,4.4451165,6.593773,3.2298734,10.179682,-0.8742903,11.688678,-37.345375,58.97355,-6.4451065,6.139758,1.1237988,-0.81249267,-9.817681,20.919844,67.79599,-15.815885,7.611132,-0.24291468
1178,2.773052930831909,-1.4070212841033936,78.06670379638672,-0.8249402972326733,-7.35426975023117,125.30280924994634,11.808645,7.4388194,12.557776,9.648076,-12.851202,-5.56353,9.19072,-0.31375924,0.8828529,8.876524,-11.660195,4.433705,6.6131434,3.2035992,10.194616,-0.8633735,11.694807,-37.34907,58.94729,-6.511846,6.1751328,1.1374978,-0.79110247,-9.814426,20.926668,67.78214,-15.732179,7.589646,-0.22471201
1179,2.7958762645721436,-1.4143656492233276,78.06934356689453,-0.8226453778620846,-7.360048792370124,125.30911785069246,11.804246,7.447011,12.565307,9.647864,-12.837943,-5.573158,9.18609,-0.30709994,0.880445,8.880728,-11.658783,4.4208035,6.6380177,3.1783595,10.2080345,-0.8511212,11.699068,-37.34498,58.92712,-6.5924797,6.205682,1.1491402,-0.7690295,-9.811876,20.932291,67.76672,-15.633092,7.5669713,-0.20848086
1180,2.814661979675293,-1.4204726219177246,78.06805419921875,-0.8202875050393007,-7.361920734583514,125.30874859050995,11.795738,7.4547048,12.57053,9.648139,-12.823966,-5.5819426,9.175634,-0.29983887,0.8829203,8.884783,-11.653904,4.407135,6.6673875,3.156938,10.21648,-0.83680964,11.702896,-37.33522,58.916286,-6.684558,6.224012,1.1430585,-0.7498878,-9.809313,20.939318,67.75717,-15.55041,7.5505695,-0.20014548
1181,2.8301773071289062,-1.4225183725357056,78.06595611572266,-0.8186274458989993,-7.35384877705237,125.29696170804044,11.776825,7.4619393,12.573237,9.648451,-12.807515,-5.590116,9.1491165,-0.29088557,0.8944246,8.894919,-11.646064,4.390495,6.700343,3.137965,10.210365,-0.8148967,11.7080765,-37.314476,58.912388,-6.794304,6.2353535,1.1082978,-0.72244173,-9.8066845,20.96344,67.74183,-15.476653,7.546102,-0.20546547
1182,2.8460617065429688,-1.4261096715927124,78.06517028808594,-0.8184375621447227,-7.339624074710126,125.2779881201964,11.752443,7.4692492,12.574092,9.647829,-12.788293,-5.5979576,9.115696,-0.28034022,0.9116235,8.903385,-11.633576,4.3712316,6.737709,3.124645,10.199152,-0.7885954,11.713002,-37.285213,58.9165,-6.918229,6.234235,1.0550562,-0.7027729,-9.804711,20.991379,67.73518,-15.408323,7.5466337,-0.2167203
1183,2.8589675426483154,-1.4328123331069946,78.0660171508789,-0.8169923157426594,-7.325621812540416,125.25657566530543,11.727438,7.476047,12.575389,9.648694,-12.77049,-5.604776,9.079681,-0.2703755,0.93049484,8.915009,-11.622172,4.354244,6.7647324,3.1109421,10.188522,-0.7538325,11.720918,-37.235764,58.917934,-7.048498,6.22793,1.0003153,-0.6868644,-9.802578,21.035416,67.732124,-15.339656,7.548051,-0.23378298
1184,2.8665342330932617,-1.4370250701904297,78.06656646728516,-0.8147060905213169,-7.318492443841018,125.24034773961384,11.7100115,7.480799,12.577386,9.650129,-12.7556505,-5.6097946,9.054535,-0.26361233,0.9444544,8.922855,-11.61233,4.344379,6.7699237,3.095858,10.191987,-0.70460737,11.731644,-37.16047,58.899513,-7.1723375,6.220915,0.96237093,-0.6857021,-9.800746,21.090775,67.73947,-15.2708235,7.545247,-0.25388053
1185,2.8791825771331787,-1.4429298639297485,78.06756591796875,-0.8087405858305198,-7.3248153328423085,125.22858415187387,11.707854,7.4828835,12.582078,9.650646,-12.745332,-5.612701,9.048112,-0.26096466,0.9531072,8.923235,-11.604444,4.3456154,6.801315,3.0829628,10.209445,-0.6770768,11.73593,-37.114666,58.89264,-7.320502,6.2092514,0.950445,-0.66253257,-9.800004,21.100554,67.733955,-15.213899,7.533145,-0.2779532
1186,2.896392822265625,-1.450202226638794,78.07184600830078,-0.8017105696477445,-7.338744175532736,125.21980119259979,11.715976,7.482453,12.587565,9.649272,-12.737169,-5.6137815,9.054257,-0.26167047,0.95836866,8.918248,-11.597592,4.354597,6.8306236,3.070747,10.239011,-0.64697605,11.738999,-37.05953,58.87984,-7.475815,6.1931305,0.9509087,-0.6368019,-9.799486,21.10109,67.72661,-15.161768,7.517136,-0.30717948
1187,2.9116594791412354,-1.4605152606964111,78.07527160644531,-0.7951695453349114,-7.3498163807179155,125.2140826889086,11.71824,7.4825163,12.592462,9.651405,-12.730236,-5.6138372,9.056217,-0.26250255,0.9613177,8.914498,-11.590169,4.364593,6.870018,3.0604591,10.263543,-0.62836117,11.739352,-37.038162,58.877422,-7.6289625,6.177755,0.96615946,-0.6163291,-9.799343,21.097708,67.72989,-15.11154,7.5017076,-0.33299714
1188,2.9255998134613037,-1.468803882598877,78.0796890258789,-0.7903662799060873,-7.3530820721699275,125.20696746758554,11.711554,7.4853826,12.600985,9.649202,-12.717416,-5.614373,9.046506,-0.26001826,0.9684014,8.910618,-11.576347,4.3689547,6.868192,3.0467606,10.298047,-0.5991553,11.743127,-36.945404,58.858147,-7.7314725,6.1715474,0.9805005,-0.611707,-9.799719,21.118048,67.72786,-15.089089,7.4872026,-0.35469067
1189,2.942741870880127,-1.477939486503601,78.08406829833984,-0.7885993236537114,-7.3420246510456275,125.20477706923104,11.683248,7.4924064,12.60883,9.649395,-12.6995535,-5.614691,9.016069,-0.25335,0.9755102,8.9087925,-11.554097,4.3652697,6.891473,3.0382607,10.310638,-0.5931958,11.744209,-36.936443,58.860977,-7.808803,6.176032,1.0179511,-0.6094705,-9.800312,21.131126,67.73881,-15.0785055,7.4790626,-0.3640212
1190,2.9599246978759766,-1.4845117330551147,78.08737182617188,-0.7908548930784011,-7.313781265991192,125.20462741743991,11.630103,7.503921,12.618242,9.65818,-12.681123,-5.614642,8.963045,-0.24339645,0.984235,8.911313,-11.526829,4.357027,6.874599,3.0269277,10.30825,-0.5751285,11.748091,-36.92464,58.856617,-7.8814316,6.190372,1.0833595,-0.6379346,-9.803561,21.213823,67.77557,-15.048385,7.473018,-0.37400526
1191,2.9766623973846436,-1.4948220252990723,78.08940124511719,-0.7918960371959434,-7.288014251345358,125.20468348349252,11.5819025,7.513825,12.626326,9.658669,-12.658095,-5.6146035,8.912859,-0.23396596,0.99175537,8.911403,-11.498059,4.3477592,6.8882256,3.0180798,10.312104,-0.5774629,11.748961,-36.92949,58.861877,-7.9233665,6.205271,1.1392971,-0.64937,-9.804761,21.238495,67.79466,-15.05604,7.4695005,-0.37449592
1192,2.9952895641326904,-1.5074083805084229,78.09141540527344,-0.7910249358657522,-7.266881713832346,125.20203139819482,11.537473,7.5214396,12.629227,9.664478,-12.640367,-5.614976,8.867551,-0.22707963,0.996727,8.915092,-11.475935,4.3406353,6.9020176,3.0090907,10.316947,-0.5759895,11.750005,-36.92875,58.86471,-7.971172,6.213094,1.1793646,-0.6601758,-9.806865,21.275148,67.81245,-15.047396,7.4700193,-0.37597755
1193,3.0132029056549072,-1.5210764408111572,78.0926742553711,-0.7871949338612351,-7.254580038754308,125.19519228298451,11.505328,7.5247855,12.624148,9.667091,-12.625027,-5.6155815,8.835254,-0.22385007,0.9969932,8.915838,-11.45958,4.3355174,6.910912,2.9984386,10.328592,-0.56160915,11.750892,-36.884415,58.858128,-8.004351,6.2124543,1.1878649,-0.66571236,-9.810989,21.3136,67.819824,-15.0381975,7.4774747,-0.37312895
1194,3.029878854751587,-1.5298932790756226,78.09358215332031,-0.7817651745070706,-7.246464978162997,125.18604292332863,11.478056,7.525602,12.612998,9.670413,-12.612344,-5.616275,8.809881,-0.22298887,0.99393344,8.914706,-11.446245,4.331026,6.913461,2.988545,10.352143,-0.5396235,11.750568,-36.793716,58.838394,-8.005815,6.2084365,1.1718155,-0.6761941,-9.816637,21.34006,67.8209,-15.045192,7.4890137,-0.3615962
1195,3.0470263957977295,-1.5393685102462769,78.09515380859375,-0.7755673346414811,-7.241514437063773,125.17649414944945,11.454728,7.5254126,12.602374,9.672428,-12.598849,-5.6177597,8.786859,-0.22302338,0.9912079,8.915406,-11.435115,4.32856,6.919062,2.9797752,10.38107,-0.5241417,11.749091,-36.705227,58.81955,-7.9976745,6.20161,1.1479931,-0.68606186,-9.821289,21.356844,67.817154,-15.054532,7.501144,-0.3519728
1196,3.0642333030700684,-1.5495679378509521,78.09579467773438,-0.770229311222993,-7.23812595441086,125.1679580798149,11.434446,7.525804,12.598872,9.671993,-12.581894,-5.6209025,8.766193,-0.2224194,0.9925071,8.913323,-11.420482,4.32944,6.931212,2.9731672,10.410448,-0.5221049,11.747667,-36.651966,58.807644,-7.995419,6.1933975,1.1313103,-0.69615555,-9.824716,21.371256,67.81517,-15.052831,7.509453,-0.3536146
1197,3.0753045082092285,-1.5640852451324463,78.09860229492188,-0.7657906486613261,-7.23865034612824,125.15925957345452,11.420686,7.5276346,12.608217,9.668494,-12.559709,-5.627271,8.748961,-0.22042486,1.0021397,8.910148,-11.403022,4.336424,6.9379106,2.9699063,10.446809,-0.5300585,11.746544,-36.617527,58.796764,-7.991546,6.1834917,1.1202359,-0.71390665,-9.828329,21.39553,67.8155,-15.034569,7.513756,-0.37245953
1198,3.0960135459899902,-1.584702730178833,78.10116577148438,-0.7617514954923607,-7.2421978110822876,125.15026092789147,11.410376,7.5306134,12.625368,9.665832,-12.535867,-5.636044,8.734792,-0.21774761,1.0170214,8.90561,-11.383508,4.3480797,6.9538836,2.9691951,10.480094,-0.54338527,11.746329,-36.61227,58.787994,-7.989918,6.172264,1.1121695,-0.7224265,-9.829977,21.408812,67.81201,-15.01464,7.515623,-0.40014145
1199,3.112901210784912,-1.598136305809021,78.10226440429688,-0.7574934189757292,-7.245891602751937,125.1426018660208,11.400163,7.5329475,12.642343,9.660348,-12.510354,-5.6443105,8.720406,-0.21528114,1.031084,8.8997345,-11.362572,4.359118,6.9591703,2.9684017,10.524387,-0.5729934,11.746218,-36.60991,58.785114,-7.9854856,6.1583576,1.1039078,-0.7454611,-9.834703,21.444914,67.807945,-14.973584,7.5165176,-0.43482518
1200,3.1330604553222656,-1.6096677780151367,78.10396575927734,-0.7550063345250441,-7.243116061442427,125.14230645475175,11.377882,7.534941,12.646695,9.659711,-12.488788,-5.649,8.700199,-0.21402061,1.0347792,8.8933935,-11.341544,4.3646035,6.952576,2.9667027,10.557879,-0.59639454,11.746541,-36.6152,58.782654,-7.972834,6.1451287,1.0984114,-0.76881284,-9.840749,21.486132,67.80631,-14.938398,7.5151525,-0.45684966
1201,3.1496286392211914,-1.6266310214996338,78.10614013671875,-0.7524875906071384,-7.231394351019983,125.15142397799946,11.339198,7.5353265,12.633811,9.660593,-12.47085,-5.6482954,8.666165,-0.21488069,1.0237956,8.894457,-11.324894,4.3608246,6.9397025,2.961374,10.584393,-0.6250293,11.747322,-36.626236,58.783684,-7.934258,6.13288,1.08931,-0.792632,-9.845606,21.514946,67.80028,-14.921176,7.511344,-0.46201596
1202,3.165829658508301,-1.6435779333114624,78.1095962524414,-0.7505671644760822,-7.21400443632507,125.16786661250374,11.287354,7.535858,12.608971,9.666639,-12.457093,-5.6441703,8.626107,-0.21648124,1.0028291,8.894154,-11.307765,4.351324,6.91317,2.9556253,10.605104,-0.65606004,11.749546,-36.647602,58.786983,-7.887413,6.119636,1.0805538,-0.8215206,-9.855267,21.558718,67.79424,-14.897074,7.5057507,-0.45892552
1203,3.182124614715576,-1.6594760417938232,78.11174774169922,-0.7495232111623698,-7.19572221385966,125.18495330226156,11.23524,7.5357513,12.582674,9.672492,-12.442867,-5.639343,8.584104,-0.2187102,0.9808991,8.897966,-11.291927,4.341498,6.8886247,2.9491003,10.627031,-0.6910056,11.751868,-36.673565,58.792755,-7.8369627,6.1080985,1.0751768,-0.8502693,-9.86253,21.592354,67.787056,-14.885863,7.4975195,-0.45185354
1204,3.2058703899383545,-1.6777913570404053,78.11629486083984,-0.7483649363163666,-7.182668945056661,125.19670248712896,11.192814,7.5360665,12.564125,9.677531,-12.426091,-5.6366353,8.551548,-0.21968025,0.96655005,8.895497,-11.271078,4.3366914,6.8706684,2.944905,10.649748,-0.7251265,11.755446,-36.715576,58.801388,-7.815756,6.0989614,1.0846056,-0.8740381,-9.8719845,21.633955,67.78043,-14.871669,7.487192,-0.44990298
1205,3.2222769260406494,-1.6918083429336548,78.12284088134766,-0.7467056441537482,-7.17898364630339,125.20056618350884,11.165267,7.5372643,12.556115,9.681887,-12.404778,-5.6390567,8.5282345,-0.21879879,0.96300775,8.896104,-11.247995,4.3375397,6.8622913,2.9427476,10.679086,-0.7602296,11.758982,-36.7687,58.81444,-7.8261447,6.093478,1.1140252,-0.89361876,-9.880015,21.673609,67.77371,-14.870533,7.4749064,-0.45037064
1206,3.237208366394043,-1.7033889293670654,78.12579345703125,-0.7456093231612206,-7.180314561723824,125.20031818712097,11.147088,7.5390096,12.553477,9.684637,-12.380268,-5.644347,8.510549,-0.21669787,0.9651476,8.898501,-11.223042,4.3414164,6.859035,2.941961,10.711194,-0.798229,11.762199,-36.833828,58.83418,-7.857883,6.0899687,1.1577351,-0.9133641,-9.886851,21.714565,67.77071,-14.87777,7.459963,-0.4508454
1207,3.252049446105957,-1.7166810035705566,78.13212585449219,-0.7427887465946896,-7.181984137789065,125.19789182165374,11.130827,7.539241,12.55414,9.68616,-12.355486,-5.647332,8.496293,-0.21560723,0.97027504,8.894774,-11.1964855,4.349034,6.862609,2.940871,10.7393465,-0.83712924,11.766552,-36.91468,58.856606,-7.8999314,6.088326,1.205505,-0.9282464,-9.895635,21.758379,67.76926,-14.876998,7.442895,-0.45822236
1208,3.264626979827881,-1.7310752868652344,78.13249206542969,-0.7378529268733369,-7.177178383335613,125.19488368184369,11.105947,7.537245,12.556114,9.69192,-12.336547,-5.6430078,8.474224,-0.21773249,0.97600645,8.892694,-11.176481,4.3609796,6.87416,2.935896,10.759633,-0.87671995,11.771657,-36.998245,58.878155,-7.9338336,6.089083,1.2453581,-0.9326175,-9.905145,21.798824,67.76285,-14.856807,7.424646,-0.4795275
1209,3.279334783554077,-1.7446829080581665,78.13139343261719,-0.7269457413870285,-7.16363925811761,125.19156837272497,11.072011,7.5284934,12.56018,9.696632,-12.321956,-5.623986,8.446548,-0.22677246,0.98247004,8.8811865,-11.161184,4.3830395,6.8879943,2.922745,10.772654,-0.91890967,11.777539,-37.07397,58.90051,-7.939197,6.0955515,1.2689198,-0.93861663,-9.914648,21.837606,67.76329,-14.815437,7.4013157,-0.52161336
1210,3.293761968612671,-1.7574350833892822,78.13265991210938,-0.7116666813102354,-7.1446661387900585,125.1871734936067,11.032061,7.5155344,12.566892,9.701841,-12.310748,-5.5950494,8.4143305,-0.24038753,0.99067557,8.86548,-11.150051,4.412951,6.9058275,2.9051476,10.778831,-0.9605822,11.786707,-37.15386,58.920902,-7.9349394,6.1064577,1.2852547,-0.94085646,-9.927178,21.879375,67.765465,-14.754887,7.3738904,-0.5790657
1211,3.3064961433410645,-1.7707990407943726,78.1363754272461,-0.6980625452104069,-7.125693723274617,125.182009381015,10.993253,7.5044684,12.574212,9.706976,-12.301298,-5.5689526,8.382531,-0.25238827,0.9992069,8.849944,-11.139297,4.4396353,6.9185925,2.887742,10.788761,-0.9996248,11.792129,-37.204456,58.938766,-7.9163356,6.1155176,1.2938997,-0.9517111,-9.933446,21.913961,67.77512,-14.701529,7.3474474,-0.6359972
1212,3.3219821453094482,-1.7838938236236572,78.1373291015625,-0.6910391958380687,-7.112798227307689,125.17670100125045,10.96281,7.5013504,12.579762,9.708875,-12.290292,-5.5583506,8.355006,-0.25609115,1.0057808,8.841927,-11.12752,4.4518504,6.931962,2.8790092,10.7971735,-1.0262214,11.8005,-37.254845,58.9483,-7.9189696,6.1141047,1.3045565,-0.9570236,-9.942695,21.950768,67.78416,-14.652382,7.327155,-0.67854214
1213,3.3329660892486572,-1.7955491542816162,78.13792419433594,-0.695556242124094,-7.109416080719638,125.17231460967696,10.947938,7.5104184,12.581569,9.7031765,-12.276191,-5.5724807,8.335433,-0.24770738,1.008352,8.844453,-11.113624,4.440769,6.940221,2.882606,10.812278,-1.0367446,11.801744,-37.26135,58.947765,-7.912831,6.0995994,1.3091159,-0.96230245,-9.944119,21.958046,67.79525,-14.648528,7.3176937,-0.6928426
1214,3.344820022583008,-1.804856777191162,78.13607788085938,-0.70703375361086,-7.108747832953745,125.16694105447861,10.935812,7.5291853,12.5823345,9.698347,-12.26324,-5.6028094,8.3163185,-0.22983204,1.009714,8.852833,-11.097811,4.413874,6.947715,2.8959007,10.833807,-1.0523288,11.808156,-37.272556,58.946526,-7.9365344,6.068332,1.3160124,-0.9834372,-9.95215,21.984386,67.819725,-14.62819,7.3095093,-0.7001476
1215,3.356372833251953,-1.8145637512207031,78.13471221923828,-0.7196210557942914,-7.110622531626897,125.16111422411596,10.929483,7.5476832,12.583586,9.689682,-12.248578,-5.6347556,8.299453,-0.2118055,1.0114105,8.864522,-11.082656,4.386135,6.955359,2.9102259,10.853362,-1.0535158,11.81145,-37.26781,58.934788,-7.9565167,6.039517,1.3191891,-0.9918765,-9.956627,21.997345,67.83341,-14.619682,7.3048477,-0.6999646
1216,3.368638515472412,-1.8292248249053955,78.1352767944336,-0.7263010045631139,-7.110883805005434,125.1528065936856,10.921026,7.5590615,12.588458,9.683238,-12.233993,-5.6542034,8.282496,-0.20060737,1.0172697,8.8707,-11.066375,4.3718934,6.952789,2.9186623,10.8753605,-1.0448111,11.820634,-37.245705,58.909416,-7.97456,6.0202503,1.3171022,-1.0035658,-9.969886,22.027056,67.84052,-14.596435,7.2951717,-0.70338637
1217,3.3778536319732666,-1.8413443565368652,78.14000701904297,-0.7257515733147754,-7.108525998678876,125.14111012600473,10.908705,7.5611873,12.598546,9.682207,-12.22137,-5.6568165,8.264472,-0.1980071,1.029213,8.870051,-11.048012,4.3769197,6.9698806,2.9172583,10.891504,-1.0487919,11.8234215,-37.23938,58.89973,-7.999333,6.014513,1.3118696,-1.0047673,-9.97427,22.037056,67.84206,-14.567722,7.2784233,-0.7152083
1218,3.386193037033081,-1.8535295724868774,78.14259338378906,-0.7214943093419036,-7.105038371101638,125.12671376780595,10.895834,7.5579395,12.61231,9.681955,-12.208134,-5.650395,8.245884,-0.2003767,1.0455072,8.866891,-11.028404,4.393021,6.9891276,2.9108124,10.906867,-1.0510331,11.826983,-37.230015,58.887524,-8.031044,6.016564,1.3029813,-1.0029771,-9.980758,22.050493,67.837494,-14.527827,7.2580557,-0.7294626
1219,3.3963847160339355,-1.8576092720031738,78.14985656738281,-0.7149698959713231,-7.100928095591809,125.1120638456958,10.882357,7.551707,12.626812,9.682672,-12.19497,-5.6388106,8.228874,-0.20574029,1.0623181,8.859548,-11.0084715,4.4129944,7.0092807,2.90197,10.920861,-1.0519471,11.830099,-37.220367,58.87477,-8.0634575,6.0205407,1.29403,-0.99842376,-9.987355,22.062635,67.830376,-14.484778,7.235771,-0.74527174
1220,3.406529426574707,-1.867716908454895,78.15213012695312,-0.7078994838901432,-7.0961288755870084,125.099501036761,10.867485,7.544354,12.638526,9.685016,-12.18203,-5.625984,8.210632,-0.21283121,1.0763674,8.856121,-10.993869,4.430058,7.0274334,2.8913538,10.934283,-1.0530612,11.832077,-37.212402,58.863537,-8.090661,6.020763,1.2893409,-0.9954236,-9.992216,22.07368,67.82638,-14.442484,7.2142434,-0.7631963
1221,3.4136128425598145,-1.8808140754699707,78.15248107910156,-0.6970046660567929,-7.091314212389131,125.08961315037008,10.850334,7.533078,12.646348,9.689464,-12.168169,-5.608858,8.190564,-0.22449607,1.0866655,8.858341,-10.987657,4.44292,7.0361753,2.8768973,10.948782,-1.0519773,11.835224,-37.19892,58.85169,-8.110429,6.013833,1.2871027,-0.99758923,-10.000872,22.094889,67.827034,-14.392432,7.192007,-0.7848145
1222,3.4197945594787598,-1.8934898376464844,78.153564453125,-0.6827094415665667,-7.086574974030388,125.08118763747801,10.832645,7.5178924,12.651925,9.694797,-12.153442,-5.586769,8.170666,-0.24023233,1.0948696,8.86189,-10.986305,4.4550166,7.049976,2.85877,10.96147,-1.0531542,11.83638,-37.19239,58.84426,-8.125561,6.003784,1.2872218,-0.99827844,-10.004565,22.105524,67.83111,-14.343346,7.1684136,-0.8095934
1223,3.4236888885498047,-1.9018292427062988,78.1571044921875,-0.6708761048388299,-7.082485944234394,125.07331951332792,10.815777,7.5059114,12.65748,9.701128,-12.140776,-5.567209,8.155124,-0.2534273,1.1021868,8.858942,-10.982052,4.4663897,7.0621085,2.8427854,10.971484,-1.0535645,11.836834,-37.188515,58.83835,-8.141066,5.9947515,1.2909874,-0.9984402,-10.006337,22.112358,67.835724,-14.305955,7.1486344,-0.83026296
1224,3.4297640323638916,-1.9117945432662964,78.15771484375,-0.6644074901332273,-7.075082800589555,125.06465654785573,10.799422,7.500133,12.665784,9.701027,-12.128136,-5.556835,8.134689,-0.2601679,1.110017,8.85968,-10.976171,4.477664,7.070593,2.8305786,10.978527,-1.0550015,11.837649,-37.181934,58.83212,-8.160618,5.9884057,1.3012329,-1.0013096,-10.0098715,22.126162,67.84234,-14.274675,7.1279707,-0.84944916
1225,3.434500217437744,-1.9173402786254883,78.15687561035156,-0.6689351743258678,-7.065659106087494,125.05566799365002,10.782755,7.5084496,12.677403,9.700814,-12.120521,-5.560499,8.117064,-0.25366965,1.1174059,8.849853,-10.958496,4.486535,7.065772,2.8302274,10.978336,-1.0450119,11.838971,-37.169403,58.81625,-8.1896715,5.9872046,1.3234473,-1.0082204,-10.016753,22.150944,67.852554,-14.25968,7.1113048,-0.8578613
1226,3.44245982170105,-1.9235156774520874,78.15579986572266,-0.6808984738972759,-7.055799761269527,125.04629252154339,10.768818,7.5258436,12.691533,9.696459,-12.114145,-5.573541,8.102604,-0.23843242,1.1245449,8.833694,-10.934457,4.493623,7.055669,2.8389838,10.974018,-1.0267081,11.8408375,-37.15379,58.792747,-8.221248,5.989223,1.3529781,-1.0100043,-10.028594,22.175375,67.85565,-14.263763,7.0995197,-0.85598963
1227,3.4515597820281982,-1.9308308362960815,78.15521240234375,-0.6928134759461271,-7.046973374581924,125.03656534863926,10.757168,7.5435762,12.706035,9.690498,-12.109432,-5.589512,8.089175,-0.22260971,1.132023,8.81839,-10.91183,4.5027075,7.0559797,2.8472447,10.967673,-1.0172164,11.841531,-37.151833,58.777615,-8.25181,5.9942827,1.382989,-1.0094777,-10.035165,22.182909,67.86073,-14.282625,7.089301,-0.8542385
1228,3.457120418548584,-1.9371751546859741,78.15293884277344,-0.6990880957825458,-7.040590651073575,125.02654864335344,10.749446,7.5532317,12.719126,9.682597,-12.104925,-5.6021466,8.080785,-0.2143141,1.1411183,8.801107,-10.894406,4.5174546,7.058911,2.850133,10.963475,-1.0145828,11.841952,-37.15645,58.76963,-8.275228,6.002083,1.4045401,-1.0098761,-10.040725,22.189295,67.867546,-14.303395,7.080143,-0.8592878
1229,3.461745023727417,-1.9411550760269165,78.15335083007812,-0.6974111342910073,-7.0372430856475505,125.01619323588596,10.749256,7.550053,12.729581,9.667679,-12.099125,-5.6116576,8.077574,-0.2167606,1.1520736,8.785663,-10.887497,4.539798,7.0633917,2.84646,10.96285,-1.0164572,11.842689,-37.171047,58.7659,-8.291584,6.0144286,1.4167218,-1.0104078,-10.04969,22.201778,67.87368,-14.318619,7.074495,-0.8741033
1230,3.463636636734009,-1.949028491973877,78.15380096435547,-0.6901305495337066,-7.036873604281354,125.00542644608068,10.754812,7.539199,12.738772,9.64708,-12.09306,-5.620738,8.078457,-0.22558649,1.164351,8.770534,-10.88719,4.567502,7.067708,2.837546,10.964782,-1.0238959,11.843261,-37.18743,58.7682,-8.299314,6.0307193,1.4216084,-1.0130312,-10.054334,22.213762,67.88187,-14.339452,7.0719843,-0.89455706
1231,3.4659132957458496,-1.9575951099395752,78.15591430664062,-0.682728455316256,-7.036537827892472,124.99440436015296,10.761025,7.5270996,12.748594,9.628429,-12.087748,-5.6268134,8.081739,-0.23599984,1.1774259,8.7533655,-10.886595,4.5978017,7.0728235,2.8271933,10.964514,-1.0329125,11.844035,-37.208126,58.77403,-8.304941,6.047593,1.4232414,-1.0167041,-10.059107,22.227936,67.893394,-14.360785,7.0680428,-0.91809744
1232,3.466531991958618,-1.9622830152511597,78.15943145751953,-0.6768997499829221,-7.035707460206013,124.98262883653929,10.764007,7.518941,12.76134,9.616571,-12.0828285,-5.6272273,8.082605,-0.24420148,1.1907386,8.73768,-10.881835,4.6279793,7.0791745,2.8180609,10.96104,-1.0413653,11.844784,-37.22526,58.780415,-8.306278,6.0621257,1.422532,-1.0204139,-10.062882,22.24017,67.90722,-14.384919,7.0581536,-0.9406568
1233,3.4701738357543945,-1.9661765098571777,78.16060638427734,-0.6737983961332908,-7.0348276542545225,124.97119488046792,10.762443,7.5165014,12.778701,9.616456,-12.080049,-5.6177716,8.081307,-0.24953152,1.203882,8.723887,-10.870855,4.657815,7.0885925,2.8135881,10.95139,-1.047612,11.846779,-37.25211,58.78568,-8.315383,6.0736966,1.4213737,-1.0157088,-10.07239,22.258867,67.916595,-14.399855,7.039207,-0.96328545
1234,3.47097110748291,-1.9679933786392212,78.15912628173828,-0.6727121186267458,-7.033618945849497,124.95994435789413,10.757665,7.5171223,12.798838,9.625054,-12.0788965,-5.6011195,8.080125,-0.25382975,1.2171475,8.7096615,-10.855738,4.6885166,7.0968475,2.8091912,10.941971,-1.055009,11.848756,-37.267937,58.791767,-8.314115,6.084558,1.4141347,-1.0124074,-10.080391,22.272758,67.92676,-14.421894,7.014451,-0.98613596
1235,3.4722604751586914,-1.9695255756378174,78.15772247314453,-0.6716766473192824,-7.031713160541373,124.94652932477769,10.754063,7.5185156,12.8200035,9.630583,-12.075483,-5.584612,8.078408,-0.25718465,1.2317238,8.693811,-10.838831,4.7197843,7.1049323,2.8043275,10.931736,-1.0620892,11.849496,-37.275414,58.79787,-8.303982,6.0937586,1.4047945,-1.0139267,-10.082858,22.280678,67.94186,-14.453285,6.988297,-1.0068319
1236,3.4725685119628906,-1.9745287895202637,78.15624237060547,-0.6717963054253954,-7.02643262864126,124.92918705191676,10.748825,7.5210667,12.838882,9.633545,-12.071878,-5.5757794,8.073526,-0.2579161,1.2484611,8.676914,-10.822978,4.751276,7.1138673,2.80134,10.913375,-1.0653738,11.852069,-37.295666,58.80256,-8.304116,6.0997343,1.4014647,-1.0119361,-10.091157,22.30028,67.9559,-14.478426,6.965754,-1.02504
1237,3.4729859828948975,-1.9772566556930542,78.15740966796875,-0.6726840371229622,-7.017348402221169,124.90614050974574,10.744299,7.523727,12.853797,9.627967,-12.064402,-5.5775485,8.068353,-0.255719,1.2676852,8.651844,-10.804431,4.7836933,7.12432,2.7987602,10.893569,-1.0677029,11.854197,-37.31106,58.80378,-8.299001,6.103134,1.4038475,-1.0118297,-10.0972595,22.3118,67.96761,-14.522086,6.95055,-1.0379983
1238,3.472573757171631,-1.982221245765686,78.1579818725586,-0.6744092218240844,-7.00621470358101,124.87959715499558,10.739417,7.5275254,12.865645,9.620258,-12.055987,-5.585663,8.05996,-0.25117233,1.2881104,8.629615,-10.78839,4.816954,7.1349587,2.795433,10.873783,-1.0709108,11.855104,-37.321358,58.80403,-8.288983,6.1047206,1.4097925,-1.0143727,-10.099432,22.318996,67.97777,-14.575955,6.9410915,-1.0485364
1239,3.470099687576294,-1.9850475788116455,78.16120147705078,-0.6768597784009183,-6.991549804980417,124.84989731839072,10.734911,7.531554,12.880844,9.605853,-12.045522,-5.5965805,8.050531,-0.24570732,1.3121488,8.60062,-10.76951,4.8494854,7.1500325,2.7938793,10.841501,-1.0687385,11.856952,-37.346134,58.805336,-8.2879,6.1032405,1.4169061,-1.012235,-10.103647,22.331856,67.99408,-14.621926,6.927465,-1.0567223
1240,3.470970630645752,-1.9865496158599854,78.1618881225586,-0.6780624706414385,-6.977991381798535,124.82207654670991,10.730069,7.5343575,12.9000025,9.594301,-12.039616,-5.606361,8.03815,-0.24242002,1.3366895,8.580188,-10.757639,4.8799543,7.1631203,2.7896771,10.815217,-1.0706027,11.857886,-37.356056,58.80809,-8.267544,6.100974,1.4108013,-1.0129842,-10.105919,22.336767,68.00904,-14.659668,6.910269,-1.0593622
1241,3.468604803085327,-1.9879794120788574,78.1614761352539,-0.6787081520261262,-6.9632667326503,124.79687583862922,10.727224,7.5351105,12.9262495,9.576421,-12.034928,-5.616741,8.0239935,-0.2419939,1.362625,8.561507,-10.750656,4.9058976,7.1764727,2.784496,10.785252,-1.069566,11.859046,-37.36114,58.811066,-8.235193,6.095935,1.3884448,-1.0119562,-10.109811,22.3388,68.0267,-14.677797,6.8833222,-1.0510772
1242,3.467712640762329,-1.9911431074142456,78.1612548828125,-0.6781424385992185,-6.948282477399656,124.77233213277465,10.726448,7.5343738,12.957483,9.552844,-12.030583,-5.6287594,8.009592,-0.24318705,1.3901138,8.541638,-10.745823,4.928815,7.1870575,2.779993,10.757726,-1.0657933,11.860919,-37.35117,58.80884,-8.186682,6.088855,1.3525616,-1.0102522,-10.1204,22.335142,68.04019,-14.688071,6.8500667,-1.0321366
1243,3.4675796031951904,-1.9964227676391602,78.15953826904297,-0.6781205790102648,-6.933087113639801,124.7466055983518,10.725282,7.5337467,12.9911,9.532454,-12.028591,-5.638003,7.9923396,-0.2445167,1.4194642,8.528272,-10.744333,4.952889,7.1949115,2.7753692,10.7342825,-1.0630702,11.861852,-37.332897,58.805233,-8.128597,6.081943,1.3134372,-1.0085373,-10.131512,22.33294,68.04953,-14.694316,6.8170695,-1.0152098
1244,3.4670817852020264,-2.000094175338745,78.1598892211914,-0.676450508175406,-6.920595815176472,124.71707419147347,10.724282,7.533769,13.025398,9.518394,-12.027577,-5.63998,7.9794245,-0.24489722,1.451247,8.509287,-10.736491,4.982252,7.2023215,2.77115,10.715131,-1.063772,11.862112,-37.317062,58.802837,-8.070132,6.0773497,1.2824324,-1.0051491,-10.144283,22.33859,68.05402,-14.6989355,6.7905183,-1.0130948
1245,3.4671552181243896,-2.003039836883545,78.16109466552734,-0.6745111664819965,-6.9095563661567425,124.68260607264209,10.721231,7.5352,13.0606985,9.515865,-12.0293255,-5.629838,7.969822,-0.24400535,1.485838,8.486452,-10.722292,5.0211163,7.2177753,2.7642646,10.699016,-1.0725026,11.862104,-37.315964,58.805916,-8.014842,6.0750895,1.2647884,-1.0015842,-10.148502,22.34637,68.05989,-14.704274,6.7718472,-1.0387667
1246,3.4697322845458984,-2.0035834312438965,78.16246032714844,-0.6712884885538222,-6.899854877387164,124.64407638974,10.718837,7.536665,13.09859,9.517304,-12.031522,-5.611125,7.9635963,-0.2426364,1.5236788,8.457494,-10.702172,5.0662975,7.231172,2.7573502,10.684948,-1.0842164,11.861367,-37.316532,58.812195,-7.9597754,6.07288,1.2527575,-0.9878807,-10.159667,22.373716,68.051506,-14.695847,6.7585077,-1.0825537
1247,3.472343921661377,-2.0027523040771484,78.16206359863281,-0.6682985177241996,-6.891956132905053,124.60442788604168,10.7180195,7.5384426,13.135896,9.520441,-12.0338955,-5.5921297,7.9557695,-0.24091887,1.562456,8.436399,-10.68432,5.1107807,7.2482586,2.749517,10.674459,-1.0988195,11.861136,-37.32131,58.818295,-7.902328,6.0741415,1.2438083,-0.9827746,-10.162391,22.386503,68.053825,-14.6986685,6.7477407,-1.124248
1248,3.470360517501831,-2.001737356185913,78.16117858886719,-0.6677460898606464,-6.8865646495652735,124.56596639662119,10.720301,7.5421405,13.169961,9.522617,-12.036599,-5.581339,7.9508314,-0.23745589,1.6003004,8.415801,-10.665812,5.1473618,7.258743,2.7433975,10.663826,-1.1119494,11.860663,-37.327873,58.825745,-7.850262,6.0791655,1.2351487,-0.9785047,-10.16493,22.40134,68.05748,-14.702813,6.740479,-1.1469115
1249,3.466710090637207,-2.0042340755462646,78.1598129272461,-0.671143664250041,-6.885209142137249,124.52949914968607,10.731047,7.547449,13.198302,9.516739,-12.035693,-5.583046,7.946604,-0.2322504,1.6360506,8.405791,-10.650314,5.1721907,7.2602406,2.740702,10.6553335,-1.1196393,11.859571,-37.332874,58.829296,-7.7991085,6.0914116,1.2267047,-0.9779878,-10.167992,22.415142,68.0648,-14.713422,6.7374134,-1.1395495
1250,3.459108591079712,-2.00946307182312,78.158935546875,-0.6766042586783952,-6.88765097687905,124.49363507544285,10.746055,7.554527,13.222653,9.509637,-12.034015,-5.5921264,7.9454126,-0.22524162,1.6708479,8.399091,-10.634637,5.189619,7.2557387,2.7404535,10.649926,-1.1250277,11.85787,-37.335762,58.830494,-7.7469625,6.109201,1.2191664,-0.98188704,-10.171317,22.424887,68.07574,-14.730443,6.738219,-1.1133476
1251,3.4560792446136475,-2.0132522583007812,78.16017150878906,-0.6830381046332883,-6.889188575813649,124.45813441985428,10.760999,7.561599,13.247527,9.501876,-12.032778,-5.602416,7.943606,-0.21830176,1.7063037,8.39182,-10.618945,5.2055054,7.248613,2.7406504,10.645617,-1.1302578,11.856907,-37.33904,58.831047,-7.6988,6.126705,1.2118733,-0.9867006,-10.1729355,22.431166,68.08612,-14.750746,6.7404833,-1.0824281
1252,3.4525234699249268,-2.0158379077911377,78.16130828857422,-0.6861390322396371,-6.887936692288194,124.42047971941814,10.774347,7.5657806,13.279848,9.490911,-12.031573,-5.6077437,7.9372616,-0.21316792,1.7459631,8.38489,-10.607106,5.225444,7.241737,2.7402325,10.636708,-1.1376747,11.852397,-37.350086,58.839043,-7.6647534,6.1381335,1.2059977,-0.99234766,-10.178921,22.447767,68.098076,-14.75919,6.741707,-1.0594287
1253,3.451030969619751,-2.0184736251831055,78.16094207763672,-0.6855354841267431,-6.880924702783817,124.38210694715018,10.780494,7.566821,13.320759,9.481702,-12.033964,-5.6050587,7.92704,-0.21063489,1.7914064,8.368995,-10.596693,5.252161,7.2392063,2.7362235,10.624265,-1.1507454,11.848992,-37.369106,58.85347,-7.64683,6.141934,1.1988093,-0.9943398,-10.182932,22.463362,68.10598,-14.763692,6.741541,-1.0505997
1254,3.4526922702789307,-2.023087501525879,78.15921020507812,-0.6827024158390067,-6.870593214397905,124.34312936339789,10.78388,7.5653853,13.367787,9.471065,-12.037585,-5.5980673,7.911488,-0.20987338,1.841272,8.354369,-10.590872,5.282327,7.2380767,2.7309456,10.609158,-1.1652129,11.844858,-37.39533,58.870735,-7.640127,6.141916,1.19174,-0.9968207,-10.18743,22.48029,68.11515,-14.765296,6.740845,-1.0476996
1255,3.4529309272766113,-2.0270421504974365,78.15789794921875,-0.6804560891763208,-6.858787831429492,124.30322538486917,10.786622,7.563903,13.415974,9.459288,-12.040613,-5.590916,7.896049,-0.20896704,1.8897746,8.336377,-10.582899,5.312138,7.2396526,2.7242608,10.590913,-1.1830325,11.840784,-37.431545,58.895134,-7.644106,6.1372604,1.1885985,-0.99383396,-10.191537,22.49863,68.11935,-14.758078,6.7410913,-1.0475937
1256,3.454644203186035,-2.0293664932250977,78.1596450805664,-0.6796197519824396,-6.850262461582654,124.26513251752077,10.7880335,7.5660014,13.456733,9.45376,-12.044359,-5.587623,7.883233,-0.2056608,1.9281476,8.320594,-10.571926,5.3379016,7.2295523,2.7180138,10.582282,-1.1912531,11.840069,-37.4417,58.90356,-7.6253715,6.133105,1.1854057,-0.9978247,-10.192466,22.50384,68.121315,-14.764029,6.741069,-1.04289
1257,3.454556941986084,-2.0306613445281982,78.16117095947266,-0.6835285597203887,-6.841094404448997,124.22083987686787,10.792558,7.572801,13.496418,9.442668,-12.041964,-5.5912633,7.869389,-0.19690059,1.9594059,8.306352,-10.553161,5.3569307,7.236633,2.7126052,10.56235,-1.2125386,11.835988,-37.49629,58.938328,-7.6313877,6.118224,1.1991061,-0.98876864,-10.195989,22.516048,68.11497,-14.741125,6.7445316,-1.0361333
1258,3.454408884048462,-2.0302693843841553,78.16458129882812,-0.6887194130861228,-6.834561490668383,124.17834591490035,10.7950115,7.583312,13.528774,9.437151,-12.04006,-5.5986586,7.856266,-0.18560153,1.9792284,8.295639,-10.532112,5.372015,7.2231584,2.7077,10.554659,-1.2188898,11.835555,-37.50845,58.95108,-7.6078024,6.104618,1.2109327,-0.9945157,-10.196567,22.518187,68.11063,-14.73342,6.7473464,-1.0251619
1259,3.4524619579315186,-2.037034749984741,78.16484832763672,-0.6948745248556608,-6.828173759732377,124.13529142442466,10.799375,7.5931926,13.561832,9.430545,-12.037417,-5.6060224,7.845794,-0.17479573,1.9999958,8.2816725,-10.50872,5.386694,7.2120776,2.7018676,10.54658,-1.2275081,11.835338,-37.525837,58.96818,-7.5863647,6.08672,1.2235905,-0.9982762,-10.196933,22.521109,68.10381,-14.722204,6.750393,-1.0133578
1260,3.4508094787597656,-2.043224573135376,78.16546630859375,-0.6974471370545173,-6.823594561837957,124.09509182676332,10.805816,7.597883,13.596327,9.423052,-12.035542,-5.609034,7.8368697,-0.16900572,2.0274277,8.268611,-10.489709,5.40496,7.2066245,2.694808,10.535968,-1.2380328,11.835189,-37.559574,58.983803,-7.5714984,6.072717,1.231802,-0.997764,-10.197567,22.523365,68.10063,-14.715271,6.7512736,-1.005733
1261,3.4479246139526367,-2.0470993518829346,78.16624450683594,-0.6952369068889597,-6.819895255122074,124.06152388064487,10.812202,7.595194,13.630714,9.417112,-12.035959,-5.606204,7.8270507,-0.17113338,2.0634565,8.260247,-10.47949,5.4289284,7.190354,2.6863403,10.529531,-1.2419555,11.835365,-37.57566,58.983597,-7.538448,6.0632787,1.2244184,-1.0013579,-10.198007,22.52491,68.10247,-14.730506,6.747802,-0.9982515
1262,3.439784049987793,-2.053314685821533,78.16522979736328,-0.6888408756303939,-6.816610076232095,124.02799381113259,10.82477,7.5851936,13.669523,9.40144,-12.032676,-5.5998654,7.8159575,-0.17919701,2.108552,8.256501,-10.475194,5.4561396,7.1873913,2.6760619,10.515986,-1.2481556,11.836045,-37.61836,58.9875,-7.5157833,6.049714,1.2134181,-0.99859655,-10.199397,22.524015,68.109276,-14.747534,6.7408924,-0.99081784
1263,3.4341864585876465,-2.0604891777038574,78.16387939453125,-0.6833648105743626,-6.815193047519531,123.99561040623567,10.83705,7.5758114,13.707983,9.390837,-12.032394,-5.5917664,7.8076487,-0.1874346,2.1540983,8.251121,-10.469856,5.483782,7.185385,2.6676655,10.507518,-1.2540776,11.837638,-37.65876,58.984425,-7.4916916,6.0433393,1.2019234,-0.9931974,-10.202233,22.515818,68.11035,-14.767798,6.7346897,-0.9868671
1264,3.432614326477051,-2.0683703422546387,78.16558837890625,-0.6807865930259335,-6.817162332208295,123.95862633933027,10.851033,7.5714383,13.748781,9.385863,-12.035867,-5.5836,7.803429,-0.19105384,2.1977599,8.243203,-10.459505,5.5089073,7.1761584,2.6608047,10.506774,-1.2568967,11.838425,-37.67229,58.979057,-7.464349,6.0468183,1.1950612,-0.99579084,-10.20353,22.513523,68.11065,-14.779586,6.7327666,-0.9898953
1265,3.435166835784912,-2.075078248977661,78.16641235351562,-0.6796084648356093,-6.826089625849629,123.91298919041931,10.873448,7.5711975,13.795417,9.380836,-12.0413265,-5.5731797,7.8018923,-0.19000432,2.2404666,8.240393,-10.445709,5.5333586,7.181992,2.6582458,10.512511,-1.2606779,11.839859,-37.693027,58.970695,-7.452332,6.0673313,1.2058688,-0.9947802,-10.205985,22.50415,68.10314,-14.770312,6.737498,-1.0053012
1266,3.4309372901916504,-2.0820162296295166,78.16903686523438,-0.6810627662527295,-6.838174666406801,123.86380512631706,10.896521,7.5746155,13.843963,9.383409,-12.051665,-5.5604796,7.804417,-0.18622984,2.2817261,8.235396,-10.4275255,5.5577636,7.1822476,2.6574433,10.523092,-1.2613115,11.84026,-37.69649,58.961,-7.4407916,6.0988073,1.2236323,-0.99877554,-10.206747,22.499868,68.09567,-14.751394,6.746169,-1.028681
1267,3.427579641342163,-2.087369203567505,78.1680679321289,-0.6832940176022384,-6.852080531816566,123.81293843022009,10.922631,7.58018,13.894103,9.383939,-12.061174,-5.550383,7.808003,-0.17975527,2.3231988,8.230205,-10.408001,5.57772,7.186904,2.6587927,10.538068,-1.2629409,11.841126,-37.699596,58.949165,-7.4323716,6.1322184,1.2400241,-1.00387,-10.208324,22.491344,68.08576,-14.730866,6.755841,-1.0542669
1268,3.42569637298584,-2.0920002460479736,78.16680908203125,-0.6877382793673996,-6.860434787629996,123.76751526667059,10.941204,7.5881615,13.93927,9.384794,-12.068463,-5.547406,7.8054943,-0.1706757,2.3615777,8.226847,-10.390638,5.5890837,7.1869593,2.6607761,10.547806,-1.266354,11.84328,-37.7026,58.945778,-7.4270797,6.149985,1.2397988,-1.0082175,-10.211178,22.480343,68.07645,-14.72079,6.7593613,-1.0694193
1269,3.42447566986084,-2.0977652072906494,78.16393280029297,-0.6952606568419368,-6.863449421712892,123.72770738521383,10.955299,7.5999475,13.98006,9.37969,-12.06914,-5.556409,7.794997,-0.15680319,2.397857,8.23058,-10.378851,5.587232,7.179874,2.6625843,10.551938,-1.2712698,11.844328,-37.70326,58.95324,-7.425572,6.148166,1.2163649,-1.0110953,-10.211947,22.475046,68.068146,-14.72398,6.756675,-1.0747485
1270,3.424623489379883,-2.105311393737793,78.16280364990234,-0.7040311567384903,-6.863784621907565,123.69304360810072,10.964742,7.614664,14.015936,9.373789,-12.067144,-5.573371,7.7814207,-0.13982801,2.4303699,8.234622,-10.368258,5.575744,7.168543,2.6643896,10.552071,-1.2760787,11.845104,-37.70311,58.966366,-7.428049,6.135556,1.1800722,-1.0138669,-10.21231,22.470798,68.06196,-14.733562,6.7495217,-1.0737456
1271,3.4245285987854004,-2.110700845718384,78.16377258300781,-0.7125087392294553,-6.861926428801963,123.6549758725581,10.974945,7.6290536,14.05571,9.362928,-12.062726,-5.5912905,7.7630243,-0.12199642,2.4664567,8.241859,-10.358522,5.5618095,7.16502,2.666408,10.5553,-1.2942474,11.849033,-37.704353,58.992867,-7.432426,6.113027,1.1316528,-1.0152714,-10.213684,22.45273,68.04862,-14.750837,6.740663,-1.0677764
1272,3.427258014678955,-2.1141788959503174,78.16699981689453,-0.7187373522560483,-6.8575743846519766,123.62188283617272,10.978416,7.63864,14.089576,9.356747,-12.060457,-5.6011863,7.7466097,-0.10998062,2.495636,8.242415,-10.34659,5.5536013,7.151698,2.6667075,10.552969,-1.2988966,11.851214,-37.7088,59.007847,-7.4349875,6.1016583,1.1068385,-1.0206349,-10.214443,22.444221,68.03998,-14.750573,6.736975,-1.0678164
1273,3.423732042312622,-2.1205782890319824,78.16854095458984,-0.7211211048132316,-6.848595541055732,123.58992247393822,10.976871,7.640459,14.121367,9.349605,-12.059051,-5.6010995,7.7234125,-0.10533647,2.52059,8.247714,-10.3377,5.553412,7.1417394,2.6643615,10.548466,-1.3033737,11.855526,-37.726948,59.018864,-7.43714,6.099746,1.1040524,-1.0271294,-10.216284,22.430614,68.02682,-14.733558,6.7393036,-1.0711483
1274,3.4175186157226562,-2.129350423812866,78.17110443115234,-0.7213601062639752,-6.835642938184653,123.56028324347291,10.96912,7.6380396,14.150106,9.344466,-12.058726,-5.5954294,7.698473,-0.105345815,2.5409665,8.248942,-10.327225,5.5569916,7.1381364,2.661027,10.538064,-1.3051089,11.863815,-37.76785,59.02602,-7.4461985,6.10254,1.1168631,-1.0282713,-10.221245,22.410843,68.00853,-14.703716,6.745151,-1.0762175
1275,3.4144248962402344,-2.140167713165283,78.1697006225586,-0.7213536607052368,-6.823101028576551,123.53184375095205,10.9608965,7.633887,14.177633,9.341559,-12.059442,-5.5858994,7.675252,-0.10713274,2.5609658,8.249352,-10.316744,5.56207,7.122323,2.6571567,10.529635,-1.3026787,11.867679,-37.794575,59.03179,-7.4517317,6.1077824,1.1357898,-1.0345796,-10.224291,22.402004,67.9924,-14.668505,6.7532306,-1.0847608
1276,3.4104180335998535,-2.1477625370025635,78.17068481445312,-0.7210405445141128,-6.816310384072751,123.50372156968186,10.957555,7.630299,14.205263,9.341946,-12.0612335,-5.574232,7.657462,-0.108527794,2.5834298,8.251141,-10.306335,5.566655,7.1080117,2.654606,10.526625,-1.3004858,11.870677,-37.824387,59.033726,-7.4666514,6.112544,1.156639,-1.0391595,-10.226958,22.38923,67.977585,-14.635079,6.7592683,-1.0964478
1277,3.4076881408691406,-2.155512571334839,78.17095184326172,-0.7207266348642367,-6.817627280992415,123.47505446949373,10.96149,7.6273656,14.23446,9.345571,-12.063017,-5.558056,7.6462855,-0.10934742,2.6114557,8.256106,-10.295869,5.5719466,7.0834093,2.6523473,10.533749,-1.2972504,11.872199,-37.843594,59.03188,-7.4906015,6.115131,1.1783412,-1.049131,-10.228194,22.37884,67.968346,-14.605345,6.761891,-1.1129355
1278,3.404057025909424,-2.160952091217041,78.17049407958984,-0.7199828588288056,-6.823936502816776,123.44632531824426,10.967707,7.6241717,14.263993,9.356415,-12.06757,-5.5373683,7.638697,-0.110662654,2.6425567,8.265195,-10.286791,5.5784135,7.0643363,2.6523528,10.547586,-1.2959826,11.875179,-37.88042,59.024048,-7.531298,6.1173563,1.2073978,-1.0611335,-10.230054,22.356693,67.96272,-14.574991,6.762119,-1.1327572
1279,3.3974268436431885,-2.172079086303711,78.1695327758789,-0.7197091326455424,-6.831450198437112,123.4198979336398,10.976232,7.620765,14.291243,9.365997,-12.071898,-5.517462,7.632186,-0.11203587,2.6717658,8.278115,-10.280926,5.5829988,7.0654783,2.6538482,10.562033,-1.3022743,11.879988,-37.93731,59.016,-7.57689,6.1219344,1.2365533,-1.0582511,-10.231882,22.310818,67.947876,-14.552972,6.7618594,-1.1516633
1280,3.395237684249878,-2.177778720855713,78.17021179199219,-0.7187025924444531,-6.838160427411216,123.39959788128922,10.984593,7.6171317,14.311655,9.3709955,-12.075418,-5.5034957,7.629704,-0.11345848,2.6922717,8.283994,-10.274935,5.582618,7.05829,2.6534178,10.572682,-1.3027484,11.882923,-37.96599,59.00968,-7.593431,6.129307,1.2538795,-1.0553656,-10.232346,22.276707,67.934525,-14.535086,6.7658935,-1.1680765
1281,3.3946826457977295,-2.184156894683838,78.1697998046875,-0.7183008931902366,-6.840661146485153,123.38743092048232,10.990162,7.6126904,14.322135,9.372338,-12.078934,-5.4976535,7.625591,-0.11591444,2.7001452,8.293587,-10.276992,5.5779796,7.045909,2.6515255,10.574915,-1.2974423,11.884233,-37.973133,59.005913,-7.580452,6.1418924,1.2583888,-1.0507491,-10.2320385,22.2551,67.926414,-14.517293,6.774022,-1.1810526
1282,3.3949387073516846,-2.186598539352417,78.17057037353516,-0.7158720797825288,-6.842873207772514,123.3805179073214,10.99622,7.6071057,14.32632,9.368861,-12.081182,-5.496848,7.6235094,-0.11922168,2.7000406,8.301031,-10.281921,5.570253,7.047781,2.6497881,10.576455,-1.2926624,11.887024,-37.975414,58.99747,-7.5418663,6.1608343,1.253555,-1.0341208,-10.230046,22.20774,67.91019,-14.516866,6.785227,-1.1900461
1283,3.3884470462799072,-2.186396598815918,78.17124938964844,-0.715618237603014,-6.8452016625087895,123.37666773129719,11.002973,7.602588,14.32808,9.364801,-12.084188,-5.4985127,7.6216044,-0.12104727,2.6976278,8.312093,-10.288892,5.5570126,7.045544,2.6487408,10.577592,-1.2868559,11.888415,-37.968098,58.991287,-7.498551,6.178215,1.2441272,-1.0189844,-10.228078,22.173529,67.895035,-14.516764,6.797971,-1.1979578
1284,3.379518508911133,-2.1893277168273926,78.17205810546875,-0.7177334402662959,-6.8509598572593,123.37312738472986,11.011216,7.6015854,14.331345,9.365289,-12.090951,-5.4999466,7.6201234,-0.11911349,2.6987872,8.328013,-10.2949915,5.535923,7.0413227,2.6517327,10.583223,-1.2821374,11.889922,-37.956284,58.985626,-7.4617987,6.189412,1.2334919,-1.0101775,-10.225099,22.140919,67.88108,-14.5222225,6.810342,-1.2045617
1285,3.373716354370117,-2.1938226222991943,78.17192840576172,-0.7245855417727262,-6.858892239130069,123.36979363785727,11.020775,7.605557,14.338523,9.367656,-12.100837,-5.5016284,7.614548,-0.1113333,2.70643,8.354441,-10.300482,5.5037136,7.0339994,2.66043,10.591089,-1.278404,11.890756,-37.946964,58.981876,-7.4397593,6.1912107,1.2232133,-1.0081028,-10.223072,22.12197,67.8689,-14.534756,6.823577,-1.2090024
1286,3.366900682449341,-2.1970131397247314,78.17425537109375,-0.7343648346123913,-6.868500723563585,123.36762963773447,11.030663,7.613073,14.346965,9.372895,-12.11395,-5.504608,7.6106267,-0.09955773,2.7170682,8.380327,-10.302276,5.4625688,7.027081,2.6732066,10.601615,-1.2754916,11.891638,-37.935265,58.97812,-7.4212804,6.1874447,1.2106203,-1.0085872,-10.220766,22.104855,67.85539,-14.557577,6.838248,-1.2107137
1287,3.3636207580566406,-2.201854944229126,78.1715316772461,-0.7437245574063522,-6.882111293886185,123.36599951473211,11.043327,7.6210127,14.354239,9.380619,-12.128438,-5.506967,7.6057353,-0.08706077,2.727181,8.41724,-10.309729,5.4181156,7.0210595,2.686808,10.619045,-1.2733469,11.893468,-37.91228,58.971664,-7.397932,6.1826606,1.1941468,-1.0132074,-10.215816,22.079557,67.84109,-14.584407,6.8512473,-1.2123839
1288,3.3593740463256836,-2.203997850418091,78.16866302490234,-0.7519269785571232,-6.899993595707639,123.36491330530193,11.061956,7.626009,14.357733,9.388715,-12.141377,-5.5067906,7.6113114,-0.07767866,2.7327158,8.44661,-10.316457,5.376055,7.0153503,2.7001774,10.635475,-1.2693399,11.894319,-37.89813,58.968464,-7.3893814,6.1797085,1.1819284,-1.0140269,-10.213054,22.067057,67.82615,-14.579599,6.860826,-1.2213206
1289,3.352874994277954,-2.205561637878418,78.16645812988281,-0.7551532007444982,-6.928315782624097,123.36141736866522,11.089767,7.6273966,14.357551,9.403391,-12.155572,-5.502195,7.6254764,-0.07234452,2.7339635,8.483028,-10.33141,5.3364167,7.014512,2.711248,10.663272,-1.2649529,11.895421,-37.87063,58.962685,-7.375786,6.181899,1.1666902,-1.0138031,-10.208629,22.046307,67.80637,-14.552474,6.864919,-1.2376627
1290,3.3461575508117676,-2.208383083343506,78.1631851196289,-0.7561988746172287,-6.963491942072777,123.35681861818111,11.12438,7.6269097,14.354654,9.420674,-12.169568,-5.494657,7.646738,-0.06884229,2.7322037,8.521763,-10.349766,5.2967005,7.0169835,2.7224941,10.696792,-1.2612857,11.896276,-37.84073,58.95759,-7.3684487,6.185891,1.1512194,-1.0121697,-10.203887,22.02633,67.78348,-14.50382,6.864781,-1.2592851
1291,3.341254711151123,-2.2105562686920166,78.16084289550781,-0.7574593122552884,-6.998187194134967,123.35542154588195,11.161087,7.6240616,14.349103,9.433931,-12.181212,-5.487256,7.6698384,-0.067540154,2.7272344,8.559648,-10.369161,5.2587843,7.0143514,2.7318044,10.732793,-1.2569423,11.897307,-37.799072,58.951347,-7.354037,6.1901193,1.1335664,-1.0146875,-10.1962185,21.999807,67.76255,-14.460177,6.863494,-1.2811967
1292,3.3361997604370117,-2.2118632793426514,78.16168975830078,-0.7575036874541246,-7.025889276685357,123.36115228369259,11.18719,7.620507,14.339633,9.4462805,-12.191672,-5.483257,7.688643,-0.067645274,2.7180822,8.591007,-10.385726,5.2242823,6.999132,2.737913,10.760553,-1.2493243,11.898684,-37.75154,58.945812,-7.334248,6.1915584,1.1173333,-1.0305605,-10.18242,21.968473,67.7586,-14.435908,6.862666,-1.3005711
1293,3.332404136657715,-2.2143425941467285,78.16166687011719,-0.7598217294757711,-7.041696754927067,123.37610636041784,11.203428,7.6146984,14.327137,9.449568,-12.197638,-5.4846025,7.700996,-0.06925927,2.703793,8.613669,-10.39829,5.193751,6.9758596,2.7457793,10.766013,-1.2370929,11.898855,-37.737846,58.94679,-7.3395004,6.1873884,1.1142268,-1.0320544,-10.177695,21.950474,67.75005,-14.405563,6.8655467,-1.318084
1294,3.3282206058502197,-2.2137844562530518,78.1620101928711,-0.7612267650634129,-7.0522365373381675,123.39744888780176,11.213769,7.607041,14.311459,9.448661,-12.201241,-5.4892287,7.7084117,-0.07266362,2.684943,8.637245,-10.412883,5.1662836,6.9450903,2.753951,10.767813,-1.2212477,11.898786,-37.71936,58.943565,-7.3345146,6.1811495,1.1115365,-1.0380647,-10.1727705,21.916067,67.746796,-14.396911,6.867749,-1.3314002
1295,3.3199801445007324,-2.2137014865875244,78.16202545166016,-0.7619864053287375,-7.059333287040368,123.42319695528542,11.21945,7.598614,14.292474,9.446356,-12.203253,-5.4941635,7.714655,-0.077375114,2.6637075,8.656097,-10.424579,5.141402,6.9222436,2.7599878,10.76959,-1.2140135,11.898232,-37.70011,58.94404,-7.323508,6.174889,1.1055872,-1.0482807,-10.161143,21.851353,67.748566,-14.414497,6.8688912,-1.3413959
1296,3.312762498855591,-2.211974859237671,78.16179656982422,-0.7637450332048918,-7.064462657918222,123.45131220869752,11.221527,7.591509,14.269985,9.446675,-12.205443,-5.496421,7.719831,-0.08228872,2.6419039,8.67545,-10.434947,5.1187096,6.9069185,2.763096,10.764441,-1.2093071,11.896745,-37.692173,58.950047,-7.3238406,6.170303,1.1006389,-1.0516211,-10.145502,21.79328,67.74886,-14.4353,6.873549,-1.3569003
1297,3.308839797973633,-2.2116854190826416,78.16242218017578,-0.7661094884981485,-7.066690809720785,123.48289173435157,11.216923,7.586831,14.242952,9.4522085,-12.208274,-5.4950905,7.7240973,-0.08694988,2.6204624,8.692339,-10.440617,5.097886,6.8858724,2.7664595,10.752167,-1.1999195,11.895054,-37.68046,58.954338,-7.3394594,6.166522,1.0914364,-1.0501924,-10.135566,21.757803,67.74477,-14.457842,6.8821373,-1.3759838
1298,3.3012118339538574,-2.211210012435913,78.1648178100586,-0.7690288981623598,-7.065476947589798,123.51830990437948,11.2056,7.583679,14.211832,9.461398,-12.211212,-5.4918833,7.726622,-0.091721214,2.5985277,8.706509,-10.44219,5.0793056,6.8683186,2.7687902,10.737035,-1.1943316,11.892626,-37.663357,58.96106,-7.3531685,6.1640778,1.0761628,-1.0498589,-10.12631,21.712324,67.7432,-14.50477,6.891888,-1.3947089
1299,3.2972774505615234,-2.2071242332458496,78.16950225830078,-0.7713946718510007,-7.06433481247317,123.55464305913598,11.195192,7.579559,14.178955,9.46893,-12.213601,-5.487438,7.7286797,-0.09778319,2.5744636,8.723624,-10.447,5.063203,6.853127,2.7694714,10.721742,-1.1870897,11.889197,-37.645775,58.96553,-7.364547,6.162809,1.0634205,-1.0467384,-10.116397,21.673462,67.73725,-14.54793,6.90248,-1.41514
1300,3.2894842624664307,-2.206188678741455,78.16967010498047,-0.7724102942001535,-7.067511360506011,123.5885080212835,11.189875,7.574163,14.146842,9.477892,-12.219112,-5.4827075,7.7379045,-0.105176345,2.5476685,8.735528,-10.454846,5.049749,6.8416963,2.7695467,10.710162,-1.176321,11.88703,-37.62993,58.965565,-7.3654323,6.1627827,1.0576177,-1.0409287,-10.111583,21.651781,67.72608,-14.571548,6.910248,-1.4359853
1301,3.2820682525634766,-2.203984022140503,78.16963195800781,-0.7699348223066087,-7.077219851454666,123.61893196622093,11.193831,7.564767,14.115485,9.48315,-12.225847,-5.476397,7.7551193,-0.11602523,2.5155048,8.744779,-10.470115,5.040251,6.8405576,2.7658665,10.706788,-1.1653466,11.884757,-37.612175,58.961357,-7.3391957,6.1649284,1.0594208,-1.0346648,-10.107764,21.636806,67.70936,-14.573976,6.9138284,-1.4594301
1302,3.2824153900146484,-2.198192596435547,78.16775512695312,-0.766174110568283,-7.090226015849246,123.64783565069779,11.203097,7.55298,14.083808,9.487213,-12.233915,-5.4685864,7.7781515,-0.12917393,2.4794312,8.750148,-10.488935,5.0342193,6.8434267,2.7581713,10.709629,-1.1542895,11.880421,-37.580692,58.956127,-7.2850614,6.1694493,1.0641156,-1.0299406,-10.102317,21.624723,67.69,-14.571489,6.915377,-1.4850416
1303,3.2735626697540283,-2.1957833766937256,78.16435241699219,-0.762521675650241,-7.103103154727353,123.67390282151061,11.212833,7.5424595,14.054571,9.49198,-12.243346,-5.4621058,7.8008695,-0.14108278,2.4454043,8.754481,-10.507913,5.0290556,6.8543153,2.753223,10.709725,-1.1473403,11.878466,-37.569984,58.95321,-7.2537956,6.1724286,1.0728165,-1.0278953,-10.100587,21.622442,67.675514,-14.55924,6.9140215,-1.5042242
1304,3.2652587890625,-2.1918187141418457,78.16016387939453,-0.7617511282177071,-7.118404743909415,123.70312404950869,11.225557,7.535481,14.023497,9.496883,-12.252594,-5.459365,7.829616,-0.14981873,2.412339,8.755199,-10.523565,5.022541,6.841254,2.750646,10.716155,-1.1271914,11.870282,-37.51442,58.944023,-7.2059207,6.176951,1.0755787,-1.0303949,-10.094609,21.62837,67.66435,-14.570338,6.9119706,-1.5174958
1305,3.26625394821167,-2.185454845428467,78.15760803222656,-0.7645350926857875,-7.1309572231694025,123.72923079447426,11.238005,7.5346484,13.997666,9.500013,-12.260892,-5.462658,7.850975,-0.15179092,2.388511,8.763095,-10.537174,5.012643,6.842593,2.7575517,10.716262,-1.1174102,11.868662,-37.50311,58.9391,-7.223183,6.178781,1.0819618,-1.0295713,-10.093609,21.629494,67.6568,-14.592594,6.9056144,-1.5130885
1306,3.2623085975646973,-2.1807596683502197,78.15550231933594,-0.7709102835062865,-7.143538761976498,123.75393261632571,11.2511425,7.5386844,13.974032,9.504472,-12.270298,-5.4701977,7.8753033,-0.14906621,2.369426,8.765437,-10.545425,5.001106,6.8385844,2.7697494,10.71696,-1.104935,11.865073,-37.48248,58.932575,-7.255579,6.180838,1.087775,-1.0298637,-10.091713,21.633282,67.65096,-14.631666,6.89673,-1.4977969
1307,3.2591023445129395,-2.173978567123413,78.1539535522461,-0.7772511131752015,-7.154953427541641,123.77951304814628,11.264336,7.5427413,13.950182,9.507541,-12.278459,-5.4785633,7.8969636,-0.1464111,2.3505056,8.772721,-10.55676,4.9907465,6.83765,2.7823806,10.716793,-1.0939733,11.863585,-37.470394,58.92731,-7.294758,6.1814303,1.0907431,-1.031072,-10.090964,21.635069,67.64994,-14.672562,6.8872905,-1.4776335
1308,3.2491722106933594,-2.1655025482177734,78.15287017822266,-0.7812344608276125,-7.164914519002903,123.80634256256661,11.274641,7.544465,13.924925,9.512192,-12.285876,-5.4848247,7.923199,-0.14659996,2.3287063,8.7699,-10.56569,4.9841986,6.828977,2.7917206,10.715447,-1.0775408,11.85968,-37.438854,58.923206,-7.312261,6.1809044,1.0844932,-1.032819,-10.088805,21.639313,67.652596,-14.711309,6.88116,-1.4589207
1309,3.246123790740967,-2.1582753658294678,78.15338897705078,-0.7809962819277732,-7.172763293822411,123.83556168568725,11.282346,7.541155,13.89666,9.515385,-12.290053,-5.487646,7.9481874,-0.15214749,2.3029292,8.769054,-10.579421,4.983422,6.8282766,2.7945297,10.71199,-1.0662102,11.856264,-37.412727,58.928177,-7.313,6.1761208,1.0678226,-1.0238945,-10.086124,21.639465,67.65013,-14.736532,6.880184,-1.4476631
1310,3.242959499359131,-2.1502039432525635,78.15512084960938,-0.7785725483110421,-7.179038972804899,123.86628918195545,11.287947,7.535721,13.866573,9.5191345,-12.292541,-5.4889627,7.974534,-0.16034919,2.275036,8.765175,-10.5938015,4.986583,6.833998,2.7941089,10.706052,-1.0572823,11.854176,-37.39354,58.93857,-7.307209,6.16832,1.0439659,-1.0088911,-10.083796,21.635092,67.64757,-14.755861,6.8819904,-1.4391005
1311,3.236532211303711,-2.1414268016815186,78.15482330322266,-0.7757349105268576,-7.183309623553729,123.89664367489264,11.2934065,7.5289598,13.838003,9.519454,-12.293276,-5.4898624,7.9974,-0.16950957,2.2465363,8.765384,-10.611778,4.9908175,6.8415446,2.7931542,10.698608,-1.0480802,11.852659,-37.37847,58.94754,-7.3036966,6.1626563,1.0194731,-0.99248916,-10.081544,21.628204,67.64658,-14.773762,6.884119,-1.4248257
1312,3.22952938079834,-2.1330275535583496,78.1518783569336,-0.7736039810525496,-7.186473864325158,123.92538902783528,11.297523,7.5234,13.8126135,9.519821,-12.295865,-5.491578,8.02,-0.17759739,2.2181566,8.75911,-10.6263485,4.993358,6.84367,2.7922468,10.689059,-1.0361245,11.850874,-37.353992,58.95382,-7.2993665,6.1632338,0.9960441,-0.9723207,-10.078525,21.613384,67.642334,-14.808326,6.8847623,-1.3953964
1313,3.2285194396972656,-2.1246252059936523,78.1490249633789,-0.7727891369779795,-7.187861127887268,123.95249300848138,11.301168,7.5191884,13.792443,9.5172415,-12.299753,-5.4955153,8.037578,-0.18402964,2.1891935,8.754404,-10.642463,4.992378,6.837501,2.7924852,10.680035,-1.0204835,11.847396,-37.310642,58.95231,-7.293121,6.175187,0.97196543,-0.9549002,-10.072507,21.582996,67.63862,-14.8745,6.881824,-1.3375056
1314,3.2201576232910156,-2.1162450313568115,78.14410400390625,-0.7730833109361708,-7.18726441419045,123.97845268809189,11.303734,7.515755,13.775831,9.513012,-12.304322,-5.500736,8.052487,-0.18966714,2.1595025,8.748842,-10.659141,4.989714,6.8270698,2.792928,10.66962,-1.0058283,11.842078,-37.261127,58.95121,-7.2903676,6.1940403,0.94799817,-0.94486547,-10.063635,21.544159,67.64479,-14.957079,6.8760614,-1.2612396
1315,3.212355136871338,-2.1070938110351562,78.14202117919922,-0.7723391933937188,-7.186170946251155,124.00236085810474,11.30676,7.5114717,13.76081,9.506501,-12.307841,-5.504678,8.06444,-0.19569387,2.1316884,8.745759,-10.676523,4.9880805,6.8179474,2.7941477,10.655811,-0.9895963,11.838487,-37.225193,58.94835,-7.2960057,6.2131195,0.9298031,-0.931524,-10.057878,21.511894,67.65077,-15.0271015,6.870694,-1.1874022
1316,3.2091851234436035,-2.1000053882598877,78.13888549804688,-0.770268883103138,-7.185129204313222,124.02319796928535,11.308228,7.506624,13.745049,9.505346,-12.312702,-5.5050383,8.077277,-0.20216134,2.1078327,8.740262,-10.690385,4.9898634,6.8126974,2.7935276,10.646114,-0.9761505,11.833909,-37.1883,58.945206,-7.2869415,6.227461,0.91632843,-0.921604,-10.050569,21.476158,67.65767,-15.081948,6.8688602,-1.1357123
1317,3.205623149871826,-2.089319944381714,78.13992309570312,-0.7650575240132023,-7.184589889212877,124.03909268387574,11.309955,7.4988585,13.7294,9.506507,-12.316237,-5.4980383,8.090067,-0.21081246,2.0908577,8.735275,-10.701807,4.9988413,6.812818,2.7904718,10.636566,-0.96366566,11.831467,-37.172832,58.942158,-7.2785635,6.2328944,0.916387,-0.90979064,-10.046476,21.458855,67.663666,-15.093967,6.8733053,-1.1181535
1318,3.206096649169922,-2.081347703933716,78.13975524902344,-0.7580535111895517,-7.183987207330564,124.05141152294566,11.3101845,7.48978,13.713948,9.512328,-12.320839,-5.4860644,8.104014,-0.22037761,2.0783272,8.725567,-10.7085085,5.0125012,6.816516,2.7852883,10.628708,-0.9513807,11.827681,-37.15821,58.938232,-7.256635,6.234162,0.9225875,-0.89930415,-10.039663,21.439121,67.67137,-15.091658,6.881282,-1.119763
1319,3.200468063354492,-2.0759148597717285,78.1413345336914,-0.7520195464347369,-7.182781429155198,124.06296481723933,11.310116,7.481421,13.697869,9.517875,-12.3249,-5.4756207,8.11537,-0.22914171,2.0666475,8.720792,-10.716928,5.024761,6.8195844,2.780685,10.6212,-0.94203085,11.825412,-37.150555,58.936195,-7.2380085,6.23429,0.93069047,-0.8907179,-10.035482,21.426619,67.67986,-15.077025,6.89001,-1.1297233
1320,3.1954505443573,-2.0681300163269043,78.1413345336914,-0.7494423756783523,-7.18101477056671,124.07725439238203,11.309991,7.4773016,13.678973,9.52027,-12.328005,-5.473341,8.126211,-0.2339767,2.0508504,8.716039,-10.725285,5.02918,6.8218594,2.7787762,10.61138,-0.93288416,11.821045,-37.136986,58.935814,-7.217037,6.2386727,0.93276453,-0.88132936,-10.027758,21.402224,67.68764,-15.074343,6.897192,-1.135978
1321,3.191377878189087,-2.0600481033325195,78.14025115966797,-0.7523260748845219,-7.177527409373369,124.09591235027213,11.310907,7.4775825,13.654306,9.515476,-12.328319,-5.4838786,8.134529,-0.23451778,2.028308,8.716379,-10.737251,5.0215845,6.819698,2.780375,10.600432,-0.9261356,11.8158655,-37.12035,58.93768,-7.204297,6.248654,0.92974806,-0.873816,-10.020062,21.373117,67.69506,-15.073727,6.902066,-1.1382654
1322,3.1846790313720703,-2.0512006282806396,78.13787841796875,-0.7587002563908009,-7.173163213057279,124.11695712500799,11.310056,7.481661,13.6252165,9.510633,-12.3288765,-5.5028377,8.141611,-0.23175095,2.0018804,8.718243,-10.749977,5.0060663,6.8145285,2.7849452,10.5884075,-0.92025,11.81032,-37.10186,58.9405,-7.1939373,6.2614064,0.9234758,-0.8672419,-10.013758,21.342508,67.701836,-15.071088,6.905485,-1.1410611
1323,3.1792712211608887,-2.0431735515594482,78.13633728027344,-0.7666293367273411,-7.168886760924588,124.13757540968065,11.310289,7.487799,13.598885,9.504734,-12.329452,-5.5229278,8.15026,-0.22700591,1.9765009,8.716745,-10.759886,4.9892135,6.810227,2.7914624,10.5789795,-0.91916335,11.803774,-37.081146,58.946,-7.1793046,6.2745657,0.9115141,-0.8612603,-10.007997,21.307625,67.70576,-15.078194,6.907815,-1.140888
1324,3.178309202194214,-2.0369791984558105,78.1352310180664,-0.7731025924419755,-7.165737223904892,124.15464230077045,11.31097,7.494346,13.582146,9.501765,-12.332228,-5.536831,8.15823,-0.22192827,1.9576089,8.715914,-10.767926,4.977703,6.806008,2.7966566,10.568804,-0.91806203,11.801108,-37.073273,58.951187,-7.1758084,6.285549,0.90054375,-0.8558208,-10.00605,21.294746,67.70815,-15.079773,6.912656,-1.1410369
1325,3.1757712364196777,-2.0308430194854736,78.1337890625,-0.7793328823405561,-7.165191585519218,124.1682665086184,11.31329,7.503437,13.579629,9.503021,-12.33803,-5.542383,8.169138,-0.21505317,1.9471568,8.71282,-10.771174,4.973328,6.8084626,2.8024042,10.5638275,-0.92824143,11.791354,-37.066685,58.966904,-7.164103,6.294153,0.88387007,-0.85053825,-9.999506,21.27976,67.70708,-15.1013,6.9208527,-1.1398195
1326,3.1760990619659424,-2.0241053104400635,78.13362121582031,-0.7850500886263051,-7.166727418317769,124.17912963597456,11.31653,7.5146275,13.587128,9.508036,-12.346758,-5.543481,8.181851,-0.20649101,1.9426748,8.707414,-10.770327,4.9726076,6.811273,2.807437,10.557858,-0.9436801,11.783388,-37.072163,58.99088,-7.1618266,6.2991285,0.8647569,-0.8469892,-9.994324,21.285938,67.707214,-15.119737,6.9306555,-1.1391921
1327,3.1751115322113037,-2.0178496837615967,78.13439178466797,-0.7894114023432088,-7.167125118247977,124.1874375927796,11.318869,7.5247207,13.596711,9.512663,-12.355073,-5.542296,8.191377,-0.19867647,1.9405435,8.7043,-10.77105,4.973913,6.8131113,2.811769,10.55115,-0.9552769,11.777604,-37.079224,59.0093,-7.1599073,6.3056455,0.8469128,-0.8443132,-9.990467,21.296877,67.706924,-15.140716,6.940236,-1.1362567
1328,3.1740148067474365,-2.008488416671753,78.13367462158203,-0.7919053514240184,-7.162814344463265,124.19277134129698,11.316909,7.53071,13.600545,9.516699,-12.361684,-5.5410705,8.197013,-0.19427253,1.9371333,8.696698,-10.771955,4.975583,6.814292,2.8115242,10.538214,-0.9646488,11.772461,-37.084663,59.028744,-7.157467,6.312634,0.8313985,-0.8425489,-9.987003,21.305704,67.71098,-15.158998,6.9451227,-1.1277436
1329,3.1703169345855713,-2.0021350383758545,78.13310241699219,-0.7890930224434728,-7.152770046391914,124.19250149931487,11.310895,7.5287814,13.596947,9.515413,-12.363534,-5.53899,8.194051,-0.19573715,1.9318658,8.690248,-10.779143,4.978875,6.814951,2.8067648,10.5201845,-0.96657515,11.767095,-37.084656,59.039387,-7.1485596,6.3252344,0.82064533,-0.84353894,-9.983115,21.304407,67.71887,-15.182881,6.9436874,-1.1078194
1330,3.172440528869629,-1.9941203594207764,78.13423156738281,-0.7827337908301331,-7.138674568828668,124.18776782195559,11.301763,7.5215473,13.589998,9.512329,-12.363385,-5.5353575,8.186101,-0.20143552,1.926575,8.681594,-10.788401,4.9841933,6.8170733,2.7982905,10.499641,-0.96766484,11.760879,-37.081875,59.047848,-7.135052,6.340672,0.8111053,-0.8480053,-9.977974,21.29251,67.73059,-15.215021,6.937215,-1.0786362
1331,3.171358585357666,-1.9885728359222412,78.13479614257812,-0.7771112541115651,-7.125213181363184,124.18286748833786,11.293833,7.515026,13.581391,9.508474,-12.36269,-5.5325236,8.178883,-0.20625234,1.9218459,8.673216,-10.797349,4.988181,6.81808,2.7907069,10.48302,-0.96630436,11.760005,-37.08091,59.049496,-7.1249614,6.3533206,0.8038055,-0.84941965,-9.977177,21.288977,67.735725,-15.237018,6.9313354,-1.055065
1332,3.164930582046509,-1.9842264652252197,78.13301086425781,-0.7750255563793155,-7.10981735860056,124.18323175746099,11.281865,7.512788,13.5711355,9.506916,-12.363157,-5.5320725,8.167027,-0.20770371,1.9167984,8.673963,-10.806015,4.988013,6.8210235,2.7857041,10.458447,-0.96541125,11.755425,-37.079502,59.05615,-7.109053,6.364626,0.792209,-0.8509017,-9.972566,21.273815,67.75076,-15.268342,6.9246817,-1.0342953
1333,3.158956289291382,-1.9783285856246948,78.13130950927734,-0.7804847959078889,-7.0974866401179515,124.19059723009313,11.270327,7.519922,13.558723,9.510952,-12.367512,-5.5357265,8.162184,-0.20164448,1.9127665,8.672873,-10.806472,4.9806542,6.8246765,2.7880847,10.437167,-0.9709885,11.751926,-37.084377,59.07002,-7.1007366,6.3653545,0.77966315,-0.8485248,-9.969303,21.27083,67.764984,-15.285514,6.9206786,-1.0346557
1334,3.1494386196136475,-1.9699759483337402,78.12938690185547,-0.7893262377220951,-7.085999718095469,124.20227388641429,11.259332,7.5313044,13.543934,9.514247,-12.371898,-5.541831,8.158743,-0.19191876,1.9092698,8.67438,-10.80383,4.9685516,6.8269024,2.7948136,10.416026,-0.976349,11.748108,-37.091724,59.083313,-7.0961976,6.36119,0.7669993,-0.84277934,-9.966178,21.27486,67.77814,-15.295424,6.918011,-1.0458485
1335,3.1558985710144043,-1.9619137048721313,78.12908935546875,-0.7997006352692706,-7.07536633017804,124.21496920345788,11.247317,7.5450754,13.530054,9.521993,-12.3787565,-5.549178,8.156473,-0.18030497,1.905419,8.675755,-10.800175,4.9558477,6.8290343,2.8008225,10.390011,-0.9857122,11.742737,-37.10532,59.108414,-7.095055,6.354064,0.755568,-0.83566755,-9.962423,21.284504,67.79638,-15.296027,6.917314,-1.0626588
1336,3.1529600620269775,-1.9520951509475708,78.12994384765625,-0.8059323510162653,-7.070189312979903,124.22451754022991,11.243318,7.556327,13.52219,9.525545,-12.3841,-5.5563836,8.15933,-0.17071907,1.9013826,8.674428,-10.798215,4.9470615,6.8283706,2.804238,10.372465,-0.9932558,11.737921,-37.11554,59.126873,-7.0865293,6.3510766,0.74700993,-0.83282703,-9.958964,21.288979,67.81269,-15.296343,6.921141,-1.0751971
1337,3.1548988819122314,-1.94722318649292,78.13151550292969,-0.8087197526783915,-7.070862008393475,124.23043609959915,11.248573,7.5647297,13.523689,9.526094,-12.388981,-5.5633254,8.167078,-0.16315459,1.8965464,8.672681,-10.799874,4.9443965,6.823631,2.8033419,10.365113,-0.9989045,11.7364,-37.119972,59.137222,-7.065386,6.352822,0.73927814,-0.83447456,-9.957434,21.287617,67.82568,-15.295045,6.9313135,-1.0815372
1338,3.1581051349639893,-1.9422991275787354,78.12995910644531,-0.8098214513647588,-7.07547874156528,124.2348525423601,11.258532,7.5726466,13.530864,9.527172,-12.394732,-5.5706234,8.179626,-0.15600419,1.890833,8.667052,-10.800902,4.9451385,6.817173,2.8003116,10.3629875,-1.0052265,11.734389,-37.125893,59.14568,-7.0386,6.35676,0.7334171,-0.83786887,-9.953694,21.282185,67.8378,-15.290705,6.946215,-1.086491
1339,3.1552906036376953,-1.931975245475769,78.13102722167969,-0.8100980380648084,-7.08275254660735,124.2376782432575,11.272508,7.579868,13.538843,9.526023,-12.399477,-5.5782204,8.196117,-0.14935392,1.8859099,8.658453,-10.802533,4.946164,6.8131976,2.79602,10.362796,-1.0137764,11.733322,-37.132263,59.15761,-7.0112205,6.3611393,0.7283322,-0.84431225,-9.950196,21.271662,67.85318,-15.285677,6.9614305,-1.0900596
1340,3.1593151092529297,-1.9209321737289429,78.13223266601562,-0.8109259723817913,-7.0879590328338455,124.23999356400125,11.284188,7.5857134,13.541258,9.525042,-12.404183,-5.585593,8.209037,-0.14351481,1.8821778,8.653625,-10.80731,4.9445066,6.8148685,2.7913365,10.362008,-1.0221804,11.731783,-37.14376,59.16802,-6.993397,6.366436,0.7280649,-0.8505128,-9.942325,21.24994,67.86716,-15.287277,6.9719167,-1.0914454
1341,3.151412010192871,-1.9126636981964111,78.13109588623047,-0.8134355287770834,-7.089529326626007,124.24040547685028,11.292896,7.589867,13.535748,9.523429,-12.408601,-5.593457,8.217641,-0.13881598,1.8819125,8.652155,-10.816824,4.938049,6.8140354,2.7875342,10.357829,-1.0234026,11.730804,-37.149014,59.17442,-6.9869347,6.3736324,0.73360926,-0.8553745,-9.937549,21.234173,67.877716,-15.288813,6.975976,-1.0899732
1342,3.1509294509887695,-1.907320261001587,78.1276626586914,-0.8157660684830939,-7.090151738072195,124.2397080849563,11.300409,7.5926256,13.525012,9.521609,-12.413014,-5.601684,8.223566,-0.13503341,1.8833402,8.653908,-10.8302555,4.9289007,6.8114576,2.7840946,10.353644,-1.017971,11.729373,-37.150078,59.17442,-6.985846,6.3830867,0.7446272,-0.8600971,-9.931986,21.217901,67.88454,-15.290295,6.977537,-1.0862062
1343,3.1532113552093506,-1.8994768857955933,78.12421417236328,-0.8184635644189985,-7.090195225218193,124.23917393084706,11.3075075,7.5949497,13.513672,9.519677,-12.416594,-5.6089687,8.228748,-0.13177674,1.8842928,8.657302,-10.844528,4.9202294,6.8050566,2.7797775,10.3486185,-1.0122294,11.727982,-37.149075,59.17671,-6.9893045,6.389845,0.7544123,-0.86340445,-9.927794,21.207785,67.88772,-15.288483,6.9779634,-1.0819952
1344,3.151141405105591,-1.8934396505355835,78.11934661865234,-0.8199110221687248,-7.091380395769564,124.24013059514932,11.314679,7.597342,13.506389,9.518807,-12.419351,-5.6138244,8.236896,-0.1292502,1.8822871,8.656666,-10.854271,4.9152594,6.7963467,2.7759955,10.3426695,-1.0057039,11.726957,-37.14917,59.179653,-6.9910607,6.39119,0.7576062,-0.86774266,-9.924932,21.198236,67.89302,-15.287986,6.976628,-1.0753901
1345,3.145502805709839,-1.888650894165039,78.11808013916016,-0.8197454959590912,-7.094270936908033,124.24394501842443,11.321162,7.6001883,13.504173,9.520971,-12.420606,-5.615522,8.248231,-0.12775703,1.8747865,8.653188,-10.859684,4.9162936,6.7847357,2.770579,10.336056,-1.0030658,11.725971,-37.153652,59.189972,-6.9967237,6.3818197,0.75126004,-0.8671591,-9.921765,21.190302,67.89205,-15.283266,6.9754868,-1.0682443
1346,3.1488592624664307,-1.884865164756775,78.11892700195312,-0.8198683410802282,-7.0970428218953785,124.2495340108832,11.327516,7.602602,13.504882,9.525068,-12.421126,-5.6148953,8.2616,-0.12773423,1.8638691,8.647725,-10.862435,4.9211283,6.7715964,2.763513,10.327992,-1.0023013,11.7251625,-37.162598,59.20554,-7.007141,6.3653436,0.7395007,-0.86360794,-9.918691,21.183535,67.88817,-15.276101,6.973467,-1.0602779
1347,3.145111083984375,-1.8794385194778442,78.11902618408203,-0.8198876017470641,-7.099928389721328,124.25561016642108,11.332667,7.6060967,13.506696,9.530154,-12.422234,-5.613225,8.274217,-0.12663263,1.8529043,8.642814,-10.86367,4.9261723,6.7606244,2.7568634,10.318492,-1.0046089,11.724368,-37.17615,59.22387,-7.0168962,6.348515,0.7258456,-0.8566913,-9.914703,21.177372,67.881775,-15.268908,6.9713945,-1.0526947
1348,3.145188808441162,-1.8664013147354126,78.1191177368164,-0.8201219871893353,-7.101884399500528,124.2608065948773,11.335885,7.611127,13.507477,9.535049,-12.425894,-5.611633,8.284689,-0.12308818,1.8452581,8.637167,-10.862693,4.9279766,6.7561107,2.7501845,10.306363,-1.0107108,11.723799,-37.19406,59.243294,-7.0193577,6.3390446,0.7151306,-0.84990954,-9.910341,21.17088,67.879036,-15.264876,6.97065,-1.0488946
1349,3.143651008605957,-1.8557289838790894,78.1208267211914,-0.8233090921207513,-7.099982257622902,124.26642069534599,11.336153,7.6178555,13.507097,9.537813,-12.432603,-5.6098204,8.28856,-0.116186604,1.841891,8.636441,-10.860694,4.9243174,6.74803,2.7458878,10.297218,-1.0146455,11.723837,-37.20082,59.25091,-7.0018897,6.3408847,0.7068612,-0.8505924,-9.908257,21.170511,67.87856,-15.264676,6.9714117,-1.0477128
1350,3.152811050415039,-1.8492040634155273,78.12144470214844,-0.8273021208922144,-7.09670966592195,124.27270373894339,11.329326,7.628531,13.505492,9.548576,-12.445807,-5.6077037,8.2896,-0.10535905,1.8403361,8.63531,-10.855738,4.9171104,6.745814,2.7409003,10.281533,-1.0251348,11.724348,-37.215984,59.266716,-6.977305,6.347644,0.6985018,-0.84981674,-9.904383,21.17302,67.88222,-15.262226,6.973318,-1.0494365
1351,3.158540964126587,-1.845571756362915,78.12450408935547,-0.8313175796502545,-7.094216032396553,124.27696621973803,11.326224,7.638156,13.504352,9.555086,-12.45732,-5.6056356,8.291038,-0.09475775,1.8410507,8.634441,-10.851109,4.9102697,6.743959,2.7377384,10.268281,-1.0334333,11.724968,-37.225815,59.27673,-6.950732,6.3571963,0.69065356,-0.85015804,-9.901581,21.17631,67.88678,-15.265668,6.9750867,-1.0520952
1352,3.154719591140747,-1.838982105255127,78.12855529785156,-0.8343840483248449,-7.095586945186775,124.27679972493604,11.329473,7.645412,13.503912,9.561327,-12.467282,-5.6044455,8.298245,-0.086709976,1.8433175,8.632201,-10.849757,4.907196,6.7466025,2.7358286,10.255893,-1.038454,11.726181,-37.23652,59.284134,-6.9332094,6.365869,0.68266517,-0.8483629,-9.896472,21.180029,67.895,-15.27477,6.9761724,-1.0551746
1353,3.1447463035583496,-1.832620620727539,78.12700653076172,-0.8356449080137834,-7.105383747196876,124.26954510306307,11.347346,7.648729,13.504935,9.563577,-12.472879,-5.6048374,8.314232,-0.08200449,1.8489139,8.631932,-10.854665,4.9093647,6.7540092,2.7379804,10.2504225,-1.038075,11.726749,-37.239464,59.284653,-6.9268107,6.3729615,0.6724241,-0.84446335,-9.893661,21.179777,67.906204,-15.298989,6.9748664,-1.0556239
1354,3.1420106887817383,-1.8245707750320435,78.12335205078125,-0.8363630346929756,-7.117927158790743,124.25782512661715,11.369353,7.6500854,13.505681,9.568402,-12.477989,-5.606127,8.334321,-0.07953689,1.856669,8.6317625,-10.862998,4.914836,6.765914,2.742354,10.249032,-1.0367945,11.72691,-37.239063,59.28145,-6.9268923,6.3793354,0.66209906,-0.83974016,-9.892265,21.178488,67.91775,-15.329887,6.9728985,-1.0547017
1355,3.1358680725097656,-1.8166165351867676,78.11995697021484,-0.8353232163199346,-7.135035171292551,124.24369291335043,11.399393,7.649959,13.508827,9.565901,-12.480474,-5.60752,8.360099,-0.07796789,1.8658342,8.626942,-10.870635,4.9216385,6.7789655,2.7491465,10.246144,-1.0293746,11.726983,-37.234943,59.27496,-6.9229894,6.3880515,0.6484928,-0.8309117,-9.8883915,21.17179,67.93249,-15.372763,6.969904,-1.054719
1356,3.141309976577759,-1.8154693841934204,78.11658477783203,-0.8349212429134817,-7.138125518668832,124.23486627718907,11.410561,7.649242,13.509796,9.565597,-12.48422,-5.6069474,8.368798,-0.078266844,1.8700762,8.624943,-10.877872,4.928428,6.7850413,2.751652,10.238457,-1.0289234,11.7268505,-37.232647,59.27242,-6.9136953,6.394188,0.6401787,-0.8297733,-9.885973,21.169737,67.94209,-15.399127,6.971554,-1.0577499
1357,3.1422131061553955,-1.818827509880066,78.115478515625,-0.8325968266245939,-7.131947193603255,124.23059867682339,11.409242,7.6476636,13.510285,9.562511,-12.490212,-5.6032925,8.368475,-0.08050926,1.8684673,8.6166935,-10.882487,4.937827,6.7816916,2.751087,10.222017,-1.0286136,11.726668,-37.230537,59.27186,-6.8923326,6.4009104,0.6338402,-0.8330134,-9.884276,21.169012,67.95056,-15.418359,6.977474,-1.0640898
1358,3.136579751968384,-1.8200769424438477,78.11422729492188,-0.8296310444848568,-7.116858147051492,124.22953093621035,11.397005,7.6444592,13.510013,9.557311,-12.496665,-5.597432,8.3601465,-0.085507244,1.8626043,8.602972,-10.884664,4.9498024,6.771684,2.747628,10.1982355,-1.0278989,11.726297,-37.22751,59.272167,-6.8630166,6.407396,0.6299557,-0.84053284,-9.8820915,21.170517,67.95899,-15.431186,6.987294,-1.0731348
1359,3.1298000812530518,-1.8154634237289429,78.11412048339844,-0.8265500382429093,-7.094470134198602,124.23026622831918,11.373876,7.6414037,13.509254,9.55401,-12.50183,-5.592,8.340258,-0.09013811,1.8567204,8.594238,-10.886381,4.9580274,6.753727,2.7443283,10.166454,-1.0225518,11.725088,-37.21658,59.272144,-6.826828,6.4136825,0.62469137,-0.8572191,-9.877816,21.18089,67.97704,-15.438912,6.998385,-1.0856011
1360,3.132847785949707,-1.810194492340088,78.11422729492188,-0.8247004514870743,-7.072146633302715,124.22899463099024,11.350923,7.6394157,13.51157,9.548968,-12.501127,-5.590052,8.316175,-0.09147095,1.8578547,8.590947,-10.884645,4.956187,6.7452755,2.7446468,10.140515,-1.0234482,11.724031,-37.2101,59.27273,-6.7963166,6.419339,0.6173998,-0.8676495,-9.875717,21.188282,67.986664,-15.4471245,7.005915,-1.1005177
1361,3.1345934867858887,-1.8064428567886353,78.11853790283203,-0.8267418908787485,-7.048229905641688,124.22544611514037,11.325756,7.639717,13.517842,9.545946,-12.493373,-5.5944533,8.280388,-0.087657765,1.8701774,8.60794,-10.883438,4.936055,6.7431755,2.751456,10.1152935,-1.0250239,11.722244,-37.199043,59.273636,-6.7663546,6.4237714,0.6018814,-0.8772648,-9.873948,21.197254,67.99925,-15.45626,7.00819,-1.1210715
1362,3.139209032058716,-1.808076024055481,78.12104797363281,-0.8297127252492437,-7.0248992530806955,124.22086415921787,11.300163,7.641464,13.526699,9.5423565,-12.480291,-5.6031246,8.241923,-0.08023259,1.8896002,8.627994,-10.877047,4.9030833,6.7485795,2.7620263,10.093368,-1.0301406,11.720917,-37.19052,59.275288,-6.737138,6.4269032,0.58271706,-0.88131785,-9.873349,21.202082,68.00516,-15.466693,7.0082884,-1.1457121
1363,3.1446151733398438,-1.8111333847045898,78.1251220703125,-0.8322370581138381,-6.993623472546253,124.21607259229881,11.265327,7.642106,13.536116,9.537422,-12.464149,-5.610599,8.190952,-0.073570475,1.9089874,8.652961,-10.871019,4.871918,6.752443,2.7717946,10.067931,-1.0370905,11.717251,-37.17402,59.278095,-6.702989,6.4315925,0.5628277,-0.88525695,-9.8727045,21.210402,68.00863,-15.477865,7.008799,-1.1700784
1364,3.140040159225464,-1.8155945539474487,78.1301498413086,-0.8321465558153514,-6.950851694167847,124.21307121010837,11.215993,7.640258,13.542094,9.531589,-12.447426,-5.6117773,8.133791,-0.071363926,1.9196495,8.661861,-10.85996,4.857109,6.752538,2.7769995,10.034296,-1.04517,11.711514,-37.158596,59.283512,-6.6654987,6.4393106,0.54899204,-0.89117837,-9.872456,21.220564,68.01354,-15.489456,7.0125,-1.1884105
1365,3.1503424644470215,-1.8106458187103271,78.13681030273438,-0.8273430975905134,-6.890646280220812,124.21129105231931,11.146143,7.6340766,13.545209,9.523106,-12.430378,-5.6025934,8.067325,-0.07603256,1.918689,8.644596,-10.840107,4.8680344,6.757827,2.7753885,9.986437,-1.053471,11.707333,-37.154003,59.285484,-6.6290283,6.453321,0.54401195,-0.89143354,-9.872478,21.22586,68.012024,-15.5029745,7.021312,-1.1989875
1366,3.158086061477661,-1.8155474662780762,78.14229583740234,-0.8195211226121529,-6.815118539128386,124.21066502090028,11.055467,7.6255026,13.545894,9.516811,-12.413069,-5.5866756,7.987309,-0.084785335,1.9102743,8.615468,-10.815827,4.895109,6.7640452,2.7688925,9.924662,-1.0639181,11.700585,-37.152493,59.290962,-6.5905676,6.470902,0.5431388,-0.8885956,-9.872592,21.230764,68.00778,-15.517773,7.0333443,-1.2048099
1367,3.1561050415039062,-1.823137879371643,78.14480590820312,-0.8120123021132986,-6.749562505713371,124.21060051500416,10.98051,7.6164474,13.546006,9.501052,-12.392821,-5.5711064,7.9232078,-0.0937693,1.900048,8.57689,-10.788958,4.924097,6.7686105,2.7641363,9.879445,-1.0724038,11.698698,-37.154022,59.291325,-6.553521,6.486733,0.547398,-0.88821906,-9.872647,21.232937,68.0048,-15.532927,7.043889,-1.2085795
1368,3.154681921005249,-1.8319746255874634,78.14523315429688,-0.8063979958039903,-6.670601981574531,124.21474402636979,10.8797865,7.6109204,13.538971,9.503047,-12.377934,-5.5604663,7.8334785,-0.100759216,1.8888757,8.560987,-10.769535,4.941396,6.7699947,2.7589884,9.819205,-1.0943376,11.684071,-37.163948,59.30959,-6.5127378,6.505048,0.55500513,-0.8884993,-9.873093,21.2387,68.00595,-15.542539,7.055637,-1.2116811
1369,3.158599615097046,-1.8385632038116455,78.14424896240234,-0.8039512628004809,-6.619435430556408,124.22111194894586,10.815353,7.6080065,13.529025,9.494717,-12.360299,-5.559524,7.774893,-0.1035747,1.8806515,8.549196,-10.753516,4.9410048,6.7596407,2.7592876,9.797886,-1.1108053,11.679734,-37.17118,59.314754,-6.4710336,6.517473,0.5675424,-0.89738214,-9.873307,21.242283,68.01151,-15.555463,7.0609694,-1.2118539
1370,3.1609301567077637,-1.8447121381759644,78.1432113647461,-0.802928352930226,-6.573983020340344,124.23074790652046,10.752315,7.608084,13.513628,9.493057,-12.34555,-5.5637193,7.717893,-0.1043666,1.8713746,8.547603,-10.742222,4.9312263,6.7471795,2.7652874,9.781714,-1.1482472,11.655563,-37.198166,59.34905,-6.438734,6.5272455,0.59023947,-0.91701484,-9.874222,21.248026,68.0342,-15.560777,7.0636625,-1.210644
1371,3.1687777042388916,-1.8482270240783691,78.14662170410156,-0.8023721023568053,-6.532397253251374,124.24043532170208,10.695234,7.608188,13.498411,9.48731,-12.32889,-5.569486,7.664265,-0.104303,1.8630364,8.547806,-10.731151,4.9182835,6.7306004,2.7701182,9.776674,-1.1732236,11.644079,-37.21342,59.3626,-6.3974986,6.5369167,0.60890746,-0.936712,-9.874865,21.252302,68.05185,-15.566479,7.066074,-1.2101151
1372,3.1780037879943848,-1.858240008354187,78.14913940429688,-0.8028428254889655,-6.487305153548868,124.24768784978944,10.635339,7.608166,13.487143,9.482034,-12.312172,-5.573161,7.6079655,-0.10432211,1.8565277,8.54471,-10.716573,4.908504,6.7240367,2.7789168,9.765009,-1.1986165,11.624484,-37.23092,59.384743,-6.353719,6.545499,0.6249778,-0.95259446,-9.875998,21.253767,68.072,-15.561076,7.0714254,-1.2180523
1373,3.186457633972168,-1.8668124675750732,78.15326690673828,-0.8027192846889705,-6.438906509558096,124.25114684252777,10.571971,7.607432,13.481646,9.476278,-12.294929,-5.574193,7.546871,-0.10460026,1.8524531,8.539719,-10.698409,4.9030366,6.725851,2.784629,9.74974,-1.2163364,11.615558,-37.238842,59.400368,-6.3005867,6.550874,0.62723666,-0.96458095,-9.876551,21.253273,68.08989,-15.541548,7.0795865,-1.2355328
1374,3.1949872970581055,-1.8728270530700684,78.15596771240234,-0.8027117801362058,-6.390600524337304,124.25254713382205,10.510542,7.606135,13.4796505,9.467143,-12.276253,-5.5743694,7.48595,-0.10479552,1.8500109,8.532586,-10.677368,4.898745,6.731839,2.7917547,9.73548,-1.2230898,11.610464,-37.242603,59.40434,-6.2404056,6.556679,0.6256865,-0.97219884,-9.876951,21.252033,68.10449,-15.512669,7.0914145,-1.2615426
1375,3.2024383544921875,-1.8775264024734497,78.15994262695312,-0.8029607786677486,-6.338927752495733,124.2533567960051,10.442941,7.6053743,13.478138,9.464015,-12.259444,-5.5734644,7.4191303,-0.10467523,1.8486286,8.5293,-10.657488,4.895308,6.744673,2.802684,9.717264,-1.2416335,11.591382,-37.249428,59.426773,-6.181948,6.560249,0.62267184,-0.9866404,-9.878003,21.246029,68.13005,-15.479686,7.10126,-1.287949
1376,3.2051007747650146,-1.8839054107666016,78.16217803955078,-0.8025146293049237,-6.287905191323787,124.25476826734936,10.377557,7.6042643,13.475301,9.456943,-12.238625,-5.5716147,7.355662,-0.104339465,1.8479972,8.520778,-10.635661,4.892411,6.754365,2.8082957,9.702212,-1.2533754,11.583819,-37.252506,59.43942,-6.1337547,6.5640388,0.6228483,-0.99564993,-9.878604,21.243824,68.14588,-15.456427,7.1092362,-1.3095467
1377,3.2207868099212646,-1.8905807733535767,78.16786193847656,-0.8010433364227675,-6.2327273228203595,124.25568343766952,10.305152,7.6033883,13.4708395,9.454879,-12.216602,-5.567478,7.2863464,-0.103834465,1.8495479,8.513964,-10.615115,4.891166,6.7662745,2.8115468,9.685986,-1.2749649,11.5736,-37.258217,59.46337,-6.0981426,6.5661244,0.6260741,-1.0096418,-9.8791065,21.241434,68.16559,-15.442254,7.110494,-1.321404
1378,3.2252962589263916,-1.9022060632705688,78.173095703125,-0.7981093374010568,-6.176196711116183,124.25582757434509,10.230356,7.602385,13.466001,9.454297,-12.193142,-5.561496,7.2159,-0.10325054,1.853264,8.503972,-10.592606,4.89144,6.785598,2.8149486,9.666289,-1.3143036,11.547839,-37.27182,59.516045,-6.0720315,6.565218,0.6337769,-1.0219884,-9.879635,21.234243,68.18817,-15.434259,7.108552,-1.3294009
1379,3.2288591861724854,-1.9057557582855225,78.17933654785156,-0.79616736614946,-6.120691437670148,124.25798169198431,10.156497,7.6019807,13.459469,9.453493,-12.169362,-5.556215,7.1480007,-0.10226185,1.8552983,8.49353,-10.5708685,4.8907175,6.7987046,2.8158948,9.650892,-1.3392342,11.535367,-37.27879,59.54545,-6.053761,6.5657196,0.6405458,-1.0351204,-9.879928,21.231972,68.2056,-15.428527,7.1064625,-1.336276
1380,3.2360048294067383,-1.9090960025787354,78.18318939208984,-0.7956184445093629,-6.070379174952671,124.26454579076302,10.088468,7.602618,13.450284,9.450902,-12.147138,-5.554108,7.0860405,-0.10041874,1.8527269,8.486353,-10.552466,4.8866677,6.8087535,2.8184028,9.638338,-1.3683645,11.520277,-37.28506,59.580673,-6.0470176,6.563562,0.6444529,-1.0485582,-9.879675,21.227474,68.22316,-15.423205,7.1049743,-1.3445768
1381,3.242076873779297,-1.915764570236206,78.18546295166016,-0.7972538950109413,-6.026137222885714,124.27819183885889,10.024531,7.6058164,13.4362335,9.448493,-12.127574,-5.5575027,7.0315347,-0.09646741,1.8431578,8.481334,-10.536888,4.8759093,6.8081355,2.822026,9.631138,-1.386831,11.513602,-37.28553,59.597565,-6.0539255,6.560658,0.64129204,-1.0640641,-9.879428,21.225481,68.23887,-15.416743,7.1052713,-1.3549272
1382,3.2505738735198975,-1.925402283668518,78.18416595458984,-0.8012567305017899,-5.985934334881709,124.29662403735131,9.965512,7.6103473,13.419152,9.443097,-12.108164,-5.5645275,6.9824867,-0.09124773,1.8291585,8.478487,-10.5236,4.860737,6.801611,2.8267481,9.626975,-1.3990207,11.509509,-37.283703,59.605526,-6.0730233,6.556729,0.6347444,-1.0772451,-9.879184,21.224037,68.25071,-15.411488,7.1068172,-1.3664186
1383,3.2630674839019775,-1.9291666746139526,78.18585205078125,-0.8044681840743824,-5.949527318192409,124.31607392638914,9.910982,7.614169,13.401351,9.437764,-12.09068,-5.5713177,6.939323,-0.08707114,1.8131582,8.47339,-10.510822,4.8468437,6.7942715,2.8307605,9.626036,-1.4112437,11.506931,-37.28011,59.612514,-6.098516,6.5528994,0.6306155,-1.0929335,-9.878889,21.222572,68.26228,-15.407376,7.1085186,-1.3786426
1384,3.269968271255493,-1.9330987930297852,78.18594360351562,-0.8044512188219768,-5.917829603496934,124.33168626577616,9.863054,7.6151037,13.3861065,9.434225,-12.076651,-5.5741253,6.9022346,-0.08666653,1.7984514,8.46617,-10.499336,4.8402224,6.7903285,2.8325276,9.629784,-1.4214811,11.501873,-37.27333,59.61733,-6.123562,6.552359,0.63718027,-1.107384,-9.878101,21.220692,68.26754,-15.406614,7.111895,-1.3934768
1385,3.276093006134033,-1.9337555170059204,78.18663787841797,-0.8005297824239387,-5.894584603911889,124.34119970548122,9.829373,7.61137,13.37619,9.428724,-12.066204,-5.570919,6.875676,-0.09127461,1.7861582,8.455541,-10.489276,4.8444705,6.7953672,2.8297915,9.633988,-1.4244936,11.499774,-37.269554,59.623123,-6.1471524,6.556035,0.6558508,-1.1131555,-9.877697,21.219917,68.267,-15.409032,7.116907,-1.4116488
1386,3.2819647789001465,-1.9365092515945435,78.18736267089844,-0.7933043068588344,-5.871316515292584,124.34900657547637,9.793609,7.6051054,13.3667555,9.430205,-12.061726,-5.5635443,6.8477325,-0.10014231,1.7724589,8.447288,-10.48243,4.8559494,6.7979803,2.8235471,9.643658,-1.4347852,11.491338,-37.255505,59.63326,-6.172117,6.5646944,0.6872066,-1.1288188,-9.875428,21.21991,68.26539,-15.4162245,7.1249633,-1.43551
1387,3.2864861488342285,-1.9430872201919556,78.18836212158203,-0.7850058691771962,-5.854215742293963,124.35575659513431,9.767561,7.5973334,13.358074,9.4283905,-12.056622,-5.5557594,6.8296742,-0.110193186,1.7599052,8.434138,-10.474646,4.8690357,6.8060784,2.8168957,9.65213,-1.4341556,11.488057,-37.250412,59.63489,-6.202593,6.5720167,0.72226626,-1.130051,-9.874532,21.21999,68.2531,-15.422187,7.132671,-1.4572519
1388,3.2938570976257324,-1.947536826133728,78.18917846679688,-0.7777378883340224,-5.838506785054341,124.36465266323773,9.744013,7.5895224,13.346139,9.424486,-12.047925,-5.550467,6.812195,-0.11938045,1.7476972,8.4265785,-10.469749,4.8783445,6.8115664,2.812543,9.658783,-1.4318997,11.484779,-37.24743,59.635376,-6.238116,6.572907,0.75332946,-1.1316193,-9.873928,21.22014,68.24424,-15.426671,7.136089,-1.4720424
1389,3.2979540824890137,-1.948216199874878,78.19145202636719,-0.7706064204232818,-5.823872632875039,124.37758917978358,9.720497,7.581042,13.327556,9.421678,-12.035342,-5.5482364,6.7976065,-0.12867491,1.7348769,8.42009,-10.465712,4.883211,6.811403,2.810036,9.664122,-1.4279419,11.483659,-37.24649,59.63421,-6.280757,6.5649743,0.77979505,-1.1336901,-9.873893,21.220503,68.237366,-15.42977,7.134748,-1.4775982
1390,3.3046889305114746,-1.9464457035064697,78.19505310058594,-0.7624317754159213,-5.8068771365215435,124.39535333539943,9.691602,7.570857,13.301554,9.421607,-12.020309,-5.546833,6.778286,-0.13965705,1.7188416,8.420607,-10.465314,4.8866353,6.799832,2.80904,9.66841,-1.421809,11.480271,-37.24796,59.62918,-6.341002,6.549347,0.8134091,-1.1465868,-9.874764,21.225008,68.237885,-15.431445,7.1294446,-1.4770143
1391,3.309004306793213,-1.9470361471176147,78.19894409179688,-0.7562985378024047,-5.793823575732646,124.41181267301707,9.669336,7.562624,13.2781925,9.420122,-12.005877,-5.547336,6.7654085,-0.1483528,1.705621,8.419264,-10.464197,4.887513,6.793518,2.8095782,9.6725235,-1.4144945,11.478275,-37.249447,59.62366,-6.3947134,6.5334973,0.8422904,-1.1504561,-9.875963,21.227308,68.23269,-15.433607,7.1230116,-1.4730997
1392,3.309899091720581,-1.9490079879760742,78.2011489868164,-0.752863995000759,-5.782691871354659,124.42611589786517,9.650108,7.5588455,13.2613125,9.418921,-11.995717,-5.549585,6.754646,-0.15238814,1.6955721,8.417401,-10.462379,4.8852887,6.792532,2.8117185,9.676282,-1.408359,11.477003,-37.24986,59.618046,-6.440172,6.522044,0.87196386,-1.1525401,-9.877064,21.229074,68.22707,-15.435803,7.117697,-1.468965
1393,3.3121604919433594,-1.9480324983596802,78.20170593261719,-0.7549064609952072,-5.772219446899273,124.4379234567962,9.634332,7.5622125,13.254461,9.416338,-11.991062,-5.555136,6.7427516,-0.14903723,1.6904091,8.419072,-10.460142,4.877655,6.797579,2.8164349,9.678843,-1.4038514,11.475497,-37.248245,59.612705,-6.476508,6.517042,0.90609336,-1.1520126,-9.878551,21.230219,68.22093,-15.441781,7.1133943,-1.4617839
1394,3.3185086250305176,-1.9449058771133423,78.20314025878906,-0.7602108198513455,-5.763087704919251,124.44833260648213,9.619709,7.5711226,13.253866,9.416007,-11.991648,-5.563454,6.7323728,-0.14023164,1.6888533,8.421013,-10.457201,4.865632,6.806477,2.8234284,9.680502,-1.3993955,11.47333,-37.242374,59.606552,-6.503645,6.515747,0.9426034,-1.1477418,-9.880725,21.23005,68.21166,-15.451389,7.109526,-1.4509292
1395,3.323152542114258,-1.9474831819534302,78.19978332519531,-0.7654641779175886,-5.757115737210136,124.45707642630519,9.611189,7.579547,13.254719,9.412269,-11.991172,-5.5712943,6.7266674,-0.13137494,1.6881499,8.420273,-10.453761,4.8538733,6.81678,2.8307376,9.684326,-1.3972297,11.471034,-37.236355,59.601826,-6.526702,6.515511,0.9752053,-1.1438477,-9.882916,21.230587,68.20304,-15.4580765,7.1062117,-1.4433932
1396,3.326508045196533,-1.9452896118164062,78.19774627685547,-0.7668960939675483,-5.755863764371601,124.46449235508074,9.606663,7.5838456,13.250571,9.412404,-11.990306,-5.57554,6.7255583,-0.12740897,1.68483,8.4204,-10.454034,4.8469844,6.8230042,2.8369622,9.693293,-1.3950231,11.468811,-37.230003,59.59552,-6.546508,6.514754,1.0003911,-1.1416243,-9.885339,21.23508,68.19238,-15.457535,7.1058598,-1.4455452
1397,3.3278703689575195,-1.945426106452942,78.19705200195312,-0.763113563416532,-5.7631483824840055,124.46964212993996,9.610249,7.581438,13.238327,9.417347,-11.987586,-5.573396,6.7328844,-0.13082913,1.6777021,8.422972,-10.461434,4.847628,6.823928,2.8418906,9.710519,-1.3929925,11.466325,-37.22597,59.588917,-6.566424,6.5128627,1.014109,-1.1438421,-9.888651,21.246319,68.18312,-15.44361,7.108801,-1.4635278
1398,3.3277134895324707,-1.9448740482330322,78.19695281982422,-0.7559916973072549,-5.776531831312297,124.47290431121877,9.620224,7.5751867,13.221413,9.425375,-11.9841795,-5.5671706,6.748311,-0.13877262,1.6683415,8.422205,-10.470584,4.8528934,6.8242126,2.845001,9.732107,-1.3918813,11.465093,-37.224533,59.583145,-6.583749,6.5106263,1.0194312,-1.1479088,-9.890709,21.25807,68.17472,-15.422503,7.1141562,-1.4915316
1399,3.328709602355957,-1.9426888227462769,78.19606018066406,-0.7478735423064716,-5.790098089651696,124.47551016118756,9.631453,7.5678577,13.205106,9.43084,-11.979626,-5.5614457,6.763707,-0.14738871,1.6589758,8.422076,-10.480596,4.858954,6.817734,2.8497357,9.754843,-1.3881099,11.463206,-37.2201,59.573036,-6.60015,6.50863,1.0238813,-1.1551012,-9.8945675,21.283602,68.16701,-15.391558,7.1206875,-1.5234982
1400,3.3311116695404053,-1.9430253505706787,78.19596099853516,-0.743049414498868,-5.7938293095083475,124.47869798669137,9.634943,7.5625334,13.194746,9.430801,-11.974686,-5.560751,6.770102,-0.1532048,1.652409,8.419738,-10.486043,4.862177,6.8063564,2.8570118,9.767887,-1.3793032,11.460224,-37.205936,59.558746,-6.608224,6.506081,1.0291928,-1.1626902,-9.901184,21.316187,68.16134,-15.364175,7.1244607,-1.5456654
1401,3.3344197273254395,-1.9426219463348389,78.19509887695312,-0.7413330603771396,-5.78484431170683,124.48229204299967,9.62704,7.560805,13.192682,9.422553,-11.969326,-5.5692163,6.7619376,-0.15373552,1.6499069,8.417598,-10.486749,4.859502,6.807285,2.8665383,9.771088,-1.375471,11.458074,-37.193604,59.541214,-6.605862,6.5035443,1.0367873,-1.1661109,-9.905821,21.330647,68.15416,-15.349056,7.1227655,-1.5565052
1402,3.3358561992645264,-1.9416325092315674,78.19438171386719,-0.7424630342098409,-5.766972448051859,124.48573009211086,9.612856,7.5606995,13.196024,9.407742,-11.963072,-5.5834594,6.7443156,-0.15178505,1.6501437,8.416288,-10.484981,4.853667,6.814224,2.877664,9.767069,-1.3732179,11.455877,-37.18117,59.52102,-6.59621,6.5008574,1.0449587,-1.167024,-9.910015,21.337933,68.14648,-15.33855,7.117831,-1.5617245
1403,3.3395566940307617,-1.9408291578292847,78.19342803955078,-0.7436463662252683,-5.747577398946831,124.48964260981019,9.596488,7.5608807,13.201043,9.3939,-11.957254,-5.596794,6.7264624,-0.14986458,1.6507404,8.412295,-10.48095,4.8492827,6.822545,2.8882842,9.761476,-1.3730171,11.454843,-37.1742,59.502487,-6.585397,6.498336,1.051857,-1.1671406,-9.911818,21.340477,68.13984,-15.337586,7.113174,-1.5609444
1404,3.335732936859131,-1.9368773698806763,78.19438171386719,-0.7419972484542073,-5.732348469390226,124.49314802157664,9.583676,7.5585227,13.205422,9.384004,-11.951613,-5.6022906,6.713686,-0.15151599,1.6506972,8.408475,-10.478265,4.850933,6.8194604,2.8997285,9.762394,-1.3714106,11.450721,-37.156193,59.485466,-6.56925,6.497339,1.0536264,-1.1690767,-9.918912,21.34851,68.13056,-15.351857,7.1114383,-1.5514129
1405,3.338829517364502,-1.9307371377944946,78.19755554199219,-0.7364865853122396,-5.72509463071163,124.49702194110883,9.576791,7.5527782,13.208903,9.383378,-11.947765,-5.5958066,6.7116737,-0.15922701,1.6490864,8.402512,-10.475803,4.864314,6.8158903,2.905736,9.767565,-1.374274,11.449274,-37.15587,59.478344,-6.562352,6.4968386,1.0521327,-1.1673925,-9.921325,21.351137,68.12268,-15.3920965,7.1143684,-1.5313406
1406,3.3406074047088623,-1.9273711442947388,78.19924926757812,-0.7292161170808584,-5.721245864635864,124.50097956314639,9.573258,7.544693,13.213016,9.386556,-11.943928,-5.5817256,6.7155094,-0.17070895,1.6471754,8.395178,-10.473137,4.885588,6.8085127,2.909945,9.775754,-1.3782716,11.448034,-37.15963,59.47539,-6.5558567,6.496914,1.047234,-1.1643678,-9.923396,21.35234,68.11476,-15.45202,7.119834,-1.5014471
1407,3.3342111110687256,-1.9267773628234863,78.20082092285156,-0.7212812472259734,-5.717277660340666,124.50470513219693,9.567495,7.53732,13.215777,9.393028,-11.941897,-5.56642,6.7177386,-0.18156633,1.6447732,8.3892145,-10.471756,4.9046884,6.8024735,2.9151213,9.7841215,-1.3858944,11.446099,-37.168484,59.476456,-6.551738,6.4983306,1.0414616,-1.1589812,-9.926548,21.351067,68.10396,-15.512125,7.126491,-1.470493
1408,3.3314049243927,-1.9231345653533936,78.20352935791016,-0.7168894731948036,-5.707563619611499,124.50718601165514,9.557621,7.532944,13.216228,9.395231,-11.93968,-5.5562716,6.711763,-0.1873626,1.6427819,8.385665,-10.472021,4.911787,6.801845,2.9231796,9.789414,-1.3960485,11.444141,-37.17788,59.478924,-6.5483203,6.502267,1.0363082,-1.155735,-9.929666,21.348566,68.09477,-15.551745,7.1319776,-1.4489896
1409,3.334911584854126,-1.9214814901351929,78.20109558105469,-0.7157126831203205,-5.6901520973451305,124.50444865773797,9.539732,7.533216,13.215592,9.397113,-11.94022,-5.552667,6.691154,-0.1859377,1.6441305,8.389894,-10.4778,4.9001484,6.8092957,2.934565,9.789216,-1.4095596,11.441941,-37.185333,59.484215,-6.546197,6.510342,1.0318516,-1.1564234,-9.93319,21.347435,68.08873,-15.562986,7.1367702,-1.4400216
1410,3.3353726863861084,-1.91517174243927,78.20051574707031,-0.7164342687303599,-5.669643141493467,124.49865685235692,9.520982,7.5359173,13.214177,9.394167,-11.9402685,-5.552338,6.6654034,-0.18004842,1.6472301,8.394333,-10.48495,4.8764277,6.81753,2.9474168,9.785823,-1.417965,11.440538,-37.187,59.487583,-6.5411687,6.520981,1.0280032,-1.1602187,-9.935727,21.34893,68.08734,-15.560072,7.1413474,-1.4388385
1411,3.3304214477539062,-1.9118808507919312,78.19702911376953,-0.7195119416076217,-5.643873827534351,124.49632074164667,9.494209,7.540133,13.208451,9.393949,-11.941548,-5.554513,6.6329007,-0.17253426,1.647014,8.402275,-10.492459,4.8506966,6.822872,2.9623287,9.783964,-1.4367121,11.437581,-37.18721,59.495724,-6.5379105,6.53319,1.0217147,-1.171453,-9.940732,21.353577,68.08683,-15.543575,7.1453395,-1.4407982
1412,3.327866315841675,-1.9120163917541504,78.196044921875,-0.723684676169583,-5.622732396293267,124.50582940273324,9.468689,7.544803,13.1939745,9.393954,-11.94262,-5.5588636,6.610291,-0.16645695,1.6364557,8.404662,-10.495141,4.832951,6.8163314,2.9790156,9.789543,-1.4522188,11.433265,-37.184093,59.499783,-6.5289392,6.541388,1.0159297,-1.1805414,-9.9476385,21.356861,68.08138,-15.530129,7.1467366,-1.4433953
1413,3.324608087539673,-1.9070038795471191,78.19629669189453,-0.7309898698649859,-5.606795470559318,124.53321005121875,9.444626,7.5501504,13.166251,9.39125,-11.941479,-5.5671873,6.6020975,-0.16145575,1.6099998,8.397907,-10.489548,4.8263073,6.7953534,2.996624,9.802736,-1.4684141,11.430943,-37.1818,59.502098,-6.5155816,6.547211,1.0077596,-1.187669,-9.951436,21.355665,68.07286,-15.518713,7.145629,-1.4507668
1414,3.33208966255188,-1.9052448272705078,78.1998062133789,-0.7399030977710173,-5.594873347093222,124.57046750097311,9.423353,7.55638,13.131514,9.385018,-11.938942,-5.5792966,6.6004725,-0.15657274,1.5751344,8.390262,-10.480666,4.8252616,6.7670555,3.0154757,9.817692,-1.4801978,11.429217,-37.180496,59.502945,-6.499489,6.5511823,0.9988069,-1.1917697,-9.9542465,21.3532,68.06409,-15.504795,7.1421647,-1.4611192
1415,3.335052251815796,-1.9034901857376099,78.20030212402344,-0.7509851413137807,-5.578829886811566,124.61561739181205,9.389368,7.564318,13.088182,9.391743,-11.940699,-5.5908327,6.602265,-0.15217641,1.5326146,8.369794,-10.465522,4.826855,6.732461,3.037231,9.850218,-1.5134038,11.424299,-37.17371,59.505684,-6.480482,6.5526237,0.9885584,-1.2075034,-9.961761,21.341429,68.046875,-15.493189,7.136281,-1.4689145
1416,3.3352389335632324,-1.8989216089248657,78.20421600341797,-0.7552070434786996,-5.560440703213905,124.64579331100926,9.363502,7.566046,13.05952,9.384538,-11.93476,-5.5982113,6.592697,-0.15148753,1.5046498,8.360401,-10.457852,4.828221,6.708922,3.0501738,9.867186,-1.5230608,11.422476,-37.173336,59.500774,-6.4670606,6.5479875,0.98875403,-1.211935,-9.964633,21.338251,68.03003,-15.488169,7.130732,-1.4663811
1417,3.3334453105926514,-1.9001355171203613,78.20510864257812,-0.7546822328534396,-5.533932104041796,124.67006704682267,9.327955,7.5633326,13.033504,9.383427,-11.927914,-5.600236,6.5738587,-0.15548235,1.4813737,8.3488865,-10.453695,4.828769,6.688708,3.055579,9.899315,-1.5480732,11.420233,-37.170383,59.4925,-6.4559464,6.5340347,1.0014343,-1.2294611,-9.9688425,21.327894,67.99842,-15.491537,7.1257925,-1.4453043
1418,3.3351261615753174,-1.8996398448944092,78.20687866210938,-0.7496400164383081,-5.5063738031405105,124.68622007335574,9.294063,7.557364,13.014467,9.381222,-11.91932,-5.5996194,6.5501227,-0.16241755,1.4657182,8.341079,-10.453576,4.8298955,6.6751285,3.0570571,9.931302,-1.565134,11.417676,-37.16756,59.47737,-6.4446683,6.5136046,1.0218539,-1.244898,-9.974648,21.313383,67.961815,-15.503173,7.1196113,-1.4114597
1419,3.3339836597442627,-1.8982502222061157,78.20860290527344,-0.7427511019014782,-5.471938591501552,124.69728723950388,9.255541,7.5492334,13.000782,9.375473,-11.907873,-5.595543,6.5176272,-0.17063613,1.4556046,8.333061,-10.452871,4.832006,6.667215,3.0580497,9.958923,-1.5802807,11.414704,-37.16885,59.45996,-6.4385934,6.491909,1.0447651,-1.2591603,-9.983563,21.300495,67.92529,-15.518629,7.1117153,-1.3764303
1420,3.3371403217315674,-1.8929829597473145,78.21328735351562,-0.7366184372040498,-5.426322904188584,124.70367658104013,9.205114,7.5416307,12.992774,9.370314,-11.896623,-5.587617,6.471994,-0.17804389,1.4512062,8.323787,-10.447632,4.8354154,6.6675453,3.061968,9.978851,-1.6001294,11.412246,-37.17893,59.44579,-6.443237,6.4739428,1.0642551,-1.2690789,-9.993579,21.294603,67.89079,-15.535056,7.101848,-1.3514619
1421,3.3352575302124023,-1.8925950527191162,78.2143325805664,-0.7309072594050516,-5.3667497333570875,124.70295756852587,9.14011,7.534359,12.993581,9.364531,-11.88537,-5.5726023,6.4106574,-0.1842286,1.4561802,8.309606,-10.434309,4.841743,6.673585,3.0672302,9.98434,-1.6176633,11.411149,-37.19316,59.43217,-6.455818,6.4625306,1.0794177,-1.2808516,-10.0003,21.30349,67.87203,-15.556145,7.0865245,-1.3417547
1422,3.3293120861053467,-1.8907395601272583,78.21699523925781,-0.7254095973593834,-5.295281685751856,124.69574460369803,9.064699,7.526318,13.001959,9.356504,-11.872609,-5.551721,6.334933,-0.1902107,1.4691252,8.295391,-10.417634,4.850276,6.687124,3.0735626,9.981247,-1.6373403,11.410623,-37.215786,59.419643,-6.479732,6.4540615,1.0941637,-1.2942778,-10.006969,21.32298,67.86135,-15.578133,7.06684,-1.340243
1423,3.326021909713745,-1.8865796327590942,78.21788024902344,-0.7204172680081945,-5.218281030908379,124.68745760985958,8.984354,7.5183783,13.011855,9.346516,-11.858375,-5.531443,6.2541447,-0.19584401,1.4829494,8.278787,-10.398701,4.857837,6.702033,3.0800097,9.974311,-1.653933,11.410616,-37.233463,59.406994,-6.504327,6.446287,1.1058524,-1.3065536,-10.010343,21.340343,67.85533,-15.6035185,7.049954,-1.3448358
1424,3.323847770690918,-1.8815428018569946,78.21890258789062,-0.7155050546864757,-5.138194248179567,124.68355219692008,8.897617,7.5114174,13.016447,9.338915,-11.843869,-5.5178905,6.169388,-0.20103191,1.490203,8.265367,-10.382431,4.861381,6.71361,3.0887883,9.965339,-1.6745611,11.410807,-37.26823,59.40053,-6.553576,6.4349084,1.1211123,-1.325293,-10.019184,21.374514,67.85776,-15.600255,7.0426397,-1.3566947
1425,3.318695306777954,-1.8800159692764282,78.21968841552734,-0.7126420544874518,-5.069140494615042,124.68529481399885,8.829658,7.5042577,13.017162,9.3175955,-11.822591,-5.513727,6.1047077,-0.20616074,1.4888581,8.242707,-10.365784,4.859589,6.7223186,3.0971625,9.966597,-1.679845,11.410974,-37.276283,59.38845,-6.5817237,6.4214244,1.1264031,-1.329751,-10.020678,21.38275,67.85444,-15.610301,7.048943,-1.3718965
1426,3.3166606426239014,-1.8767521381378174,78.22383880615234,-0.7093113606902998,-4.978038096681418,124.6907212481308,8.731025,7.4971004,13.013391,9.304504,-11.801111,-5.513775,6.0080976,-0.21255141,1.4817246,8.236351,-10.355667,4.854752,6.726999,3.1077764,9.959965,-1.7041085,11.412638,-37.312473,59.380466,-6.6568985,6.4037094,1.1384896,-1.3602955,-10.03075,21.417208,67.8661,-15.584464,7.068574,-1.4000918
1427,3.3147220611572266,-1.874060869216919,78.22949981689453,-0.7070129486714984,-4.892972873543068,124.6971937210784,8.643001,7.4905715,13.007707,9.283655,-11.776666,-5.517983,5.9231596,-0.21739314,1.4731693,8.221456,-10.342052,4.847421,6.73227,3.1190007,9.9574585,-1.7195402,11.414584,-37.33014,59.373184,-6.7105837,6.3866205,1.1441495,-1.3797444,-10.038736,21.434307,67.8734,-15.570341,7.087729,-1.4258808
1428,3.3145525455474854,-1.870322823524475,78.23461151123047,-0.7063670559695617,-4.813652314222143,124.7031471665929,8.565774,7.4853883,12.999816,9.255401,-11.750169,-5.5246944,5.849241,-0.21936128,1.4667146,8.197068,-10.322858,4.838596,6.739504,3.1288984,9.954244,-1.7249433,11.414976,-37.33411,59.370644,-6.7404933,6.3728704,1.1505593,-1.3859855,-10.0397415,21.438879,67.87583,-15.56503,7.0998096,-1.4474753
1429,3.3166089057922363,-1.8668582439422607,78.23939514160156,-0.7060856477420692,-4.704458045652137,124.71109787176711,8.447631,7.481488,12.982374,9.237786,-11.724392,-5.5345187,5.7322354,-0.2192445,1.4603148,8.189693,-10.305053,4.826759,6.739948,3.139422,9.941313,-1.759447,11.416901,-37.345985,59.383568,-6.7908645,6.3570266,1.1650677,-1.434063,-10.04549,21.456028,67.89887,-15.531083,7.104236,-1.4703965
1430,3.316589832305908,-1.8593324422836304,78.24420928955078,-0.707454910663862,-4.600461653115056,124.71909187734224,8.340666,7.478734,12.961174,9.208788,-11.69352,-5.549359,5.626341,-0.21607903,1.4551297,8.17139,-10.280589,4.8116364,6.740783,3.1503625,9.927676,-1.7822655,11.418246,-37.346638,59.400986,-6.8223825,6.342834,1.1816267,-1.464255,-10.050036,21.462858,67.9123,-15.50132,7.1031003,-1.491185
1431,3.309955358505249,-1.857832431793213,78.2491226196289,-0.7091542818037806,-4.495129076612592,124.7268327325036,8.233375,7.476346,12.940551,9.179537,-11.663809,-5.5628777,5.5206647,-0.21242481,1.4501638,8.150589,-10.255224,4.797775,6.745431,3.1609464,9.908591,-1.8016721,11.418867,-37.344383,59.419636,-6.8428955,6.3314586,1.1952199,-1.4895352,-10.052723,21.466202,67.92517,-15.476928,7.1011114,-1.5082587
1432,3.306994676589966,-1.8502544164657593,78.25403594970703,-0.7103096739013528,-4.388306092962194,124.73315998871595,8.123092,7.4743123,12.925689,9.157425,-11.63979,-5.5691304,5.4144983,-0.2103269,1.4454014,8.130732,-10.23378,4.7896686,6.7515182,3.1703956,9.89361,-1.8314227,11.418859,-37.33182,59.43915,-6.851017,6.3236423,1.1964351,-1.5335381,-10.05838,21.47495,67.950066,-15.459584,7.0995603,-1.5158848
1433,3.3018693923950195,-1.8475823402404785,78.25675964355469,-0.711358771111521,-4.279600662409782,124.7363104063705,8.012582,7.472702,12.920624,9.136984,-11.619868,-5.5653095,5.3104467,-0.20991895,1.4419706,8.104506,-10.212489,4.789789,6.7591343,3.181137,9.87047,-1.8488741,11.416389,-37.298237,59.448975,-6.83334,6.3235345,1.180998,-1.5779272,-10.066678,21.490463,67.97914,-15.460802,7.101166,-1.5105388
1434,3.299849033355713,-1.8352413177490234,78.25851440429688,-0.7124090152831661,-4.167964934102637,124.7371293109066,7.900866,7.4713445,12.92187,9.116425,-11.602075,-5.554904,5.207867,-0.21049896,1.4397491,8.070238,-10.189102,4.7952943,6.7844586,3.1886287,9.836172,-1.8656571,11.414308,-37.275455,59.46077,-6.8068614,6.329425,1.1584387,-1.604805,-10.07096,21.497541,67.998665,-15.474633,7.1068516,-1.4991157
1435,3.2894701957702637,-1.8236329555511475,78.26016235351562,-0.7126373385727187,-4.0617752549664665,124.73929671327821,7.793904,7.4701204,12.923276,9.101601,-11.588973,-5.5420346,5.1114964,-0.2119569,1.4360605,8.038806,-10.170242,4.8028107,6.8005443,3.1959262,9.809799,-1.8866768,11.410341,-37.236885,59.4731,-6.7645507,6.3351374,1.1287353,-1.6519533,-10.076954,21.51344,68.03433,-15.491571,7.110098,-1.4827614
1436,3.2773330211639404,-1.8084198236465454,78.26021575927734,-0.7117124862173305,-3.9819277115744236,124.74455515838633,7.721532,7.467073,12.921736,9.081717,-11.577414,-5.53146,5.047837,-0.21419193,1.4302396,8.007318,-10.157925,4.8086014,6.82566,3.1996186,9.795313,-1.9008663,11.409046,-37.229107,59.48345,-6.7273097,6.336607,1.1125534,-1.6680304,-10.079034,21.52298,68.05137,-15.509509,7.1152377,-1.4763958
1437,3.2689003944396973,-1.7943320274353027,78.26129913330078,-0.7071946413347103,-3.902300765543186,124.75713947279966,7.6415,7.460711,12.910817,9.078409,-11.572193,-5.519839,4.97833,-0.22066426,1.4188175,7.992006,-10.1567335,4.814065,6.790137,3.204315,9.799115,-1.9381367,11.390464,-37.16583,59.5108,-6.6723213,6.3276033,1.0915071,-1.7581586,-10.100131,21.61844,68.11261,-15.470916,7.1151705,-1.4723431
1438,3.2625701427459717,-1.77991783618927,78.26130676269531,-0.7003731755675663,-3.847685928691633,124.77354292154708,7.59445,7.4512167,12.896964,9.070189,-11.568187,-5.5074396,4.939975,-0.229434,1.4043403,7.9753594,-10.161515,4.819968,6.7847056,3.204858,9.811822,-1.9798701,11.37515,-37.162956,59.54397,-6.6311016,6.3145394,1.08489,-1.8054898,-10.115984,21.683676,68.149445,-15.434101,7.1155047,-1.4772333
1439,3.253918409347534,-1.7641704082489014,78.26207733154297,-0.6948035159502595,-3.804873890421574,124.78863347328475,7.5636744,7.4438386,12.88493,9.060217,-11.566901,-5.499009,4.917071,-0.23579875,1.3914024,7.9581084,-10.168731,4.823385,6.8016458,3.200666,9.824194,-2.0068765,11.373922,-37.17129,59.55672,-6.574356,6.3065968,1.0761824,-1.8239603,-10.117686,21.699781,68.169716,-15.44706,7.1175733,-1.4786441
1440,3.245387315750122,-1.7461574077606201,78.26289367675781,-0.6930015440364904,-3.755173651099471,124.80097036635023,7.525596,7.4421687,12.8751955,9.052104,-11.56949,-5.4982653,4.8838964,-0.23685606,1.3802961,7.948585,-10.178024,4.8219376,6.8014574,3.2002218,9.825728,-2.0685923,11.358501,-37.199318,59.606922,-6.5515747,6.295928,1.0704166,-1.8911115,-10.132763,21.804787,68.23105,-15.416579,7.12061,-1.4805816
1441,3.2336585521698,-1.7274236679077148,78.26264953613281,-0.6977162779064959,-3.7066884578266293,124.80408547614472,7.4964423,7.4500284,12.875433,9.034853,-11.574214,-5.5105557,4.856023,-0.22772601,1.377051,7.933615,-10.183539,4.812671,6.8263755,3.2038069,9.8128,-2.109757,11.35238,-37.2171,59.633045,-6.4986854,6.2963653,1.0532919,-1.926509,-10.138879,21.854836,68.27272,-15.480142,7.1298423,-1.4661665
1442,3.2255187034606934,-1.706908106803894,78.26242065429688,-0.7067034442601048,-3.659499181770512,124.80236308289022,7.471926,7.464499,12.880728,9.016883,-11.584061,-5.531804,4.830181,-0.21210769,1.3780514,7.920176,-10.189644,4.7979794,6.838066,3.2154803,9.779705,-2.142124,11.333325,-37.236732,59.668755,-6.4530454,6.2982473,1.0399114,-1.960944,-10.155747,21.956606,68.32258,-15.54629,7.145774,-1.4490501
1443,3.217698335647583,-1.6828937530517578,78.26094055175781,-0.7171140576461481,-3.6195256977218766,124.79985704889361,7.4562764,7.481139,12.88652,8.999701,-11.5960045,-5.555479,4.81259,-0.1943587,1.3794125,7.9089417,-10.197675,4.781469,6.8619256,3.2251246,9.7522135,-2.1793287,11.318488,-37.257504,59.697353,-6.39981,6.3059673,1.0210547,-1.9909574,-10.168581,22.034018,68.365234,-15.637183,7.1593413,-1.4284189
1444,3.207765817642212,-1.6560007333755493,78.2572250366211,-0.7262261122180032,-3.5923019542407735,124.80081207111112,7.4528055,7.495654,12.887741,8.987761,-11.609638,-5.5748277,4.809581,-0.178688,1.3771679,7.900376,-10.209328,4.7667246,6.890108,3.2277608,9.73763,-2.218485,11.310112,-37.279194,59.715473,-6.3485713,6.320244,0.9998764,-2.0197582,-10.176094,22.096615,68.39994,-15.721563,7.1664424,-1.4125526
1445,3.1958587169647217,-1.6339900493621826,78.25457763671875,-0.7342016417421221,-3.5790179745596373,124.80662307384529,7.461164,7.5082726,12.883224,8.983421,-11.62503,-5.588777,4.8208833,-0.1651794,1.3698355,7.896272,-10.223894,4.7541733,6.9212313,3.2239265,9.738455,-2.26022,11.306181,-37.297054,59.719654,-6.2921467,6.3462005,0.9715576,-2.0453339,-10.179887,22.144608,68.42079,-15.790184,7.164602,-1.4015262
1446,3.183978796005249,-1.610109806060791,78.25147247314453,-0.7421951253179584,-3.576454982394647,124.81460535065436,7.480369,7.520436,12.876012,8.983277,-11.642432,-5.6006126,4.8445463,-0.15184167,1.3600124,7.894719,-10.2409115,4.7419987,6.9528866,3.2167697,9.74573,-2.3004878,11.302712,-37.314644,59.714176,-6.232652,6.381387,0.9391942,-2.0683503,-10.183422,22.193977,68.43422,-15.8503475,7.1576014,-1.3936076
1447,3.1741421222686768,-1.5824209451675415,78.2486801147461,-0.7494218439548208,-3.5846520691531634,124.82422929173231,7.5098667,7.5320444,12.865907,8.988375,-11.66308,-5.6103716,4.8811665,-0.13972384,1.348714,7.8934946,-10.261192,4.730803,6.947271,3.2098424,9.746212,-2.3273113,11.29028,-37.32691,59.71917,-6.210681,6.4119296,0.9223539,-2.1014426,-10.194815,22.328485,68.4601,-15.85406,7.153263,-1.3996785
1448,3.163302421569824,-1.5532493591308594,78.24604797363281,-0.7544131336171106,-3.602921421195173,124.83476205286237,7.5505857,7.5412073,12.854027,8.99548,-11.686122,-5.617876,4.927995,-0.13077685,1.3371428,7.8970037,-10.289372,4.721086,6.9671445,3.2006874,9.765256,-2.3596323,11.286353,-37.340115,59.713642,-6.1841536,6.4336295,0.91004294,-2.1238017,-10.198911,22.382671,68.47049,-15.923667,7.147169,-1.4006735
1449,3.1459548473358154,-1.5281141996383667,78.24174499511719,-0.7561575564608385,-3.6346016160547685,124.84588057103232,7.605959,7.546611,12.838765,9.005516,-11.710747,-5.621192,4.9899907,-0.12636377,1.325906,7.9034233,-10.326686,4.713443,6.9653325,3.193024,9.7821245,-2.3739822,11.278788,-37.360744,59.71173,-6.2043824,6.4379773,0.9275977,-2.1453402,-10.207606,22.4818,68.487366,-15.988369,7.1462655,-1.4164822
1450,3.133615016937256,-1.500868797302246,78.23848724365234,-0.7554622871954861,-3.679114921209887,124.85822827016545,7.674057,7.5491977,12.819893,9.0212145,-11.738735,-5.620992,5.065672,-0.12542218,1.3141929,7.913655,-10.371863,4.70749,6.9688616,3.1840754,9.810626,-2.3889642,11.273531,-37.388714,59.707634,-6.244919,6.432641,0.9594351,-2.1624372,-10.215577,22.558872,68.4984,-16.08024,7.1448507,-1.4373615
1451,3.1161415576934814,-1.4733598232269287,78.23432922363281,-0.7546001077452336,-3.7289265326677588,124.87111266123125,7.748501,7.552366,12.80175,9.037314,-11.769577,-5.6213093,5.146929,-0.12433849,1.3019366,7.926394,-10.420599,4.701988,6.98292,3.173356,9.84644,-2.4055681,11.272448,-37.409164,59.699997,-6.2781563,6.4246473,0.98810375,-2.1739213,-10.217998,22.597265,68.50085,-16.194824,7.143086,-1.4517691
1452,3.1043295860290527,-1.4452059268951416,78.22926330566406,-0.7562687248139907,-3.7755238923318806,124.8834116716419,7.8210835,7.559566,12.788577,9.050451,-11.803369,-5.626198,5.226875,-0.11952489,1.289346,7.9352603,-10.465888,4.69577,7.000881,3.1623335,9.872065,-2.4160929,11.271908,-37.42328,59.693684,-6.299883,6.4195094,1.005527,-2.1783495,-10.219549,22.628687,68.49929,-16.29508,7.143943,-1.4542935
1453,3.0948379039764404,-1.4141982793807983,78.22490692138672,-0.7619196641563893,-3.820063012034098,124.89547144208942,7.895605,7.5730734,12.783484,9.055977,-11.84155,-5.6381955,5.310011,-0.10862937,1.2748834,7.934148,-10.505141,4.6895485,7.0106044,3.151281,9.882494,-2.4120183,11.270789,-37.4249,59.69029,-6.3131914,6.416537,1.0118328,-2.170828,-10.222834,22.685064,68.48827,-16.360634,7.1529117,-1.4407955
1454,3.0888755321502686,-1.384972333908081,78.21771240234375,-0.7697129435888811,-3.863314893056882,124.90753843015236,7.969419,7.5905304,12.783157,9.061241,-11.885235,-5.654492,5.3930135,-0.09411734,1.2590646,7.9318557,-10.543895,4.6837,7.025514,3.140705,9.892942,-2.4047952,11.270092,-37.400257,59.683174,-6.3001347,6.4146585,1.0033617,-2.1601553,-10.224429,22.709303,68.46938,-16.4377,7.1637673,-1.4096589
1455,3.075484275817871,-1.3544225692749023,78.2102279663086,-0.777973350203576,-3.907827222696975,124.91917680374648,8.046583,7.608188,12.783911,9.063155,-11.927786,-5.671633,5.4768553,-0.07897591,1.2447474,7.9312263,-10.582825,4.6762266,7.0338287,3.1294053,9.903492,-2.3897314,11.269804,-37.355976,59.672817,-6.2742424,6.4144382,0.98799866,-2.1486511,-10.224953,22.731295,68.44794,-16.508661,7.173802,-1.3768989
1456,3.061918020248413,-1.320817232131958,78.20252990722656,-0.7848115979921083,-3.9534191858057817,124.92898761890235,8.123558,7.623593,12.782076,9.069043,-11.967815,-5.6862087,5.5584116,-0.06573255,1.2355322,7.936566,-10.622948,4.665161,7.042237,3.1176388,9.912095,-2.3732376,11.269809,-37.316273,59.665108,-6.2538395,6.4165635,0.97254205,-2.1385226,-10.22436,22.752298,68.43496,-16.5657,7.175255,-1.35596
1457,3.04845929145813,-1.2877715826034546,78.19590759277344,-0.7894636467794739,-4.003630292084275,124.93738765422609,8.203896,7.635667,12.774079,9.080645,-12.004569,-5.6978397,5.639276,-0.05499249,1.2336072,7.9533834,-10.666739,4.6464543,7.0465913,3.106986,9.920181,-2.3457706,11.270314,-37.280964,59.651146,-6.2369084,6.424503,0.95856345,-2.127893,-10.223559,22.779655,68.42987,-16.60208,7.1654596,-1.3539761
1458,3.0349483489990234,-1.2554274797439575,78.1913833618164,-0.7934486661791847,-4.054684300573968,124.9438903010896,8.283911,7.6464963,12.763348,9.097076,-12.040358,-5.7081785,5.716016,-0.04507382,1.2376508,7.9798856,-10.713246,4.6223,7.06539,3.0971148,9.925603,-2.3275125,11.270431,-37.267776,59.646454,-6.2330947,6.4354615,0.9439212,-2.1130366,-10.223026,22.79174,68.4283,-16.623348,7.1458173,-1.3605248
1459,3.021263599395752,-1.2264904975891113,78.18888092041016,-0.7967016629848013,-4.107016172020815,124.94990461936757,8.36707,7.655863,12.754118,9.109097,-12.072361,-5.716855,5.7961373,-0.036364198,1.2416674,8.001787,-10.757267,4.60016,7.075519,3.0860696,9.927379,-2.2956145,11.2706995,-37.245644,59.6377,-6.2247605,6.446263,0.93013364,-2.0884252,-10.222417,22.810726,68.42066,-16.63714,7.127856,-1.3725059
1460,3.0053415298461914,-1.201322317123413,78.18609619140625,-0.7997129539107206,-4.150772427705658,124.95699227592974,8.4396925,7.664412,12.749096,9.1205225,-12.1037,-5.722954,5.8689322,-0.029046362,1.2395885,8.017351,-10.79755,4.5875826,7.0550485,3.0704544,9.923426,-2.250966,11.272739,-37.182285,59.627144,-6.206945,6.4500694,0.91413957,-2.08133,-10.219946,22.85767,68.422226,-16.64586,7.1209607,-1.3783739
1461,2.9881038665771484,-1.1733263731002808,78.18496704101562,-0.8021118793952301,-4.187472696848473,124.96715743833076,8.503057,7.6720567,12.751074,9.129861,-12.134058,-5.724491,5.942135,-0.024053043,1.2269126,8.015309,-10.8302965,4.5904794,7.0479946,3.0519269,9.917241,-2.2233396,11.274178,-37.13623,59.63299,-6.201121,6.441634,0.900166,-2.0711474,-10.2172,22.87183,68.4162,-16.668015,7.1274476,-1.3752639
1462,2.9731879234313965,-1.1482632160186768,78.17964935302734,-0.8040040435931725,-4.219034195399948,124.97883477149792,8.559982,7.6786604,12.757778,9.137883,-12.162911,-5.722447,6.012703,-0.020840308,1.2081043,8.005862,-10.85939,4.6036196,7.0473113,3.031398,9.906007,-2.203628,11.274705,-37.102028,59.650593,-6.2062116,6.4250283,0.8884752,-2.0557215,-10.214936,22.870886,68.40424,-16.691498,7.142492,-1.3687459
1463,2.963247537612915,-1.1237056255340576,78.17333984375,-0.8060338198116721,-4.244702744884896,124.9891992967471,8.610917,7.6847034,12.764837,9.143486,-12.189443,-5.720787,6.076298,-0.017724643,1.1892639,7.994974,-10.88623,4.6174464,7.045466,3.0107138,9.890173,-2.184143,11.274895,-37.065517,59.66969,-6.2071567,6.4102087,0.87830305,-2.039593,-10.212543,22.865213,68.39129,-16.714394,7.1590276,-1.3571887
1464,2.9487736225128174,-1.0990936756134033,78.16841888427734,-0.8092279345644907,-4.262989489272514,124.99474267159746,8.654567,7.6917615,12.768144,9.147751,-12.213518,-5.7236085,6.1278896,-0.01287081,1.1773338,7.987373,-10.910511,4.6225033,7.0389986,2.9914267,9.870248,-2.1594293,11.274768,-37.01054,59.68142,-6.1852636,6.4067187,0.8674045,-2.0264072,-10.208145,22.858555,68.3817,-16.737896,7.16816,-1.3382717
1465,2.933417558670044,-1.0735499858856201,78.16315460205078,-0.8138976186962952,-4.2735850057844535,124.99300959835381,8.692233,7.6998906,12.765038,9.148549,-12.233072,-5.7335544,6.162466,-0.0052814637,1.1754396,7.9913406,-10.9354315,4.613737,7.0421405,2.9770591,9.838783,-2.1342762,11.274255,-36.975456,59.689587,-6.157477,6.4193015,0.86248374,-2.0110354,-10.205396,22.850718,68.38008,-16.744986,7.1659446,-1.3090068
1466,2.918306827545166,-1.0488473176956177,78.15850067138672,-0.8195796131474479,-4.2771563622443285,124.98618840837172,8.723641,7.7087903,12.758389,9.147131,-12.249513,-5.7479987,6.1851335,0.0041128853,1.179819,8.000024,-10.959271,4.596932,7.037667,2.9631567,9.802706,-2.1029203,11.272362,-36.914364,59.692024,-6.101907,6.4424596,0.85497504,-1.9993881,-10.198644,22.839329,68.38294,-16.755602,7.15796,-1.2699144
1467,2.9032082557678223,-1.0241804122924805,78.15692901611328,-0.8256786111348633,-4.273757501888485,124.97828238287012,8.746982,7.717583,12.751986,9.14443,-12.264511,-5.7628136,6.198872,0.013633613,1.1858314,8.007654,-10.979836,4.5792084,7.037872,2.9511333,9.7601595,-2.0734646,11.269132,-36.864532,59.695816,-6.0526695,6.468953,0.8542303,-1.9884825,-10.1911125,22.82838,68.38932,-16.76002,7.1483903,-1.231819
1468,2.8903844356536865,-1.0044256448745728,78.15386962890625,-0.83186968780496,-4.263643434029018,124.9735570266903,8.760698,7.7260075,12.749456,9.140985,-12.279726,-5.773878,6.2077184,0.022626879,1.1884805,8.008287,-10.995805,4.5673857,7.0428667,2.941355,9.714665,-2.0482168,11.265861,-36.825806,59.701267,-6.020902,6.4911413,0.86098397,-1.9748441,-10.185698,22.815105,68.39066,-16.767689,7.1414347,-1.2019819
1469,2.882185459136963,-0.9864317178726196,78.15316009521484,-0.8390111683876551,-4.246449774699861,124.97409796916504,8.763986,7.735293,12.752791,9.136498,-12.297193,-5.7812996,6.212783,0.031896837,1.1852615,7.9986234,-11.005659,4.5635853,7.041407,2.9323695,9.67148,-2.0279782,11.260566,-36.777664,59.707645,-5.9939637,6.509619,0.8710653,-1.9681398,-10.178387,22.80101,68.389534,-16.78647,7.1395035,-1.1820875
1470,2.8742270469665527,-0.9715141654014587,78.15092468261719,-0.8470088215589013,-4.222667358999909,124.9771671364935,8.759701,7.7448945,12.760177,9.127654,-12.313832,-5.786864,6.2112923,0.04183762,1.1793789,7.985408,-11.012262,4.5640984,7.0449924,2.9263732,9.626141,-2.0144734,11.256782,-36.749966,59.71395,-5.9920897,6.5263114,0.8899965,-1.960656,-10.1738,22.790342,68.384384,-16.7962,7.13947,-1.1699784
1471,2.8614325523376465,-0.9561759233474731,78.15074157714844,-0.8534421722967995,-4.191712289723285,124.98000433286431,8.745736,7.752039,12.768613,9.120239,-12.328996,-5.788972,6.2019844,0.0493874,1.1745386,7.968946,-11.015259,4.5668554,7.032892,2.9173417,9.577862,-1.9930049,11.24346,-36.670433,59.724857,-5.9590526,6.541766,0.9074703,-1.9696871,-10.159262,22.777874,68.39551,-16.833511,7.1397057,-1.1603309
1472,2.8472821712493896,-0.9370939135551453,78.1528091430664,-0.8557794606191745,-4.155632801366719,124.97814500145363,8.725904,7.7535825,12.777373,9.114024,-12.339434,-5.7862706,6.1828065,0.05179454,1.1761067,7.958842,-11.020069,4.5698023,7.050204,2.907739,9.521359,-1.9704442,11.238105,-36.632614,59.73324,-5.969694,6.552841,0.94414264,-1.9556254,-10.154336,22.767847,68.39105,-16.850388,7.139189,-1.1586703
1473,2.831784248352051,-0.9221025705337524,78.15374755859375,-0.8513794856358464,-4.117165693390497,124.96937116141982,8.705279,7.745549,12.786987,9.106413,-12.341336,-5.776366,6.1563873,0.046076793,1.1878662,7.955365,-11.02683,4.5733128,7.051223,2.8909013,9.467262,-1.9392804,11.217587,-36.52126,59.753162,-5.9534307,6.5581746,0.9838523,-1.9652729,-10.138436,22.773643,68.41273,-16.885431,7.1367297,-1.1629992
1474,2.814457416534424,-0.9082648158073425,78.15702819824219,-0.8425165980318071,-4.074823575851805,124.95611782811503,8.679914,7.7313128,12.797676,9.100867,-12.338923,-5.760717,6.12155,0.034612566,1.2063836,7.9579043,-11.035286,4.5781894,7.061455,2.8715053,9.405463,-1.9051106,11.192117,-36.41385,59.780796,-5.9569798,6.558555,1.0378001,-1.9736747,-10.122247,22.795149,68.44191,-16.910963,7.1339474,-1.1757318
1475,2.799455165863037,-0.8952434062957764,78.15851593017578,-0.8331392598707764,-4.023034888820576,124.94222411734181,8.644235,7.7152925,12.808135,9.092071,-12.33264,-5.7433834,6.0766373,0.021765435,1.225451,7.956426,-11.03947,4.5830045,7.074609,2.853186,9.336905,-1.8681823,11.163447,-36.2978,59.812023,-5.9628577,6.556837,1.0998023,-1.9802873,-10.10741,22.811642,68.470825,-16.939142,7.1311007,-1.1938174
1476,2.786853313446045,-0.8819098472595215,78.15681457519531,-0.8276405212571688,-3.9559980780708854,124.93105887082343,8.589783,7.7031665,12.817217,9.081294,-12.32666,-5.7284603,6.0146766,0.012406078,1.2386708,7.952165,-11.039714,4.5863237,7.0974045,2.8397171,9.258441,-1.8266768,11.139843,-36.18981,59.83569,-5.97221,6.557056,1.1689243,-1.9719887,-10.097402,22.80242,68.48209,-16.970734,7.129499,-1.2153882
1477,2.7692697048187256,-0.8714380860328674,78.15557098388672,-0.828529295009204,-3.869092518668635,124.92456865820486,8.511338,7.697371,12.823507,9.066128,-12.320496,-5.718352,5.9332952,0.008278199,1.2431706,7.936712,-11.029174,4.587431,7.0864496,2.8364863,9.166387,-1.7811311,11.093823,-36.015553,59.88055,-5.9373174,6.55062,1.2383523,-2.0046802,-10.080146,22.798212,68.53461,-17.016844,7.1274157,-1.234986
1478,2.75612735748291,-0.8637561202049255,78.1534423828125,-0.8334369154037102,-3.7657358528053457,124.91971548630578,8.412914,7.6952434,12.8288765,9.0487795,-12.313573,-5.710541,5.8339143,0.007188488,1.2433045,7.9160857,-11.012123,4.5871143,7.086849,2.8386273,9.060528,-1.7339276,11.044411,-35.84719,59.927223,-5.901397,6.5425863,1.3184768,-2.0253077,-10.064311,22.77362,68.57748,-17.069931,7.127919,-1.2561005
1479,2.7442595958709717,-0.8566985130310059,78.15448760986328,-0.8379930992579634,-3.655391401201664,124.91624837342815,8.3069725,7.691957,12.833073,9.027846,-12.304661,-5.7013097,5.728922,0.005516016,1.2409269,7.8906884,-10.992882,4.5866556,7.090905,2.8415477,8.952462,-1.6862409,10.997992,-35.681297,59.97343,-5.8782325,6.538802,1.4018446,-2.0394554,-10.051262,22.730562,68.61105,-17.118063,7.125918,-1.2885028
1480,2.7321760654449463,-0.8499259948730469,78.15750122070312,-0.8391182400029231,-3.547244637776505,124.91381991992264,8.20221,7.684509,12.8355255,9.009351,-12.296558,-5.6871047,5.626115,0.00019511035,1.2378633,7.8676467,-10.978539,4.587422,7.0895104,2.84272,8.848581,-1.6457486,10.944879,-35.51203,60.035072,-5.879586,6.543786,1.4840102,-2.0527477,-10.0370455,22.677805,68.64211,-17.144787,7.117453,-1.3448416
1481,2.7188236713409424,-0.8423341512680054,78.16236877441406,-0.8339707171628407,-3.442999625954551,124.91462888619489,8.099716,7.669682,12.834851,8.993682,-12.290496,-5.663856,5.5292497,-0.0114352405,1.2322594,7.8455772,-10.9725895,4.590835,7.083931,2.8386097,8.751243,-1.6165751,10.886638,-35.35209,60.11409,-5.9220424,6.5613027,1.5714171,-2.0604722,-10.021437,22.61152,68.66474,-17.153244,7.1012473,-1.4158696
1482,2.7068490982055664,-0.8334233164787292,78.16777801513672,-0.8246181310176989,-3.3381218924260327,124.91794446780838,7.9962745,7.6492147,12.832017,8.976691,-12.284352,-5.6344466,5.4319863,-0.027557706,1.2240316,7.825477,-10.972623,4.595874,7.0784807,2.8305714,8.657569,-1.5913947,10.831126,-35.20039,60.197678,-5.9946556,6.588363,1.6633868,-2.0609107,-10.005951,22.52911,68.676216,-17.148827,7.0790486,-1.4985795
1483,2.694502115249634,-0.8279020190238953,78.17041015625,-0.8162428983597053,-3.231521800113553,124.91952767256167,7.89104,7.629462,12.8296795,8.960198,-12.276349,-5.6059494,5.333457,-0.042563904,1.2174797,7.8034525,-10.969781,4.599964,7.079369,2.8233256,8.5652485,-1.5563624,10.789416,-35.05697,60.26566,-6.0871544,6.621617,1.7490817,-2.0494442,-9.993768,22.433645,68.67306,-17.11765,7.0539823,-1.6168052
1484,2.680795431137085,-0.8229684829711914,78.17225646972656,-0.8133216115508736,-3.1233284871210336,124.91532125304805,7.7853684,7.6163454,12.830194,8.944202,-12.263822,-5.5853615,5.230491,-0.051508278,1.2170886,7.7833962,-10.959283,4.6007843,7.0838614,2.8254104,8.471415,-1.5276589,10.735804,-34.889435,60.35267,-6.161059,6.65247,1.813885,-2.0473654,-9.977514,22.323784,68.684044,-17.058495,7.0271425,-1.7946609
1485,2.6602659225463867,-0.8164950609207153,78.17825317382812,-0.8193866993365106,-3.0095408856082675,124.90008815897528,7.678089,7.613706,12.836914,8.924126,-12.240662,-5.5789595,5.117571,-0.04962254,1.2268566,7.7647996,-10.934555,4.5946584,7.1029983,2.839497,8.367066,-1.4942287,10.6753435,-34.710953,60.448154,-6.224167,6.683298,1.8563603,-2.0402608,-9.958885,22.201506,68.69909,-16.946487,6.999659,-2.043906
1486,2.642434597015381,-0.8133866786956787,78.1816177368164,-0.8313998848807782,-2.891848977787267,124.87751729122827,7.5683923,7.6179147,12.847237,8.904204,-12.211855,-5.5814533,4.9980054,-0.040689006,1.2432667,7.747089,-10.900573,4.583859,7.1296234,2.8653598,8.248944,-1.4800973,10.577065,-34.516182,60.59581,-6.276062,6.712889,1.8864378,-2.0418272,-9.930426,22.06704,68.7398,-16.795607,6.970564,-2.3543448
1487,2.6299686431884766,-0.799717128276825,78.18628692626953,-0.8435411598812476,-2.776438802841724,124.85609166754348,7.460231,7.621742,12.856832,8.885298,-12.18335,-5.582645,4.8814025,-0.03222854,1.2603438,7.7283516,-10.866008,4.5749545,7.1638947,2.8887599,8.143142,-1.4286878,10.53623,-34.34789,60.669056,-6.35702,6.747517,1.9043629,-2.016558,-9.918789,21.928572,68.73797,-16.62086,6.9390526,-2.7029314
1488,2.614823579788208,-0.795384407043457,78.1852798461914,-0.8499628978784494,-2.671094296309812,124.84394867509823,7.3602934,7.617182,12.862365,8.868439,-12.162446,-5.5720615,4.777305,-0.03268465,1.2724179,7.7097874,-10.840776,4.574793,7.179526,2.915447,8.048576,-1.4166389,10.449825,-34.152775,60.799213,-6.4263544,6.775711,1.919752,-2.0226705,-9.895275,21.778961,68.77229,-16.478226,6.905519,-3.0847774
1489,2.600283622741699,-0.7937015891075134,78.18571472167969,-0.8486673783894397,-2.575745985630168,124.84681706479765,7.263891,7.6016593,12.8604,8.858452,-12.153975,-5.5437794,4.6879244,-0.045170028,1.2765715,7.687504,-10.827433,4.5881615,7.18301,2.93677,7.971668,-1.3910214,10.392379,-33.982506,60.891613,-6.5482216,6.799302,1.9349608,-2.0186973,-9.881233,21.633087,68.7845,-16.333223,6.8692365,-3.5202916
1490,2.5859923362731934,-0.7948064208030701,78.18634033203125,-0.8424079342237156,-2.4876552667790874,124.85878234621502,7.172565,7.5787716,12.854382,8.8497305,-12.151693,-5.5043473,4.6086884,-0.065685675,1.2764951,7.6628675,-10.820857,4.6105247,7.1750193,2.9592001,7.9072833,-1.3780714,10.325786,-33.80639,60.995968,-6.6891418,6.817091,1.9447817,-2.0230517,-9.865732,21.478395,68.801636,-16.190897,6.8291225,-4.007893
1491,2.566345691680908,-0.7931593060493469,78.18955993652344,-0.8346008562922842,-2.406954919836,124.87223517542232,7.0892425,7.5536203,12.847572,8.842758,-12.152557,-5.4626184,4.5373926,-0.08864516,1.2756312,7.641148,-10.818458,4.634223,7.1667395,2.981488,7.8469853,-1.3653369,10.264931,-33.64589,61.093388,-6.822038,6.83978,1.95256,-2.0275695,-9.853491,21.329878,68.82129,-16.065424,6.7908144,-4.4969573
1492,2.541727304458618,-0.7890245914459229,78.19257354736328,-0.8286572183467651,-2.334028929411899,124.87921580905967,7.0181155,7.531134,12.843402,8.836396,-12.152787,-5.4274364,4.4736695,-0.1088602,1.2775178,7.6250606,-10.816177,4.6516914,7.167086,3.0060866,7.78414,-1.3552477,10.206212,-33.508522,61.18729,-6.908328,6.87577,1.9601098,-2.0306048,-9.843746,21.19438,68.84849,-15.980253,6.7594657,-4.9358854
1493,2.513392448425293,-0.7846565842628479,78.1949462890625,-0.8242084337385752,-2.269360376679477,124.87564257162495,6.961369,7.511962,12.843438,8.831372,-12.151654,-5.400583,4.4168143,-0.12595142,1.2848567,7.6175327,-10.813398,4.661285,7.1804786,3.030886,7.7172246,-1.3415072,10.157704,-33.40012,61.268684,-6.935167,6.9303107,1.9672378,-2.0289233,-9.837984,21.070002,68.88314,-15.945001,6.7370944,-5.328746
1494,2.4904205799102783,-0.7804660201072693,78.19529724121094,-0.8204049338851466,-2.212533593138506,124.86638924049224,6.9168634,7.493775,12.845718,8.827174,-12.150828,-5.377504,4.367159,-0.1419914,1.295125,7.6165953,-10.812185,4.666936,7.2010484,3.0556855,7.6495247,-1.3258562,10.118423,-33.313908,61.34013,-6.923207,6.9976387,1.9723749,-2.0241778,-9.835397,20.95374,68.9228,-15.946763,6.721087,-5.6963754
1495,2.470552921295166,-0.773944079875946,78.19407653808594,-0.8173827998263796,-2.1629214007400974,124.85678409588454,6.8804364,7.4763513,12.848154,8.824668,-12.151696,-5.357596,4.3240066,-0.15733878,1.3044589,7.621033,-10.814649,4.6694202,7.2269964,3.0839438,7.5845184,-1.3224018,10.07345,-33.244507,61.418056,-6.886297,7.0705967,1.976876,-2.0234287,-9.835209,20.846243,68.96901,-15.975154,6.710863,-6.014175
1496,2.4488649368286133,-0.7626990675926208,78.18964385986328,-0.8154548860952204,-2.1197307628372335,124.85217996788086,6.850719,7.4591794,12.849542,8.819089,-12.153059,-5.340311,4.289019,-0.17187423,1.3092337,7.6241264,-10.819941,4.669528,7.2498913,3.1151905,7.5214996,-1.3301754,10.022457,-33.188866,61.50374,-6.8462677,7.1428285,1.9823812,-2.0305674,-9.839739,20.76883,69.021,-16.006731,6.7061334,-6.2578235
1497,2.430840492248535,-0.7544515132904053,78.18612670898438,-0.8157811768831994,-2.082247101781505,124.85272862983834,6.826059,7.4432144,12.850363,8.811102,-12.155215,-5.327325,4.259322,-0.18436827,1.3085914,7.629464,-10.830228,4.6647077,7.2631807,3.1439924,7.4651084,-1.3267306,9.992266,-33.144104,61.559753,-6.808358,7.218601,1.9804252,-2.0508292,-9.846989,20.736982,69.07729,-16.044765,6.707077,-6.413771
1498,2.408707618713379,-0.7510905265808105,78.18260192871094,-0.8179519780533264,-2.0511316296263895,124.85621625202906,6.8074102,7.428848,12.850914,8.803211,-12.15889,-5.3185005,4.236604,-0.1950707,1.3046312,7.636432,-10.844235,4.6554217,7.2760987,3.169953,7.4133434,-1.3249596,9.977701,-33.116344,61.6043,-6.76213,7.298243,1.972171,-2.079068,-9.853393,20.732866,69.13886,-16.099453,6.713758,-6.497361
1499,2.384981870651245,-0.7412851452827454,78.18460083007812,-0.8198825082290424,-2.0273563846674576,124.86367192208907,6.7958384,7.4134254,12.849389,8.795889,-12.165036,-5.3099103,4.2228374,-0.20695372,1.2971287,7.6433315,-10.860881,4.647044,7.2698474,3.2057858,7.367518,-1.3312073,9.943148,-33.07364,61.658382,-6.695503,7.375169,1.9705026,-2.1212409,-9.874114,20.762348,69.2055,-16.149715,6.725211,-6.5253625
1500,2.3597006797790527,-0.735888659954071,78.18931579589844,-0.8196250772203493,-2.0111329733444623,124.87615748748388,6.791029,7.3952546,12.843486,8.790709,-12.174876,-5.2980185,4.219171,-0.22266895,1.2860259,7.6494393,-10.880039,4.6446967,7.2649126,3.2410445,7.324399,-1.3412373,9.913712,-33.057644,61.708305,-6.6365166,7.446433,1.990873,-2.1570556,-9.897331,20.800001,69.26168,-16.174057,6.741635,-6.5210547
1501,2.335547924041748,-0.7313575148582458,78.1912841796875,-0.81634498208503,-2.0034755726082643,124.89725067347328,6.7940273,7.372957,12.8310375,8.78629,-12.189999,-5.281567,4.226231,-0.24397302,1.2690076,7.656314,-10.9035,4.6492834,7.262018,3.2681081,7.288633,-1.355111,9.900052,-33.068634,61.744293,-6.580581,7.5168114,2.0434277,-2.1986432,-9.911669,20.837524,69.318474,-16.172506,6.7669764,-6.4768972
1502,2.309264659881592,-0.7316829562187195,78.19032287597656,-0.8115891532283857,-2.0035744820092454,124.92579021956855,6.802054,7.348742,12.813011,8.786373,-12.210931,-5.262624,4.245295,-0.26876366,1.2463479,7.6596527,-10.92879,4.658097,7.249318,3.296141,7.2547603,-1.3730086,9.8858595,-33.097237,61.7805,-6.528093,7.583616,2.1213624,-2.2454696,-9.930557,20.903322,69.376434,-16.140942,6.8013735,-6.386696
1503,2.2857704162597656,-0.7318354249000549,78.18904113769531,-0.8055273556335417,-2.0104047755770216,124.95422064295641,6.8170815,7.323091,12.79417,8.7880945,-12.232654,-5.242355,4.272065,-0.29544875,1.223419,7.663266,-10.955544,4.671334,7.232193,3.3310888,7.222077,-1.3917111,9.865294,-33.133152,61.81906,-6.474076,7.641227,2.2027273,-2.2824755,-9.96313,20.984127,69.418724,-16.096083,6.8340883,-6.270702
1504,2.2656304836273193,-0.7287594079971313,78.18603515625,-0.7973789417930186,-2.0230539163496344,124.97578690613865,6.841998,7.2953377,12.778958,8.787401,-12.249473,-5.221974,4.303243,-0.32373342,1.2052963,7.6693835,-10.982193,4.6890965,7.229175,3.357392,7.196887,-1.4141259,9.857021,-33.166023,61.854298,-6.4050336,7.685107,2.2590961,-2.3198636,-9.97893,21.023445,69.45908,-16.085503,6.8515854,-6.152363
1505,2.240530252456665,-0.721701979637146,78.18253326416016,-0.7861673231124083,-2.041478004580932,124.98676008648098,6.874489,7.265154,12.767528,8.790749,-12.261564,-5.2001643,4.341903,-0.35444117,1.1939584,7.6714206,-11.005006,4.7157097,7.236189,3.390182,7.165643,-1.4344594,9.843244,-33.21782,61.90325,-6.3429236,7.704884,2.292335,-2.333102,-10.007003,21.059252,69.478645,-16.08009,6.8541307,-6.0309987
1506,2.2157280445098877,-0.7142058610916138,78.17877197265625,-0.7722461165219652,-2.0666128253570557,124.99160105785185,6.915505,7.232266,12.757864,8.796071,-12.270383,-5.1768527,4.3870215,-0.3879449,1.1865652,7.6739817,-11.02728,4.749722,7.246324,3.413805,7.1417713,-1.4579449,9.838062,-33.25802,61.954964,-6.2604046,7.7086587,2.3041134,-2.3543622,-10.019528,21.070786,69.50369,-16.103285,6.8453245,-5.8976817
1507,2.1957364082336426,-0.7097404599189758,78.17632293701172,-0.7589153556618768,-2.0965448981732178,124.99487908602255,6.9627523,7.2006736,12.750378,8.801265,-12.280259,-5.1551127,4.4362164,-0.42027205,1.1803418,7.678965,-11.050671,4.7824388,7.2816224,3.447204,7.115057,-1.4919505,9.826022,-33.33676,62.0113,-6.1941433,7.7059298,2.315683,-2.3410296,-10.0492735,21.060434,69.491844,-16.119402,6.8281846,-5.7585936
1508,2.1694767475128174,-0.7048319578170776,78.17261505126953,-0.7497335246020549,-2.1299778642360865,125.00242195290848,7.0130463,7.1744294,12.744222,8.806142,-12.2956295,-5.138126,4.487361,-0.44766617,1.1717125,7.689543,-11.07774,4.8050466,7.2886133,3.4753602,7.0955863,-1.5133913,9.823372,-33.366535,62.042034,-6.111836,7.710147,2.325972,-2.3578415,-10.05764,21.065575,69.49789,-16.127249,6.8051167,-5.631196
1509,2.146362066268921,-0.7033035755157471,78.16927337646484,-0.7468217958454955,-2.1676674494040347,125.01536857784889,7.0676994,7.1562076,12.74124,8.809791,-12.3188095,-5.128107,4.542263,-0.46768293,1.1599566,7.7040424,-11.108015,4.812527,7.299416,3.5113575,7.0745015,-1.5355636,9.8208,-33.407276,62.058475,-6.0448537,7.7208643,2.3448713,-2.3649092,-10.067703,21.069023,69.48605,-16.105616,6.7782454,-5.5133686
1510,2.126469373703003,-0.6991301774978638,78.16779327392578,-0.7477158044876203,-2.209776825269866,125.03070187382076,7.1270647,7.1435146,12.741367,8.813332,-12.347384,-5.1229305,4.5998015,-0.48248497,1.147132,7.72404,-11.141763,4.8104334,7.32251,3.5530474,7.0525346,-1.5636085,9.817742,-33.464867,62.067837,-5.9899497,7.7329803,2.366736,-2.3461945,-10.082983,21.059505,69.44046,-16.067875,6.7472467,-5.3994684
1511,2.1042733192443848,-0.6935157775878906,78.16757202148438,-0.7501721337197016,-2.253871507841635,125.0469774054853,7.187394,7.1326003,12.741196,8.818958,-12.378874,-5.119192,4.658847,-0.49572924,1.1340982,7.745347,-11.1757765,4.805952,7.3250027,3.591966,7.0374827,-1.5841125,9.817442,-33.48143,62.060665,-5.921759,7.748425,2.3868895,-2.352327,-10.086169,21.061424,69.40989,-16.03136,6.707002,-5.2917905
1512,2.0795955657958984,-0.6895722150802612,78.166015625,-0.7518195885057636,-2.293314548784568,125.06168744134703,7.240738,7.1198664,12.738669,8.827314,-12.409391,-5.113382,4.7123246,-0.510494,1.1230079,7.7655277,-11.206762,4.80638,7.3287215,3.6304595,7.0199475,-1.605251,9.817486,-33.495483,62.045197,-5.868373,7.765664,2.4124622,-2.3595943,-10.087537,21.06629,69.37646,-15.999029,6.6582837,-5.1955714
1513,2.054691791534424,-0.687827467918396,78.16264343261719,-0.7521283291659306,-2.3445897893755663,125.07518053366972,7.3128576,7.1024456,12.733877,8.824868,-12.435084,-5.1054378,4.7810884,-0.5279971,1.1139832,7.7817435,-11.235218,4.8124843,7.371718,3.6671379,6.992845,-1.628613,9.817055,-33.6022,62.029186,-5.882488,7.7974706,2.4733605,-2.3166928,-10.106768,21.087002,69.313484,-15.916014,6.5855527,-5.0922685
1514,2.0286505222320557,-0.6844298243522644,78.16087341308594,-0.7527203425107237,-2.3901286747151236,125.08824970341776,7.374482,7.085129,12.727082,8.829663,-12.463304,-5.0966544,4.842072,-0.54564446,1.106134,7.7982802,-11.2603245,4.820547,7.396133,3.703871,6.972586,-1.6513864,9.817039,-33.65985,61.996033,-5.890842,7.834061,2.5303395,-2.2981198,-10.117904,21.110361,69.25769,-15.844217,6.502857,-4.998368
1515,2.00500750541687,-0.6816215515136719,78.15811920166016,-0.7527830524891173,-2.438009084290148,125.09988353367781,7.4390855,7.066693,12.719111,8.834318,-12.490938,-5.086929,4.905445,-0.56428266,1.0994838,7.81468,-11.286111,4.8320403,7.4165273,3.7375412,6.956608,-1.6719885,9.817207,-33.70521,61.957714,-5.8917103,7.8675594,2.5902922,-2.2848532,-10.123073,21.137493,69.20576,-15.785268,6.4131675,-4.911025
1516,1.9852147102355957,-0.6811274290084839,78.15432739257812,-0.7511482336402534,-2.489539861692344,125.10926628566953,7.507795,7.0468383,12.710122,8.839982,-12.517503,-5.0759587,4.973746,-0.58467007,1.093053,7.8287067,-11.313835,4.8483615,7.4449153,3.770656,6.9315953,-1.6827728,9.817638,-33.785576,61.922626,-5.894207,7.886942,2.6581447,-2.2534854,-10.134925,21.178972,69.150116,-15.737735,6.3246884,-4.835381
1517,1.960852026939392,-0.6793097257614136,78.15029907226562,-0.7470764279072414,-2.547319441510292,125.11448567407531,7.5837183,7.024821,12.698541,8.848416,-12.54288,-5.0625186,5.050803,-0.60812557,1.0873834,7.83933,-11.345238,4.873802,7.462977,3.7991154,6.9259734,-1.6922327,9.817703,-33.826263,61.884518,-5.8358297,7.890352,2.7174997,-2.2444212,-10.139838,21.205168,69.11082,-15.761781,6.23173,-4.7653546
1518,1.9394736289978027,-0.6780493855476379,78.14310455322266,-0.7410407874823832,-2.6088225106880287,125.11597839611846,7.665895,7.0005713,12.685405,8.855401,-12.565956,-5.0470624,5.134127,-0.6337484,1.0828339,7.845358,-11.377733,4.9062886,7.495701,3.8281164,6.904267,-1.688959,9.817318,-33.917496,61.84831,-5.794491,7.882679,2.791984,-2.2039676,-10.152643,21.25196,69.05911,-15.790303,6.13785,-4.7090883
1519,1.911303997039795,-0.6800316572189331,78.1368637084961,-0.7350788895211045,-2.6725682071404564,125.1186162872058,7.747774,6.9770613,12.672744,8.865699,-12.590358,-5.0322742,5.2187033,-0.6593704,1.0778675,7.8523326,-11.410838,4.937704,7.515822,3.8540816,6.899016,-1.689904,9.816822,-33.969147,61.810497,-5.7203107,7.866289,2.8566504,-2.185866,-10.157907,21.285263,69.01999,-15.843255,6.0413537,-4.655108
1520,1.8898615837097168,-0.6783307790756226,78.13084411621094,-0.730571579271344,-2.7351883509169728,125.12629864274356,7.827358,6.9554086,12.664105,8.87239,-12.614662,-5.020588,5.2987,-0.68282914,1.0716126,7.864836,-11.444137,4.959935,7.5336094,3.8806994,6.889507,-1.6906435,9.816019,-34.035667,61.778347,-5.6676445,7.8422027,2.9218917,-2.1643114,-10.165353,21.328821,68.981804,-15.857231,5.949952,-4.60755
1521,1.8693255186080933,-0.6811749339103699,78.12706756591797,-0.7281471774050112,-2.797597771109433,125.14187886120433,7.904043,6.9362965,12.662074,8.876656,-12.6415825,-5.0123687,5.3745904,-0.70366144,1.0629685,7.8846717,-11.479399,4.9681396,7.5444756,3.9095118,6.8830633,-1.6976615,9.815244,-34.10554,61.75277,-5.628574,7.8072414,2.9860415,-2.145728,-10.1743355,21.376675,68.94313,-15.830651,5.8592973,-4.5632734
1522,1.850231409072876,-0.6844553351402283,78.1240005493164,-0.7270952218960228,-2.8602874550019752,125.16256804005518,7.979218,6.918789,12.66459,8.878994,-12.669319,-5.006352,5.447815,-0.7230157,1.0529108,7.9098573,-11.516248,4.9675922,7.5525494,3.939101,6.874688,-1.7061455,9.814319,-34.18689,61.733704,-5.601257,7.761548,3.051755,-2.1217544,-10.18795,21.433603,68.9006,-15.774726,5.77003,-4.5248003
1523,1.8345922231674194,-0.6876873970031738,78.11929321289062,-0.7270287449099354,-2.921822875685785,125.18422752119673,8.051507,6.9028087,12.666787,8.881218,-12.695958,-5.0027103,5.5180144,-0.7405737,1.0426909,7.9352474,-11.549972,4.9650803,7.557672,3.9699636,6.8711386,-1.712616,9.81322,-34.25717,61.710114,-5.5761404,7.7128115,3.1096265,-2.0976672,-10.20422,21.484396,68.85517,-15.711253,5.687758,-4.4882426
1524,1.8211251497268677,-0.6907429099082947,78.1175765991211,-0.7279060147376424,-2.980184522914354,125.20296184694607,8.11933,6.8886614,12.663978,8.885148,-12.7191515,-5.0016375,5.5841026,-0.7561398,1.033447,7.958303,-11.5777,4.9672303,7.5597153,3.995456,6.8759613,-1.7150302,9.812728,-34.286823,61.6781,-5.537401,7.668754,3.149041,-2.0878587,-10.209717,21.508532,68.821785,-15.667902,5.619412,-4.4531145
1525,1.8084261417388916,-0.6920536756515503,78.11489868164062,-0.730376779195075,-3.0348026885855037,125.21711729158197,8.183487,6.8770638,12.653761,8.886772,-12.734555,-5.0053773,5.647747,-0.76866865,1.0260425,7.97189,-11.5930195,4.977049,7.5660143,4.0193515,6.8774447,-1.7068206,9.812229,-34.308117,61.638252,-5.511853,7.6248856,3.1749053,-2.0729492,-10.213597,21.526556,68.789024,-15.618234,5.5716186,-4.421538
1526,1.7910048961639404,-0.6921958923339844,78.11485290527344,-0.7341780180649518,-3.0880510949322058,125.22893135637527,8.2468,6.8672233,12.639276,8.886426,-12.74538,-5.0130825,5.7105684,-0.77879137,1.0199376,7.979434,-11.599436,4.9907417,7.5772877,4.048115,6.8641233,-1.674475,9.810008,-34.347168,61.587532,-5.511153,7.57937,3.1968277,-2.0292675,-10.232972,21.560257,68.74114,-15.541741,5.5412564,-4.394752
1527,1.77529776096344,-0.7013692259788513,78.11456298828125,-0.7379459622378087,-3.137641822607982,125.24006850378267,8.303867,6.8582153,12.623675,8.888429,-12.755466,-5.020298,5.767309,-0.78847784,1.0135509,7.9881167,-11.604428,5.0044084,7.5852866,4.0722604,6.864575,-1.6493175,9.80826,-34.352104,61.532494,-5.5020757,7.541795,3.2065947,-2.0024297,-10.243492,21.565292,68.70185,-15.484909,5.5167956,-4.370635
1528,1.7620729207992554,-0.7097140550613403,78.11653137207031,-0.7397391770343206,-3.1831280912800572,125.25182009792151,8.355377,6.8466306,12.611061,8.890027,-12.765869,-5.0224056,5.817124,-0.8008529,1.006263,8.000493,-11.61327,5.0146356,7.589021,4.0954037,6.8660955,-1.6194093,9.805292,-34.351437,61.470703,-5.507298,7.5213985,3.220027,-1.9721178,-10.260092,21.564512,68.65971,-15.434239,5.4935317,-4.3554583
1529,1.755785346031189,-0.718434751033783,78.11367797851562,-0.7399462137919189,-3.2189659231435996,125.26395910532781,8.391692,6.8345394,12.602575,8.89788,-12.780035,-5.0183115,5.853116,-0.8146277,0.99770254,8.016423,-11.625239,5.017266,7.589422,4.107476,6.866086,-1.6081667,9.804596,-34.34684,61.423573,-5.5492406,7.5195374,3.234399,-1.9638767,-10.262216,21.559408,68.6405,-15.384884,5.467717,-4.3526154
1530,1.744881272315979,-0.7277889251708984,78.11157989501953,-0.7384087636116078,-3.2608116673406897,125.27669009178473,8.437708,6.8195524,12.596478,8.898256,-12.792342,-5.0104036,5.895208,-0.83048743,0.9878661,8.0334015,-11.64042,5.0156965,7.586043,4.12552,6.874428,-1.5603551,9.802131,-34.325577,61.333942,-5.604442,7.541361,3.2573369,-1.9374925,-10.271891,21.53497,68.61242,-15.345231,5.4384694,-4.362122
1531,1.733229637145996,-0.736471951007843,78.10814666748047,-0.7353397955225985,-3.2946621174231505,125.28963044131638,8.471593,6.802965,12.590984,8.90183,-12.804083,-4.9994397,5.9278517,-0.84868276,0.9777636,8.049165,-11.654607,5.016103,7.5816455,4.1415243,6.8857293,-1.527632,9.7979145,-34.298267,61.257137,-5.648448,7.5681405,3.2731023,-1.9174399,-10.288999,21.499365,68.58264,-15.319533,5.41727,-4.3719025
1532,1.7194690704345703,-0.7480437755584717,78.10508728027344,-0.7293012770473195,-3.326424459394793,125.30349136792009,8.503281,6.781628,12.584574,8.902804,-12.8126,-4.986292,5.9595876,-0.8711149,0.96767855,8.061953,-11.668066,5.025152,7.574703,4.1545386,6.8949456,-1.4935294,9.793248,-34.281326,61.19106,-5.6585684,7.595183,3.2891235,-1.8980125,-10.303669,21.468971,68.55929,-15.303094,5.410226,-4.3872566
1533,1.7055237293243408,-0.761860191822052,78.1020736694336,-0.7179154257046806,-3.35623654792321,125.318862240776,8.532052,6.7521753,12.578574,8.901932,-12.817189,-4.9685907,5.991922,-0.90166616,0.95824647,8.069772,-11.681369,5.0489664,7.562503,4.162978,6.9019017,-1.4584013,9.787772,-34.273968,61.138687,-5.6192427,7.61912,3.3062327,-1.8842224,-10.315562,21.445272,68.54638,-15.297335,5.4324436,-4.4027286
1534,1.69487464427948,-0.7732921242713928,78.10245513916016,-0.7023559067323562,-3.384157520996885,125.33483300322558,8.559067,6.7165046,12.573846,8.897962,-12.818325,-4.9468155,6.024212,-0.9384686,0.94952387,8.073147,-11.694166,5.082569,7.555517,4.1737227,6.9122753,-1.4184428,9.777759,-34.27201,61.083683,-5.5346503,7.6477914,3.32343,-1.8588,-10.332971,21.403534,68.52023,-15.317257,5.476797,-4.4155545
1535,1.6886883974075317,-0.7838797569274902,78.1056137084961,-0.6876116540116086,-3.409072749513218,125.35166540620496,8.581819,6.681517,12.565959,8.893795,-12.818151,-4.9259005,6.05424,-0.9742218,0.93911636,8.073894,-11.704612,5.115935,7.5401597,4.1793914,6.918479,-1.380925,9.769216,-34.27341,61.044647,-5.447249,7.678428,3.3380036,-1.8427136,-10.343704,21.374792,68.513626,-15.335964,5.512528,-4.4443007
1536,1.6779929399490356,-0.7947781085968018,78.10833740234375,-0.6787092729653734,-3.431021802233375,125.36790402131535,8.600473,6.654519,12.552074,8.890879,-12.818828,-4.910878,6.079213,-1.0015656,0.9261607,8.076721,-11.71223,5.1391034,7.530111,4.191504,6.923132,-1.3442183,9.7587385,-34.278088,61.011078,-5.365813,7.716334,3.344656,-1.8194543,-10.35501,21.329798,68.510864,-15.372822,5.5084543,-4.4928045
1537,1.668711543083191,-0.8070701956748962,78.10701751708984,-0.6781764925942558,-3.450676231545147,125.38449121066382,8.614182,6.6389575,12.526348,8.893002,-12.822942,-4.9045033,6.100316,-1.0169483,0.9077234,8.081176,-11.715501,5.1470146,7.5208807,4.209054,6.9272423,-1.3152748,9.746083,-34.289455,60.992474,-5.3029213,7.7580137,3.342711,-1.7926509,-10.366969,21.273174,68.517815,-15.412717,5.453967,-4.5549083
1538,1.6585482358932495,-0.8167865872383118,78.10563659667969,-0.6829264433161699,-3.467909712675528,125.40153015710167,8.624267,6.63033,12.492362,8.89603,-12.827496,-4.9035993,6.1168456,-1.0249785,0.8852047,8.089155,-11.717183,5.145785,7.504356,4.229801,6.929025,-1.2823178,9.734671,-34.3019,60.97884,-5.2464867,7.8042173,3.3352172,-1.7724507,-10.376404,21.219463,68.543884,-15.454009,5.365912,-4.63033
1539,1.6514003276824951,-0.8270943760871887,78.10525512695312,-0.6891666396197678,-3.480769632570712,125.41867697673847,8.628469,6.623886,12.458695,8.899498,-12.831496,-4.9042087,6.1291585,-1.0306736,0.8629041,8.093706,-11.71538,5.142174,7.482939,4.2490544,6.9279294,-1.2467663,9.726135,-34.30885,60.969448,-5.192794,7.857216,3.3204226,-1.753535,-10.3825865,21.173727,68.576904,-15.508534,5.2567534,-4.738221
1540,1.6449153423309326,-0.8380119800567627,78.10594940185547,-0.6931153218357577,-3.4872773828874193,125.43488503902661,8.626998,6.614524,12.434809,8.898817,-12.83196,-4.902374,6.132712,-1.039482,0.8454035,8.098277,-11.713069,5.1431026,7.460692,4.2629933,6.925158,-1.2148266,9.722258,-34.310017,60.966156,-5.143499,7.9190483,3.2979116,-1.7358654,-10.385033,21.144953,68.608925,-15.585717,5.138833,-4.8963394
1541,1.6374505758285522,-0.8562638163566589,78.1072998046875,-0.6946476260313118,-3.4841891288150335,125.45152790821115,8.614541,6.602154,12.424838,8.895435,-12.829843,-4.897619,6.125046,-1.0517186,0.83375835,8.099734,-11.708505,5.149106,7.451761,4.28124,6.9145823,-1.1775819,9.715608,-34.311756,60.957714,-5.081978,7.9976583,3.2624536,-1.7083608,-10.388501,21.099648,68.64471,-15.725434,4.986927,-5.127403
1542,1.6339951753616333,-0.8715864419937134,78.10952758789062,-0.6958356958719827,-3.4737854812752547,125.46823769098498,8.595448,6.589011,12.423875,8.88657,-12.823793,-4.891926,6.10857,-1.0647882,0.8259445,8.099686,-11.702124,5.156912,7.4594636,4.302618,6.9018245,-1.1556956,9.700449,-34.32236,60.96606,-5.017409,8.087126,3.217168,-1.6707904,-10.395002,21.03425,68.67699,-15.911743,4.8067813,-5.412716
1543,1.6282923221588135,-0.8829257488250732,78.1100082397461,-0.6949804552051638,-3.461218687172574,125.48406920854929,8.57319,6.573607,12.424143,8.878336,-12.816043,-4.884562,6.0902114,-1.0800534,0.8193027,8.095948,-11.69362,5.1678195,7.4829235,4.325089,6.8876247,-1.1589787,9.667372,-34.341747,61.00872,-4.9616084,8.177356,3.1700912,-1.6193043,-10.405921,20.951536,68.68947,-16.105827,4.642804,-5.712348
1544,1.6243135929107666,-0.8936653733253479,78.11067962646484,-0.6898638411159298,-3.451635773981726,125.49906263357671,8.552852,6.554214,12.417065,8.872113,-12.80616,-4.874814,6.0749264,-1.0993669,0.81023777,8.093422,-11.687982,5.18301,7.4869404,4.340448,6.8784747,-1.14444,9.640162,-34.32818,61.036755,-4.91374,8.264361,3.1246998,-1.5854843,-10.4119625,20.879986,68.69417,-16.267387,4.538477,-5.9863315
1545,1.620444655418396,-0.9054840803146362,78.1099853515625,-0.6774616903676314,-3.446783615676156,125.5133845357809,8.536543,6.5264554,12.398438,8.867307,-12.791505,-4.8607783,6.066108,-1.1266907,0.79684454,8.088353,-11.684393,5.2073627,7.488395,4.3467417,6.881441,-1.1276296,9.614294,-34.286243,61.05904,-4.86998,8.349319,3.0713437,-1.557575,-10.412918,20.77786,68.6694,-16.404448,4.518139,-6.232536
1546,1.6189532279968262,-0.9161738753318787,78.11177062988281,-0.6597802434579804,-3.443617476613629,125.52719165389914,8.520423,6.4930644,12.373082,8.864285,-12.773233,-4.8434734,6.061105,-1.1596942,0.78104794,8.0788765,-11.6809635,5.238622,7.4817677,4.3439746,6.888307,-1.0948156,9.600619,-34.22811,61.06402,-4.83923,8.435968,3.0130427,-1.5341996,-10.4101925,20.675827,68.62627,-16.516802,4.5552998,-6.4724417
1547,1.6191564798355103,-0.9371383786201477,78.11161041259766,-0.642304840820175,-3.4410048149322825,125.53960601943604,8.505724,6.4606814,12.347719,8.860309,-12.754671,-4.8263497,6.055622,-1.1914387,0.7660721,8.071001,-11.677485,5.267664,7.492513,4.3402596,6.90464,-1.0865648,9.575497,-34.15955,61.090527,-4.8017874,8.516569,2.9610217,-1.5183103,-10.400034,20.525513,68.577286,-16.64746,4.608795,-6.6821246
1548,1.6148407459259033,-0.9506917595863342,78.11663818359375,-0.6314409018857248,-3.435943613052542,125.54955346498464,8.488638,6.437493,12.328307,8.858991,-12.7418995,-4.8129544,6.0450506,-1.2140061,0.7547961,8.069074,-11.673587,5.285143,7.4966908,4.3395395,6.907118,-1.0624987,9.557462,-34.110218,61.113457,-4.797708,8.585118,2.9438474,-1.5051554,-10.390461,20.427279,68.53814,-16.744732,4.6470065,-6.853687
1549,1.6083303689956665,-0.9594016075134277,78.11934661865234,-0.6301423113539256,-3.427997098947027,125.55308005366139,8.471415,6.4274135,12.319917,8.858316,-12.736695,-4.8050175,6.029056,-1.2232244,0.75178057,8.072138,-11.666444,5.285814,7.509573,4.3444185,6.9004836,-1.0463771,9.538576,-34.073868,61.15627,-4.8227224,8.635988,2.967521,-1.4990616,-10.379901,20.344717,68.51353,-16.834488,4.6571918,-6.9798183
1550,1.6070631742477417,-0.9664605259895325,78.12106323242188,-0.6349385935597408,-3.4177322191302357,125.55235088208049,8.452929,6.425824,12.3173485,8.859324,-12.736532,-4.800327,6.0081463,-1.2237812,0.75376135,8.080392,-11.658252,5.2756004,7.5154204,4.3540354,6.8854785,-1.0078994,9.5313635,-34.047737,61.18195,-4.885521,8.676551,3.0253356,-1.4922599,-10.375983,20.303755,68.485,-16.890821,4.6620345,-7.0715666
1551,1.605971097946167,-0.97849440574646,78.1187744140625,-0.640970317313589,-3.40770277111509,125.55384065177651,8.434273,6.4263144,12.315027,8.859629,-12.73665,-4.7966914,5.987074,-1.2222468,0.75397944,8.090136,-11.65039,5.261872,7.5270176,4.363114,6.8751893,-0.9841318,9.520226,-34.019596,61.220295,-4.9354234,8.70968,3.088531,-1.4916831,-10.370554,20.25533,68.45672,-16.955994,4.6626077,-7.1216197
1552,1.6070889234542847,-0.9893583059310913,78.11940002441406,-0.6441425728775931,-3.399281847673023,125.5645320475733,8.41494,6.422738,12.306564,8.858713,-12.733229,-4.791875,5.9702406,-1.2251298,0.7452128,8.095271,-11.642852,5.2521205,7.5303984,4.3680563,6.8663845,-0.95937365,9.516541,-34.009388,61.250866,-4.9784875,8.740912,3.143661,-1.4898652,-10.36896,20.242743,68.421715,-16.999355,4.6664996,-7.1332803
1553,1.6073402166366577,-1.0013097524642944,78.12024688720703,-0.6435549242699721,-3.390028511937147,125.587839156816,8.388755,6.4144073,12.290795,8.860751,-12.727881,-4.7851176,5.9528913,-1.2336076,0.7255003,8.099804,-11.63838,5.245943,7.5297213,4.3664784,6.861085,-0.9425479,9.51369,-34.0036,61.279198,-4.978191,8.774826,3.1824067,-1.4867679,-10.368259,20.240372,68.37369,-17.047667,4.676598,-7.0921416
1554,1.6101906299591064,-1.013181447982788,78.122802734375,-0.6413386343354834,-3.3813394124103455,125.61929757424794,8.362403,6.4037304,12.271649,8.858742,-12.7189045,-4.7777386,5.937447,-1.2443843,0.6990428,8.101815,-11.634345,5.2402115,7.5294642,4.362059,6.8602448,-0.9355493,9.512852,-34.006886,61.309258,-4.957297,8.806179,3.2140489,-1.4888842,-10.368425,20.250793,68.32286,-17.088003,4.68681,-7.004386
1555,1.615837812423706,-1.024850606918335,78.12602996826172,-0.6377730502093905,-3.3748961303081417,125.6550374911378,8.335557,6.3914924,12.247428,8.859537,-12.709041,-4.770299,5.925065,-1.257506,0.6665369,8.103786,-11.631452,5.2381015,7.516043,4.3548903,6.8570504,-0.9255449,9.511479,-34.018192,61.34215,-4.9448767,8.831102,3.248471,-1.4859636,-10.371676,20.300077,68.26751,-17.112339,4.698925,-6.891824
1556,1.621397614479065,-1.0329818725585938,78.1290054321289,-0.6328062395358554,-3.375956957136834,125.6903783825335,8.317365,6.377315,12.218128,8.860558,-12.697374,-4.763536,5.924972,-1.2728101,0.6296479,8.101582,-11.628039,5.2427063,7.5008554,4.3478327,6.867353,-0.91680026,9.512355,-34.03032,61.37001,-4.9474816,8.846075,3.2826614,-1.4880785,-10.376237,20.344133,68.21984,-17.150724,4.7043314,-6.770844
1557,1.6265616416931152,-1.0489556789398193,78.13081359863281,-0.6254269247545092,-3.3897374725664036,125.72576246328784,8.311349,6.3600426,12.1790285,8.864699,-12.682084,-4.758533,5.94358,-1.292284,0.58424956,8.095435,-11.624305,5.258846,7.4830422,4.339274,6.895964,-0.9114551,9.515098,-34.04788,61.39766,-4.9794984,8.847275,3.3212838,-1.4897951,-10.380705,20.387781,68.17473,-17.214075,4.700242,-6.638293
1558,1.627994179725647,-1.0620607137680054,78.13172149658203,-0.6156402600474674,-3.412761291690584,125.76335455047071,8.315131,6.339426,12.132028,8.868698,-12.663007,-4.754578,5.9766393,-1.315493,0.5309385,8.085086,-11.620239,5.2835674,7.4648943,4.328225,6.939144,-0.9128596,9.517711,-34.07028,61.427544,-5.025794,8.838086,3.3614972,-1.4932235,-10.382964,20.427063,68.13206,-17.298235,4.689393,-6.4866934
1559,1.631377100944519,-1.0726863145828247,78.13028717041016,-0.606259747451804,-3.434452078150502,125.80019354935429,8.316265,6.319661,12.085652,8.876025,-12.646933,-4.74983,6.007908,-1.3381833,0.478548,8.075776,-11.617417,5.3082314,7.4448667,4.317432,6.979268,-0.9126051,9.52206,-34.10237,61.45433,-5.0802903,8.823851,3.4003868,-1.495683,-10.385373,20.47651,68.095146,-17.366047,4.6791935,-6.331105
1560,1.631280779838562,-1.080659031867981,78.1331558227539,-0.5996567903488333,-3.444806085585977,125.8336644724828,8.30881,6.3029575,12.049256,8.877549,-12.634042,-4.7423253,6.022783,-1.3568182,0.43600762,8.069217,-11.614694,5.3244386,7.428852,4.308769,7.0079427,-0.9136532,9.52695,-34.136383,61.475628,-5.1195674,8.810697,3.4290102,-1.499456,-10.387317,20.515772,68.06693,-17.406088,4.674579,-6.1818204
1561,1.6295591592788696,-1.0876967906951904,78.1356201171875,-0.5966877022589854,-3.437328548046946,125.86234207910407,8.283174,6.290949,12.028261,8.879052,-12.631083,-4.7288074,6.0133605,-1.3699609,0.40672085,8.065097,-11.612579,5.3289447,7.419028,4.3035192,7.0143285,-0.9117667,9.535661,-34.190655,61.487164,-5.151331,8.798815,3.4486392,-1.4995315,-10.389801,20.555115,68.04492,-17.403292,4.6779904,-6.048108
1562,1.6315155029296875,-1.1046913862228394,78.13379669189453,-0.5957844410256959,-3.4187964816300225,125.88782730121567,8.247528,6.281291,12.017028,8.878924,-12.634101,-4.7111177,5.9876447,-1.3801446,0.38576576,8.064466,-11.611756,5.326704,7.415846,4.299983,7.010861,-0.91297054,9.544173,-34.25253,61.493496,-5.1718683,8.785975,3.4596205,-1.4998215,-10.391626,20.581608,68.0291,-17.381203,4.6850734,-5.9199066
1563,1.6360723972320557,-1.1127231121063232,78.1330337524414,-0.5965565149331093,-3.3983873241481777,125.91221001126704,8.2113285,6.2739162,12.006786,8.876383,-12.636405,-4.69544,5.960531,-1.3877441,0.36875457,8.062104,-11.609069,5.321041,7.4094443,4.2985587,7.009806,-0.9177981,9.548677,-34.294384,61.49807,-5.173928,8.773363,3.4614048,-1.5041171,-10.392226,20.596739,68.0199,-17.345097,4.696035,-5.785468
1564,1.6373604536056519,-1.122066617012024,78.13139343261719,-0.5980566196931533,-3.3841133647992634,125.93829425801435,8.18088,6.268812,11.987841,8.877453,-12.635674,-4.6878343,5.940473,-1.3934928,0.35084012,8.06268,-11.606078,5.3153734,7.420779,4.2975435,7.003279,-0.9196877,9.559287,-34.371048,61.499184,-5.202666,8.762268,3.4678807,-1.4925915,-10.392587,20.605495,68.01525,-17.268553,4.711867,-5.639133
1565,1.6406208276748657,-1.1293450593948364,78.13395690917969,-0.6013986637570244,-3.3788362749802965,125.96617923660303,8.159814,6.2677608,11.955365,8.879203,-12.626758,-4.6935496,5.930813,-1.3958192,0.3339654,8.066108,-11.601019,5.308252,7.430123,4.2983346,7.010182,-0.9221459,9.56873,-34.41972,61.493603,-5.2158666,8.75541,3.4675736,-1.4762144,-10.391235,20.594013,68.009766,-17.158298,4.726027,-5.4732723
1566,1.6428706645965576,-1.1367883682250977,78.1358871459961,-0.60664173641623,-3.377952386426592,125.99513213248927,8.144334,6.269952,11.914864,8.880114,-12.612837,-4.708063,5.9276175,-1.3947368,0.31915125,8.069039,-11.593602,5.2986307,7.4309015,4.302143,7.0222282,-0.92196184,9.574574,-34.444176,61.484505,-5.2157993,8.7502165,3.4610052,-1.4655491,-10.389022,20.579487,68.01699,-17.012154,4.7404537,-5.294884
1567,1.6434494256973267,-1.1430439949035645,78.13774871826172,-0.6114022897502968,-3.3796144323885913,126.02374455753439,8.132271,6.2718177,11.874547,8.881414,-12.598869,-4.723139,5.927663,-1.3941256,0.3025309,8.072684,-11.586577,5.290557,7.445196,4.3041162,7.0348763,-0.9250383,9.583872,-34.47857,61.472595,-5.223657,8.745092,3.4523542,-1.44965,-10.383883,20.55095,68.02823,-16.869686,4.7672977,-5.105934
1568,1.6429543495178223,-1.1461304426193237,78.14035034179688,-0.6136128553787782,-3.3823967645857294,126.05086974484901,8.121516,6.2699127,11.842441,8.884837,-12.590285,-4.730469,5.931315,-1.3975399,0.27995434,8.073022,-11.580817,5.2880425,7.457673,4.3041573,7.0477624,-0.92848575,9.59069,-34.501198,61.46164,-5.235114,8.7364235,3.440567,-1.4403287,-10.379034,20.53614,68.048485,-16.764515,4.81937,-4.9076347
1569,1.6429381370544434,-1.1522823572158813,78.14061737060547,-0.612557586451584,-3.385194247197961,126.07509324872366,8.11359,6.262606,11.823652,8.885164,-12.586362,-4.72723,5.9367404,-1.4063146,0.24652657,8.070823,-11.576668,5.2931075,7.4725466,4.3043494,7.062995,-0.93031675,9.594144,-34.508533,61.446354,-5.2516365,8.721465,3.423338,-1.4318584,-10.37586,20.53501,68.0798,-16.716856,4.897105,-4.7124953
1570,1.6420705318450928,-1.157030463218689,78.13932037353516,-0.6097009321104253,-3.3887921664049285,126.099994929839,8.106671,6.2520623,11.809965,8.88614,-12.585946,-4.717858,5.9476023,-1.4186244,0.20287955,8.062138,-11.571464,5.3033786,7.495515,4.2942266,7.067866,-0.9362888,9.600433,-34.52565,61.442677,-5.289245,8.702429,3.4030426,-1.4359775,-10.370181,20.537024,68.12305,-16.693705,5.0181966,-4.475398
1571,1.64359712600708,-1.1607266664505005,78.13771057128906,-0.6050662489928981,-3.3952109272833724,126.12327210675703,8.104393,6.239113,11.799598,8.886604,-12.586743,-4.705418,5.9602857,-1.4329401,0.16269901,8.057165,-11.5702305,5.316074,7.516598,4.2880087,7.079547,-0.94140697,9.603485,-34.532993,61.432003,-5.320114,8.684307,3.3829355,-1.4369688,-10.3669815,20.545465,68.16728,-16.686798,5.140676,-4.247114
1572,1.6431870460510254,-1.1673115491867065,78.13847351074219,-0.5991147532011447,-3.4061226858251823,126.14679215102126,8.107486,6.224484,11.785999,8.887553,-12.586232,-4.6926847,5.977293,-1.448291,0.1350811,8.054262,-11.572345,5.3285565,7.531404,4.2824874,7.0951757,-0.9468865,9.606388,-34.54348,61.419624,-5.34473,8.671244,3.36953,-1.4421097,-10.363869,20.56253,68.21117,-16.668663,5.258689,-4.019144
1573,1.642646074295044,-1.1715031862258911,78.13681030273438,-0.5898794190040284,-3.422861433214708,126.17078921394454,8.11559,6.2062235,11.769037,8.893732,-12.586816,-4.6768456,5.996575,-1.4670225,0.12843359,8.060166,-11.582892,5.3429837,7.5370398,4.274912,7.114896,-0.9497107,9.611159,-34.562603,61.402637,-5.363419,8.666214,3.367419,-1.4531615,-10.359713,20.598095,68.256935,-16.63199,5.373476,-3.7868867
1574,1.641318440437317,-1.177538275718689,78.1373062133789,-0.577639188142142,-3.4443711636112146,126.19476576366571,8.130135,6.1840477,11.751378,8.899446,-12.586627,-4.657536,6.020426,-1.488888,0.13536039,8.068515,-11.598184,5.3597913,7.5403857,4.266715,7.140897,-0.9565014,9.615357,-34.58388,61.384315,-5.3743377,8.66623,3.3703606,-1.4655536,-10.357388,20.63662,68.29884,-16.596716,5.4905653,-3.5465417
1575,1.6381313800811768,-1.1800365447998047,78.13849639892578,-0.5669711492651082,-3.4681236462170046,126.21874721263534,8.147103,6.164279,11.730969,8.906889,-12.58724,-4.641443,6.0464225,-1.5085739,0.14270975,8.078544,-11.61433,5.3738565,7.546925,4.2619405,7.1713057,-0.96730787,9.616893,-34.59835,61.366413,-5.3720345,8.667838,3.3712552,-1.4721146,-10.3569,20.65936,68.33073,-16.571163,5.602657,-3.3127322
1576,1.6357656717300415,-1.1818233728408813,78.13780212402344,-0.5616320757433383,-3.49226021192166,126.24252800481695,8.165718,6.1516247,11.706202,8.911473,-12.586147,-4.6351395,6.074197,-1.5215979,0.13735117,8.087186,-11.626447,5.3802233,7.5422473,4.260198,7.1872215,-0.96473235,9.623219,-34.630672,61.351025,-5.400329,8.665358,3.3794155,-1.4822472,-10.356779,20.724443,68.37255,-16.506338,5.7100286,-3.1067824
1577,1.6347441673278809,-1.1866121292114258,78.13334655761719,-0.5655284325466244,-3.517807598549746,126.26623301160731,8.185321,6.151509,11.672473,8.918299,-12.585961,-4.6454844,6.1041894,-1.523116,0.11406715,8.095557,-11.6322565,5.3738985,7.547757,4.267341,7.209825,-0.9745717,9.626688,-34.646584,61.34483,-5.4108834,8.658042,3.3748431,-1.4793617,-10.357173,20.751842,68.39397,-16.463442,5.8060036,-2.9160204
1578,1.630919098854065,-1.1892039775848389,78.13130187988281,-0.5757376559643689,-3.5452822763323324,126.29027591876243,8.207431,6.159981,11.631892,8.9244995,-12.584718,-4.667246,6.1373215,-1.5167508,0.080214985,8.103027,-11.633695,5.3588214,7.5520887,4.27972,7.2273927,-0.9824459,9.63104,-34.669422,61.34344,-5.432183,8.647653,3.3711452,-1.4719847,-10.358473,20.788197,68.41298,-16.405958,5.8969026,-2.7416444
1579,1.6274545192718506,-1.1875848770141602,78.1304931640625,-0.5860345535695438,-3.5715024116207506,126.3138927206114,8.229445,6.168861,11.593208,8.928446,-12.583318,-4.6890993,6.170371,-1.5100206,0.0421278,8.10849,-11.634916,5.343056,7.555512,4.292751,7.2405925,-0.9868237,9.634825,-34.6907,61.341187,-5.454419,8.638435,3.3690326,-1.4592098,-10.359985,20.819447,68.42554,-16.34399,5.979309,-2.5940056
1580,1.6240159273147583,-1.1860098838806152,78.13066101074219,-0.5909754524426327,-3.5939041540613843,126.33614159445769,8.247835,6.171034,11.56522,8.932692,-12.584996,-4.6997223,6.200213,-1.5099266,0.006455125,8.111987,-11.640645,5.3346334,7.5580587,4.3008437,7.250921,-0.99105537,9.638645,-34.704987,61.336857,-5.4679236,8.633874,3.367108,-1.446824,-10.361717,20.83358,68.43538,-16.28999,6.0484557,-2.4825797
1581,1.6202516555786133,-1.1836155652999878,78.13343048095703,-0.5874611073745084,-3.6086213648790313,126.3570790116187,8.258992,6.1629252,11.553869,8.934196,-12.589387,-4.693561,6.223176,-1.5200723,-0.028881114,8.111356,-11.652687,5.336895,7.5630903,4.301245,7.2545433,-0.99399835,9.644524,-34.717228,61.32671,-5.477194,8.635457,3.3656414,-1.4282751,-10.364173,20.822756,68.43655,-16.238247,6.1025667,-2.4181662
1582,1.6202350854873657,-1.1861631870269775,78.12982177734375,-0.5793700287139887,-3.618361539424108,126.37684722385605,8.264899,6.149381,11.553378,8.935611,-12.596796,-4.677507,6.2424936,-1.5359756,-0.06592803,8.106635,-11.667907,5.3451376,7.5634146,4.2969923,7.2523074,-0.99666554,9.647234,-34.71854,61.318752,-5.4792943,8.640655,3.3645508,-1.4116704,-10.365099,20.800272,68.43809,-16.18676,6.1444144,-2.3939278
1583,1.617692470550537,-1.1900956630706787,78.12821197509766,-0.569982486936225,-3.6293352359758804,126.39611441841986,8.272707,6.134092,11.554172,8.937437,-12.604897,-4.658939,6.2631674,-1.5533371,-0.099116795,8.103059,-11.684625,5.3554726,7.573608,4.292168,7.2532616,-1.0029396,9.651726,-34.723793,61.308178,-5.4757934,8.649379,3.3643787,-1.3893933,-10.366232,20.74862,68.430115,-16.153,6.1753936,-2.3884125
1584,1.6153531074523926,-1.1919794082641602,78.126708984375,-0.5628893359887986,-3.647785213109272,126.41456562282836,8.289432,6.120982,11.547571,8.940529,-12.611535,-4.6453276,6.289415,-1.5681407,-0.12186431,8.1059065,-11.700196,5.3640876,7.5850554,4.2889595,7.260473,-1.0064533,9.65598,-34.72822,61.295795,-5.4676385,8.661324,3.3707955,-1.3670597,-10.367131,20.695341,68.41732,-16.133118,6.201724,-2.3874438
1585,1.6102412939071655,-1.190854549407959,78.12667083740234,-0.5596384834934798,-3.6786197751435257,126.43221556026127,8.317748,6.1119676,11.528696,8.95139,-12.618509,-4.6389084,6.327088,-1.5785359,-0.12707411,8.11477,-11.712226,5.3708754,7.585168,4.2908444,7.2750397,-0.9977324,9.659405,-34.723743,61.277565,-5.452513,8.679919,3.388554,-1.3564231,-10.367763,20.655203,68.41443,-16.118097,6.2207365,-2.3944156
1586,1.6078989505767822,-1.1872272491455078,78.12609100341797,-0.5575047936013622,-3.718065322845923,126.4480308827962,8.358008,6.1032143,11.504652,8.959985,-12.622535,-4.635618,6.371681,-1.5877756,-0.118751705,8.130244,-11.724221,5.3775935,7.5898323,4.2946286,7.3022914,-0.98580575,9.663947,-34.710896,61.2483,-5.4188275,8.706509,3.4101875,-1.343831,-10.36866,20.594137,68.400734,-16.127941,6.230503,-2.4111102
1587,1.600230097770691,-1.1861449480056763,78.12456512451172,-0.556237911197489,-3.7563634219681497,126.46484909351933,8.395208,6.0960717,11.478267,8.971978,-12.627758,-4.633481,6.416003,-1.5958003,-0.112176314,8.14391,-11.734167,5.383079,7.579347,4.2981915,7.3186345,-0.96903986,9.664718,-34.70061,61.23089,-5.405548,8.727321,3.4383962,-1.3399626,-10.368771,20.575718,68.398636,-16.122574,6.239306,-2.438054
1588,1.5967779159545898,-1.1862066984176636,78.12386322021484,-0.555017046832021,-3.787191017031914,126.483836477325,8.42478,6.0896516,11.454666,8.9808,-12.633142,-4.630594,6.454125,-1.6031376,-0.12104601,8.153813,-11.744449,5.3859787,7.5732937,4.301092,7.3323126,-0.9523896,9.666096,-34.68276,61.211006,-5.394366,8.737718,3.4584348,-1.3369455,-10.368993,20.54825,68.39022,-16.145939,6.2497067,-2.4570005
1589,1.594066858291626,-1.1866201162338257,78.12385559082031,-0.5537321923847198,-3.804236595875812,126.50624345946278,8.437904,6.084709,11.435915,8.987173,-12.638525,-4.626132,6.481002,-1.6096059,-0.15393156,8.155144,-11.752364,5.3854675,7.574178,4.300096,7.33743,-0.9474781,9.668399,-34.66541,61.202694,-5.4047365,8.726408,3.469383,-1.3339962,-10.369299,20.522058,68.37285,-16.19436,6.264395,-2.4694967
1590,1.5949140787124634,-1.1869956254959106,78.1213607788086,-0.5527017137721019,-3.8128402913621926,126.53087137187822,8.441131,6.0809884,11.419315,8.992764,-12.644662,-4.6211586,6.5001235,-1.6150341,-0.20172615,8.153622,-11.7597885,5.382396,7.5772176,4.2966504,7.3312926,-0.9462413,9.671105,-34.656147,61.20445,-5.438879,8.700509,3.4790561,-1.330774,-10.369563,20.511353,68.35302,-16.251432,6.2816844,-2.4832313
1591,1.593210220336914,-1.184893250465393,78.12127685546875,-0.5520317436465401,-3.819663395566687,126.5537179532142,8.443979,6.078019,11.404238,8.995445,-12.65009,-4.6170144,6.516494,-1.6194587,-0.24964932,8.153001,-11.768431,5.377948,7.5841794,4.2933326,7.3224387,-0.94746935,9.672003,-34.65398,61.208424,-5.4745626,8.6783495,3.485433,-1.332946,-10.369725,20.511154,68.338646,-16.305124,6.2949996,-2.4927106
1592,1.5887833833694458,-1.1838409900665283,78.1190414428711,-0.552685080912596,-3.834330416469438,126.57864166088869,8.4539795,6.0760922,11.381685,9.00177,-12.657947,-4.6147194,6.543309,-1.6231681,-0.29146218,8.150321,-11.778037,5.3737006,7.5783453,4.2928104,7.3226666,-0.9471688,9.673177,-34.65403,61.212807,-5.505792,8.665105,3.4901264,-1.331212,-10.369891,20.514666,68.31666,-16.367653,6.3050356,-2.4908893
1593,1.584606409072876,-1.1778088808059692,78.11681365966797,-0.5549157035273329,-3.8576598209996913,126.60076869848477,8.473544,6.075994,11.3536,9.011707,-12.66925,-4.6142983,6.5774508,-1.624903,-0.31757823,8.152188,-11.792331,5.3683047,7.569935,4.295853,7.331411,-0.9470736,9.675211,-34.663013,61.212166,-5.5178237,8.677532,3.489206,-1.3332759,-10.3703785,20.528109,68.2991,-16.415236,6.304118,-2.474835
1594,1.5770971775054932,-1.1750125885009766,78.11553192138672,-0.5583454859226875,-3.8858482280708277,126.62194306979545,8.499082,6.0770936,11.321254,9.022434,-12.682451,-4.615153,6.615333,-1.6252991,-0.33613622,8.157838,-11.810572,5.3616695,7.557984,4.3015714,7.3434024,-0.94570327,9.679759,-34.684914,61.208942,-5.52632,8.703518,3.4847186,-1.3376851,-10.371783,20.555874,68.284256,-16.45524,6.296028,-2.4482589
1595,1.5750980377197266,-1.1714187860488892,78.1140365600586,-0.5620808764916069,-3.915363228237974,126.64144310083813,8.526849,6.078601,11.290256,9.032578,-12.695386,-4.6182647,6.65395,-1.6253856,-0.3512508,8.163967,-11.8285675,5.3562756,7.545938,4.3076906,7.356442,-0.94132406,9.683773,-34.70999,61.202694,-5.5371137,8.7338705,3.4808323,-1.3424577,-10.373276,20.587433,68.27031,-16.491169,6.28664,-2.4185648
1596,1.5758590698242188,-1.1716266870498657,78.1108627319336,-0.5650607307545987,-3.9435660319478325,126.65773126290054,8.55586,6.079607,11.267049,9.03837,-12.705363,-4.624687,6.6919093,-1.6255869,-0.3664557,8.166814,-11.841914,5.3544474,7.5379114,4.311507,7.371658,-0.9403549,9.68737,-34.73002,61.199562,-5.551289,8.757537,3.476861,-1.3469727,-10.374576,20.615612,68.254585,-16.531898,6.2802453,-2.3901553
1597,1.5727721452713013,-1.172267198562622,78.10799407958984,-0.568334544148778,-3.9692632675940285,126.66952002328831,8.587406,6.080675,11.254843,9.03423,-12.709161,-4.639398,6.7277412,-1.6252463,-0.38322598,8.164355,-11.846906,5.3576584,7.5313454,4.3120823,7.3830004,-0.93320143,9.693394,-34.748627,61.194523,-5.580349,8.772844,3.4762626,-1.3498617,-10.376296,20.656664,68.23855,-16.566734,6.2787414,-2.3665318
1598,1.5712343454360962,-1.171057939529419,78.10548400878906,-0.5716072633303947,-3.9934216300560346,126.67769003057693,8.618885,6.0821404,11.249602,9.028277,-12.711517,-4.660223,6.760412,-1.6243988,-0.39936066,8.162941,-11.849413,5.364299,7.534856,4.311556,7.400481,-0.9355234,9.695038,-34.755596,61.19492,-5.5985274,8.785002,3.4708788,-1.3557525,-10.376612,20.673576,68.222015,-16.620827,6.2766366,-2.3398387
1599,1.5701286792755127,-1.1682567596435547,78.1036148071289,-0.5738477472026331,-4.01934343784381,126.68507301891614,8.653852,6.08215,11.247025,9.019703,-12.712304,-4.6776433,6.7970047,-1.6246438,-0.41362256,8.157268,-11.8495245,5.3725,7.5335445,4.3089957,7.418343,-0.93611443,9.697237,-34.766033,61.19617,-5.6295567,8.79472,3.4702709,-1.3612365,-10.3767605,20.703949,68.20601,-16.664703,6.2782073,-2.3149436
1600,1.5687118768692017,-1.162720799446106,78.103759765625,-0.5725446195754599,-4.044247468250397,126.69347622749191,8.684141,6.0787077,11.243042,9.017993,-12.716006,-4.681981,6.8306627,-1.628574,-0.42368403,8.156087,-11.854484,5.3802767,7.5291457,4.3039627,7.433414,-0.9344663,9.699251,-34.773952,61.197227,-5.659109,8.80212,3.470062,-1.3657557,-10.376687,20.733315,68.19361,-16.702347,6.2822323,-2.291662
1601,1.563294768333435,-1.1603409051895142,78.10480499267578,-0.5660124860901229,-4.069700386386643,126.70454767927299,8.70823,6.0699115,11.236264,9.029733,-12.725795,-4.6650357,6.86309,-1.6384369,-0.42758256,8.161535,-11.86793,5.3898797,7.5184627,4.2938466,7.4476147,-0.9307612,9.701985,-34.77969,61.19787,-5.6923428,8.808414,3.4738197,-1.3696874,-10.376433,20.764135,68.18408,-16.735508,6.290829,-2.2687666
1602,1.5631009340286255,-1.1616543531417847,78.10450744628906,-0.5557485249318709,-4.094505724327693,126.71606673691444,8.727654,6.0572486,11.229658,9.049663,-12.739062,-4.6338754,6.8937716,-1.6523962,-0.4261551,8.170383,-11.886092,5.401291,7.512616,4.2815275,7.463944,-0.93015444,9.703938,-34.78193,61.198124,-5.7199965,8.81329,3.4764543,-1.3706211,-10.375928,20.778519,68.17325,-16.775164,6.3007464,-2.2437847
1603,1.5611271858215332,-1.161757469177246,78.10621643066406,-0.5457066535859311,-4.1199293479026045,126.72776969564066,8.747544,6.0449767,11.222268,9.069936,-12.752591,-4.601672,6.9244747,-1.6661028,-0.4251619,8.180065,-11.903978,5.4097347,7.49751,4.2677956,7.4786263,-0.9253412,9.7084675,-34.78349,61.197502,-5.7535315,8.814706,3.481124,-1.3712919,-10.374728,20.804508,68.1631,-16.800983,6.3141904,-2.2222142
1604,1.559145450592041,-1.1593788862228394,78.10560607910156,-0.5404456044727841,-4.141770296333423,126.73598726924406,8.766263,6.038347,11.216326,9.085366,-12.76407,-4.5817423,6.9494915,-1.6740987,-0.42705297,8.191267,-11.917975,5.409879,7.488842,4.260564,7.4880357,-0.92144126,9.712313,-34.78283,61.19862,-5.770811,8.81139,3.4754155,-1.3734058,-10.373864,20.819815,68.16063,-16.817266,6.322576,-2.205678
1605,1.5574748516082764,-1.1548006534576416,78.1046371459961,-0.5419553008766176,-4.159336593068621,126.73984102077264,8.78372,6.03925,11.211144,9.094228,-12.772627,-4.57826,6.966705,-1.6745626,-0.43443656,8.206113,-11.9266,5.396259,7.484776,4.2624598,7.4893394,-0.91820085,9.714602,-34.78209,61.2049,-5.77172,8.799551,3.4530513,-1.3759247,-10.373725,20.829775,68.165794,-16.815449,6.3259273,-2.1963544
1606,1.5557879209518433,-1.151274561882019,78.10017395019531,-0.5474440493567498,-4.172213841674389,126.7408562791421,8.798617,6.044803,11.20653,9.097636,-12.778138,-4.583846,6.976066,-1.6705575,-0.44480056,8.224117,-11.931696,5.373053,7.483685,4.268913,7.4853244,-0.91687965,9.715931,-34.781452,61.21308,-5.762919,8.783487,3.4236004,-1.3784077,-10.373976,20.834686,68.17406,-16.801092,6.3269134,-2.192795
1607,1.5509023666381836,-1.148687720298767,78.09823608398438,-0.5548653233862982,-4.187882679796685,126.74063325563648,8.817426,6.0531054,11.20299,9.100538,-12.784248,-4.594912,6.9903812,-1.6636136,-0.45535028,8.2378235,-11.934585,5.3495126,7.481296,4.279208,7.4779606,-0.9115306,9.717963,-34.77914,61.2244,-5.7492194,8.762223,3.3910074,-1.3818188,-10.374734,20.844687,68.19146,-16.77491,6.3263144,-2.191591
1608,1.5489412546157837,-1.1449849605560303,78.09703063964844,-0.5615837970652882,-4.204718303835612,126.74050828864803,8.838109,6.0610843,11.201636,9.102302,-12.790041,-4.607264,7.0076337,-1.6563029,-0.46256799,8.246742,-11.937915,5.3352623,7.4732256,4.2867928,7.4755726,-0.9007589,9.720998,-34.77265,61.222267,-5.7408433,8.751499,3.3834043,-1.3850083,-10.376241,20.859869,68.20364,-16.753183,6.32787,-2.1898594
1609,1.550561547279358,-1.1430398225784302,78.09613037109375,-0.5683158150088871,-4.226410555064303,126.7415650963211,8.866635,6.069866,11.20284,9.099332,-12.793896,-4.6243043,7.035738,-1.646735,-0.46625963,8.244104,-11.940251,5.333777,7.4641833,4.2929893,7.4835477,-0.88941205,9.724717,-34.76367,61.20759,-5.7386756,8.753794,3.4125783,-1.3857449,-10.378087,20.870092,68.207756,-16.741274,6.331441,-2.184353
1610,1.552432894706726,-1.1412997245788574,78.09481048583984,-0.5758170229661379,-4.251116779694763,126.74300425067857,8.899635,6.080578,11.20587,9.094259,-12.797214,-4.646658,7.070821,-1.6344434,-0.46805304,8.233857,-11.941661,5.339625,7.4579873,4.298763,7.4965158,-0.87903446,9.726743,-34.75652,61.18684,-5.7384977,8.763959,3.466284,-1.3842915,-10.379116,20.87125,68.20901,-16.734703,6.335716,-2.1778998
1611,1.5525678396224976,-1.1402621269226074,78.09329223632812,-0.5820205943368055,-4.274580599707243,126.74307450728345,8.9317465,6.0895233,11.210377,9.088303,-12.799978,-4.666407,7.1041727,-1.6239102,-0.46755663,8.22223,-11.942639,5.349014,7.454364,4.3034267,7.5094647,-0.87303066,9.728261,-34.752422,61.169163,-5.7389436,8.775048,3.5185435,-1.381842,-10.379768,20.869972,68.20869,-16.73002,6.340464,-2.1729841
1612,1.5502569675445557,-1.142699122428894,78.09163665771484,-0.5844512559528799,-4.290544619695687,126.7408892263303,8.952681,6.0933976,11.214708,9.087651,-12.804083,-4.6755114,7.124548,-1.6195376,-0.46540442,8.21874,-11.946018,5.3580575,7.4535236,4.3048363,7.514688,-0.87297094,9.728623,-34.752075,61.16141,-5.734536,8.780734,3.5420177,-1.381895,-10.379965,20.86982,68.211426,-16.72583,6.345867,-2.1732714
1613,1.5481541156768799,-1.1399016380310059,78.091552734375,-0.5816013966701128,-4.304121919520047,126.73344737852979,8.971155,6.0896907,11.221266,9.087357,-12.80875,-4.669041,7.1409283,-1.6237924,-0.45903665,8.214703,-11.947768,5.367276,7.455255,4.304259,7.5195417,-0.8730005,9.729518,-34.75553,61.15604,-5.7210603,8.781316,3.529518,-1.383523,-10.380432,20.872898,68.21387,-16.719934,6.353999,-2.1831088
1614,1.541172981262207,-1.1415032148361206,78.09212493896484,-0.574519803998445,-4.3101238894546885,126.7230688039875,8.978818,6.08055,11.228357,9.091622,-12.814794,-4.6518393,7.1430774,-1.634903,-0.44993085,8.219007,-11.952382,5.378433,7.4587145,4.299647,7.5155973,-0.8782589,9.731289,-34.76532,61.159824,-5.706594,8.777018,3.4892108,-1.3877876,-10.381446,20.881361,68.22052,-16.710611,6.3634,-2.2003622
1615,1.538133144378662,-1.1442776918411255,78.09326934814453,-0.5671227320028374,-4.314806752224866,126.71299820123019,8.983393,6.07108,11.235169,9.098574,-12.8211775,-4.6323047,7.1454086,-1.6463982,-0.4408374,8.220147,-11.9544935,5.3885736,7.461062,4.294705,7.51319,-0.8829443,9.732073,-34.77084,61.161583,-5.68959,8.77323,3.4499056,-1.391481,-10.381903,20.88632,68.22237,-16.707844,6.371261,-2.2132227
1616,1.5417633056640625,-1.148106575012207,78.09196472167969,-0.5615005853773164,-4.324546104741706,126.70529564648214,8.9944,6.063934,11.241965,9.102752,-12.825073,-4.6184907,7.1511,-1.6549236,-0.4327862,8.227956,-11.959454,5.3954463,7.4661093,4.2926083,7.5091763,-0.8874143,9.735866,-34.790405,61.166485,-5.6877174,8.768362,3.4220994,-1.3897107,-10.384108,20.906946,68.22305,-16.690178,6.3786755,-2.222532
1617,1.5427021980285645,-1.1489304304122925,78.09139251708984,-0.5593687416784422,-4.33919132860737,126.70185923382003,9.009521,6.06181,11.248339,9.1089,-12.827575,-4.6119504,7.164244,-1.6578474,-0.42691982,8.235348,-11.962284,5.398015,7.4681787,4.2931867,7.513176,-0.8880862,9.737887,-34.798656,61.163315,-5.6883407,8.767249,3.4244552,-1.3865715,-10.38545,20.918478,68.21662,-16.685993,6.381456,-2.2155113
1618,1.5420714616775513,-1.1489341259002686,78.08888244628906,-0.558884474577134,-4.357124633951821,126.70079020684696,9.027081,6.0619655,11.254765,9.116105,-12.828458,-4.608526,7.181246,-1.6582916,-0.4217392,8.243701,-11.964045,5.3977866,7.467603,4.295366,7.516994,-0.88568944,9.740846,-34.810528,61.15883,-5.7004256,8.766528,3.4419773,-1.3795062,-10.387853,20.940147,68.206406,-16.677908,6.3825192,-2.2010763
1619,1.5455474853515625,-1.1460472345352173,78.08798217773438,-0.5593038360662851,-4.376620241242504,126.70077793771912,9.046678,6.0635185,11.259757,9.122129,-12.829352,-4.6082263,7.2005095,-1.6571169,-0.41818768,8.251738,-11.966397,5.3953576,7.465089,4.2980666,7.5235715,-0.8803882,9.743996,-34.818764,61.151253,-5.7116337,8.767249,3.4663377,-1.3705673,-10.39093,20.964436,68.19122,-16.66865,6.382848,-2.183289
1620,1.5473331212997437,-1.1445907354354858,78.0888900756836,-0.5605458421483455,-4.396403064590724,126.70096384003841,9.066745,6.0666285,11.2615,9.127248,-12.8328905,-4.611101,7.220133,-1.6543906,-0.41735145,8.257972,-11.970201,5.391271,7.464056,4.300966,7.534074,-0.8788799,9.74547,-34.821243,61.146385,-5.712599,8.769493,3.4867609,-1.3659228,-10.392468,20.97899,68.17773,-16.663223,6.3815217,-2.1650028
1621,1.548768162727356,-1.142406702041626,78.09092712402344,-0.5624382652202844,-4.419027676470228,126.70139386106057,9.091474,6.0714645,11.257656,9.127697,-12.838854,-4.6194854,7.2432084,-1.649706,-0.4207469,8.261401,-11.977144,5.38484,7.4622025,4.3017416,7.548706,-0.8763834,9.746951,-34.819344,61.142376,-5.706288,8.774518,3.508981,-1.3591895,-10.394127,20.995562,68.15903,-16.650713,6.381372,-2.14895
1622,1.551407814025879,-1.1447453498840332,78.09224700927734,-0.5650674993928603,-4.440440644859485,126.70229966257133,9.113669,6.0786557,11.249601,9.130294,-12.849286,-4.6324663,7.263364,-1.643111,-0.42718726,8.267263,-11.988001,5.3760314,7.464486,4.303605,7.562292,-0.87753665,9.7477665,-34.81656,61.142414,-5.694971,8.780933,3.529522,-1.3572917,-10.395019,21.002481,68.14696,-16.642422,6.378344,-2.1315928
1623,1.5543347597122192,-1.1477491855621338,78.09068298339844,-0.5680720499515018,-4.466445325605892,126.70319163976372,9.142718,6.0856676,11.242312,9.128608,-12.857658,-4.6457686,7.290726,-1.6361732,-0.43397486,8.268287,-11.996956,5.366502,7.4588933,4.3022366,7.5852413,-0.87669647,9.749557,-34.80543,61.140537,-5.6784368,8.788789,3.552805,-1.3521581,-10.396984,21.020916,68.12285,-16.628384,6.3769436,-2.1134272
1624,1.5569019317626953,-1.1482841968536377,78.08683776855469,-0.569665646202316,-4.483293595834027,126.7029972602869,9.159859,6.089943,11.239801,9.12859,-12.861641,-4.6542034,7.305781,-1.6319872,-0.43793133,8.271175,-12.001952,5.3582163,7.4452124,4.300554,7.599675,-0.8726479,9.753159,-34.789726,61.138386,-5.6624994,8.793821,3.5644155,-1.3538047,-10.400755,21.046904,68.10505,-16.618732,6.3758864,-2.0996537
1625,1.5592057704925537,-1.151095986366272,78.083251953125,-0.56956427771051,-4.490485190783522,126.70205955725596,9.164166,6.090176,11.244496,9.130173,-12.859342,-4.65567,7.307613,-1.6315893,-0.43886125,8.277125,-12.002537,5.350779,7.436922,4.298426,7.6051216,-0.8719411,9.754207,-34.78702,61.140495,-5.6460276,8.798542,3.566634,-1.3598593,-10.401732,21.058718,68.093994,-16.62239,6.3748403,-2.0895634
1626,1.563504934310913,-1.1550291776657104,78.08218383789062,-0.5682473744813884,-4.491198299809076,126.69955059570736,9.160977,6.0877957,11.254691,9.130797,-12.852184,-4.6530795,7.299416,-1.6333882,-0.43717614,8.286051,-12.000759,5.3434844,7.421894,4.2938375,7.603668,-0.8689365,9.757065,-34.783104,61.14522,-5.6300087,8.802429,3.5627756,-1.3718281,-10.404293,21.085434,68.08864,-16.623959,6.3747306,-2.08356
1627,1.5684120655059814,-1.1627569198608398,78.08012390136719,-0.5665320455433723,-4.491085203252014,126.69784121503221,9.155913,6.084819,11.264484,9.132266,-12.843743,-4.6491847,7.291252,-1.6359386,-0.43503165,8.293275,-11.996974,5.337688,7.4103365,4.2893257,7.6030083,-0.8691302,9.7584,-34.784977,61.15228,-5.6172886,8.803653,3.5543296,-1.3817595,-10.40536,21.09791,68.080956,-16.633377,6.3741283,-2.0786784
1628,1.574045181274414,-1.164275884628296,78.08325958251953,-0.564346590796632,-4.495754504366769,126.69728303084429,9.155363,6.082403,11.269669,9.135476,-12.8374815,-4.6466937,7.288728,-1.638319,-0.4328619,8.300754,-11.99445,5.334986,7.395153,4.283487,7.606679,-0.87054515,9.760951,-34.791462,61.16219,-5.620464,8.798888,3.544845,-1.3927242,-10.407204,21.114788,68.07372,-16.637854,6.373486,-2.0753062
1629,1.579471468925476,-1.1679588556289673,78.08513641357422,-0.5616569929432683,-4.508459433313935,126.69921073720768,9.163237,6.080684,11.266702,9.139641,-12.832386,-4.647139,7.2985406,-1.6403056,-0.43088332,8.304309,-11.992258,5.337004,7.374424,4.2772837,7.6177106,-0.86894923,9.764949,-34.80667,61.171307,-5.6540794,8.783309,3.5357122,-1.3994566,-10.409502,21.134943,68.05976,-16.63271,6.373004,-2.0734775
1630,1.5839526653289795,-1.1694039106369019,78.0887451171875,-0.5584152356736906,-4.5239485965439314,126.70194570789192,9.174086,6.0788307,11.259737,9.144021,-12.82714,-4.648811,7.3121934,-1.6424714,-0.42778143,8.307527,-11.990121,5.3425946,7.3539667,4.2699585,7.632798,-0.8683538,9.766726,-34.8158,61.181156,-5.6889486,8.764129,3.5210958,-1.4051574,-10.410376,21.140015,68.04367,-16.638168,6.3714075,-2.071952
1631,1.588738203048706,-1.1702882051467896,78.09185028076172,-0.5553768522197817,-4.543111163313426,126.70638679061771,9.189566,6.0773907,11.251331,9.146157,-12.821963,-4.649591,7.332185,-1.6442603,-0.42657933,8.306591,-11.986963,5.3486466,7.3386273,4.2620325,7.651373,-0.87535864,9.773153,-34.85532,61.197624,-5.751587,8.738492,3.5102897,-1.404117,-10.413022,21.15038,68.021194,-16.630213,6.3715415,-2.0732043
1632,1.5911308526992798,-1.175358533859253,78.09133911132812,-0.5532365173154511,-4.55505489608134,126.70942813034135,9.194936,6.0777464,11.247359,9.15199,-12.820542,-4.647293,7.3406453,-1.6447562,-0.426223,8.308981,-11.984083,5.3518496,7.3240685,4.25546,7.6650968,-0.8797044,9.775558,-34.870712,61.203873,-5.767721,8.728077,3.493679,-1.4094527,-10.413906,21.153862,68.00936,-16.632326,6.369904,-2.0742579
1633,1.5956871509552002,-1.1779638528823853,78.09354400634766,-0.5524693427685137,-4.561334572309904,126.71262517876497,9.192413,6.080572,11.249003,9.159372,-12.82301,-4.639302,7.3415284,-1.6436044,-0.4289798,8.309968,-11.979915,5.350669,7.3241806,4.248588,7.6738877,-0.89497,9.786397,-34.919235,61.208977,-5.776197,8.728699,3.476938,-1.4125938,-10.417105,21.161472,68.00108,-16.616076,6.3680725,-2.0792484
1634,1.6043754816055298,-1.1795753240585327,78.09564971923828,-0.5527763120211936,-4.562286656048093,126.71509367199316,9.182148,6.085787,11.254955,9.169483,-12.828952,-4.627485,7.334924,-1.640585,-0.43269333,8.310472,-11.97447,5.346918,7.3249927,4.242201,7.6792703,-0.9104726,9.793846,-34.956875,61.207916,-5.75498,8.741508,3.4566703,-1.4162649,-10.419124,21.168451,67.995056,-16.600512,6.366597,-2.0865042
1635,1.6113914251327515,-1.1834428310394287,78.09710693359375,-0.5534553797360301,-4.562924323110011,126.71713222213127,9.172878,6.090607,11.260881,9.176594,-12.833818,-4.6164074,7.3280816,-1.6375704,-0.4372238,8.310516,-11.96906,5.342993,7.323562,4.237026,7.68546,-0.9242017,9.797152,-34.978786,61.204796,-5.7214394,8.7556305,3.4370992,-1.4231757,-10.419996,21.17511,67.995224,-16.590168,6.364723,-2.093664
1636,1.6166554689407349,-1.1896569728851318,78.09636688232422,-0.55497189579524,-4.566368737497641,126.71892412145935,9.165585,6.0950313,11.262198,9.18626,-12.838676,-4.6108646,7.32502,-1.6345485,-0.44230682,8.311219,-11.964465,5.3410354,7.3326483,4.2329116,7.6887383,-0.93744886,9.805769,-35.02327,61.202213,-5.720977,8.763305,3.4302053,-1.4245024,-10.422028,21.187038,67.999565,-16.570982,6.3629684,-2.1028395
1637,1.617693543434143,-1.196535348892212,78.09602355957031,-0.5568749286220686,-4.57491718189466,126.71990620568107,9.168598,6.0964713,11.257703,9.187143,-12.837467,-4.6126304,7.330115,-1.6327703,-0.44808936,8.310114,-11.960311,5.3425493,7.337501,4.231147,7.6970243,-0.9424545,9.808846,-35.03376,61.196804,-5.7219286,8.762099,3.4295738,-1.4247638,-10.422744,21.191816,68.007286,-16.572489,6.3619466,-2.108494
1638,1.6239924430847168,-1.2020946741104126,78.09210205078125,-0.5596638216728234,-4.588352845325754,126.72061750134368,9.178551,6.097051,11.2490835,9.184544,-12.833767,-4.6192107,7.3428817,-1.6309043,-0.45527345,8.3064,-11.955892,5.3460073,7.349144,4.2316966,7.70701,-0.9463914,9.815555,-35.05727,61.1885,-5.7516456,8.755664,3.4397025,-1.4227176,-10.424096,21.206215,68.02185,-16.562521,6.3600035,-2.1183069
1639,1.629544973373413,-1.207547664642334,78.09028625488281,-0.5623446750502608,-4.60049831247024,126.72072882820883,9.187198,6.097253,11.240318,9.181935,-12.829271,-4.6280203,7.3540215,-1.629169,-0.4613651,8.302482,-11.950786,5.349381,7.3591433,4.2325606,7.7161837,-0.94657516,9.820187,-35.06978,61.17768,-5.7763176,8.7487545,3.4539363,-1.4193188,-10.424932,21.217844,68.03499,-16.560257,6.358837,-2.1263063
1640,1.6318535804748535,-1.2131273746490479,78.08901977539062,-0.5650134097298588,-4.609360020327899,126.72082726830202,9.19123,6.0990314,11.234613,9.180286,-12.824281,-4.6368895,7.358898,-1.6262138,-0.4647825,8.300974,-11.945296,5.3506355,7.364022,4.2319202,7.724317,-0.9408055,9.833127,-35.084106,61.158646,-5.794715,8.744683,3.4706495,-1.4184507,-10.426757,21.238548,68.04503,-16.554058,6.357274,-2.13366
1641,1.6332420110702515,-1.221691608428955,78.0882568359375,-0.5673173149868607,-4.613372036781378,126.7204871862215,9.189513,6.102988,11.233764,9.177539,-12.817379,-4.647463,7.355503,-1.6210394,-0.46436703,8.3010435,-11.9383335,5.34834,7.367317,4.232636,7.733931,-0.94495416,9.836124,-35.08688,61.148365,-5.784475,8.744735,3.4899726,-1.4213676,-10.427063,21.244024,68.05059,-16.566269,6.3555417,-2.1371024
1642,1.637074589729309,-1.2276859283447266,78.09078216552734,-0.5699676014245825,-4.614826356868876,126.7195922438184,9.186008,6.108401,11.235889,9.172491,-12.808585,-4.6602464,7.348561,-1.6140488,-0.4612024,8.299581,-11.92899,5.3438573,7.368021,4.2340574,7.745996,-0.9487936,9.841451,-35.089878,61.133045,-5.7679076,8.747223,3.5172303,-1.4298788,-10.42723,21.252844,68.05637,-16.579296,6.3528867,-2.1399844
1643,1.6447844505310059,-1.231719970703125,78.09475708007812,-0.5717812951729642,-4.6147602789242494,126.71904746156422,9.179272,6.113167,11.238408,9.16965,-12.799779,-4.6708984,7.3387775,-1.6081024,-0.45706353,8.300077,-11.920181,5.3393016,7.3674316,4.2333674,7.7566824,-0.9526418,9.850147,-35.09129,61.11973,-5.749921,8.749418,3.539873,-1.436886,-10.426995,21.263279,68.05824,-16.590862,6.3497386,-2.1414857
1644,1.657200574874878,-1.237499475479126,78.0964584350586,-0.5718244750412111,-4.615049649045765,126.72000747957249,9.17177,6.1144195,11.238893,9.168449,-12.79057,-4.6750035,7.3298445,-1.606517,-0.4539216,8.301218,-11.912,5.3370595,7.3675914,4.2329082,7.7664804,-0.9552846,9.855106,-35.093315,61.109257,-5.737352,8.752749,3.5538735,-1.4427899,-10.426973,21.272425,68.05895,-16.596024,6.34573,-2.1436977
1645,1.6652395725250244,-1.2473795413970947,78.09718322753906,-0.5691337963445046,-4.615799502525996,126.7236171208799,9.162877,6.1104555,11.236371,9.170214,-12.780882,-4.66917,7.32082,-1.6115569,-0.45164084,8.30592,-11.906186,5.3373427,7.3684835,4.23158,7.7749224,-0.9592856,9.858387,-35.097115,61.106625,-5.7330666,8.756617,3.553164,-1.4460584,-10.427212,21.284197,68.05628,-16.588394,6.339281,-2.1465046
1646,1.6696254014968872,-1.2527527809143066,78.09832000732422,-0.5646534283030528,-4.615708055628493,126.72886243451785,9.1489935,6.1037993,11.231917,9.179643,-12.77325,-4.656538,7.3093657,-1.6206938,-0.44949403,8.315491,-11.903112,5.338988,7.3662553,4.2277856,7.780116,-0.96213496,9.864841,-35.104847,61.108524,-5.738452,8.76122,3.543844,-1.4475641,-10.428555,21.311611,68.050995,-16.563408,6.331906,-2.1512375
1647,1.670140027999878,-1.2582972049713135,78.09956359863281,-0.5594848851060651,-4.615841576335437,126.73377233608983,9.136788,6.095837,11.227588,9.186122,-12.764221,-4.6423297,7.2989583,-1.6310722,-0.44777635,8.322946,-11.898689,5.342317,7.3660455,4.2248173,7.7860627,-0.96449757,9.868962,-35.110245,61.11128,-5.7441883,8.764304,3.531268,-1.4475325,-10.430031,21.329697,68.04297,-16.543148,6.3248205,-2.154022
1648,1.6758133172988892,-1.2653030157089233,78.10111999511719,-0.5548958521630726,-4.615600183988319,126.73618172512707,9.125295,6.088951,11.224532,9.190344,-12.755225,-4.6317506,7.2887487,-1.6393653,-0.44691834,8.327576,-11.892439,5.3475757,7.3612156,4.2211747,7.7909393,-0.96244264,9.87446,-35.11674,61.110752,-5.7634296,8.762708,3.5242968,-1.4454565,-10.432662,21.355536,68.03161,-16.517103,6.3213267,-2.1564307
1649,1.683246374130249,-1.2758857011795044,78.10264587402344,-0.5502924631092452,-4.616107093114434,126.7345251387559,9.117407,6.08266,11.223602,9.190442,-12.746384,-4.625568,7.2818155,-1.6459813,-0.44888583,8.325949,-11.882981,5.3570185,7.3586926,4.2182426,7.798799,-0.95999336,9.87705,-35.119408,61.1092,-5.788565,8.753306,3.5229363,-1.4443154,-10.434073,21.365253,68.01939,-16.505472,6.3219986,-2.1558883
1650,1.6861845254898071,-1.2843730449676514,78.10633087158203,-0.5455781145415317,-4.616658463976095,126.73027183388778,9.110532,6.076332,11.22379,9.189274,-12.738134,-4.621184,7.2761354,-1.6519068,-0.4528447,8.320972,-11.871647,5.369763,7.3553524,4.214367,7.8071737,-0.9564891,9.880728,-35.123093,61.107273,-5.8255033,8.737914,3.5243218,-1.4415333,-10.436281,21.374105,68.003395,-16.494831,6.325964,-2.1540084
1651,1.691339373588562,-1.2966856956481934,78.10457611083984,-0.5420053524013176,-4.6167226717610435,126.7258360067105,9.102685,6.0718536,11.224293,9.188159,-12.7302,-4.618975,7.269668,-1.6556861,-0.45501214,8.31503,-11.859266,5.381338,7.3528504,4.211485,7.8158646,-0.95264584,9.885229,-35.127148,61.10315,-5.862057,8.723422,3.5263104,-1.4380995,-10.439122,21.37754,67.98628,-16.485905,6.329664,-2.1500463
1652,1.697938323020935,-1.3035529851913452,78.10627746582031,-0.5403881604080941,-4.615204030239172,126.72382862780356,9.093518,6.069498,11.224516,9.184693,-12.720766,-4.6190863,7.2600236,-1.6567082,-0.45153546,8.310526,-11.846965,5.3872323,7.351807,4.210006,7.8244705,-0.94921255,9.89188,-35.13378,61.093533,-5.8906507,8.716786,3.5277958,-1.4333336,-10.443396,21.375792,67.967834,-16.475185,6.330486,-2.143628
1653,1.705130696296692,-1.3108506202697754,78.10525512695312,-0.5426585978874049,-4.612919535986117,126.72537372096906,9.081407,6.0719595,11.224002,9.1829605,-12.712613,-4.624246,7.245242,-1.6520231,-0.4367963,8.311668,-11.83645,5.384407,7.346731,4.2114277,7.8303523,-0.9473073,9.89437,-35.135906,61.087025,-5.9027977,8.720194,3.528112,-1.432887,-10.444945,21.373127,67.958405,-16.460842,6.326805,-2.1349149
1654,1.7093311548233032,-1.3217246532440186,78.10530853271484,-0.5477192692802167,-4.607620652132405,126.72822435459257,9.065487,6.07815,11.223916,9.180802,-12.704147,-4.633436,7.2232184,-1.6428186,-0.41348717,8.317745,-11.827093,5.3757496,7.3415384,4.214426,7.835691,-0.946811,9.896669,-35.139572,61.07551,-5.911228,8.732331,3.5304048,-1.4336714,-10.446366,21.367321,67.94796,-16.442848,6.3215795,-2.122613
1655,1.7149975299835205,-1.3312206268310547,78.10832214355469,-0.5525849614702608,-4.601698358800145,126.732258968317,9.048162,6.0839615,11.223136,9.17933,-12.69551,-4.641417,7.201864,-1.6344815,-0.3933395,8.321668,-11.816794,5.3660707,7.338661,4.216791,7.8398232,-0.9478384,9.900053,-35.145634,61.06544,-5.915054,8.745035,3.5316408,-1.4351878,-10.448424,21.357521,67.94112,-16.42674,6.314646,-2.1110544
1656,1.7263352870941162,-1.33936607837677,78.11177825927734,-0.554178364494592,-4.594589621170125,126.73571283960801,9.029087,6.0861106,11.2219925,9.179311,-12.685931,-4.643064,7.182304,-1.6316569,-0.38628274,8.323718,-11.8074045,5.3599706,7.339349,4.216659,7.8419995,-0.9498321,9.903181,-35.15393,61.05652,-5.919307,8.755044,3.532912,-1.4344729,-10.45024,21.349144,67.93423,-16.41464,6.3085785,-2.1037776
1657,1.733577847480774,-1.3456121683120728,78.11399841308594,-0.5511432890308272,-4.585852026519597,126.7383742090236,9.006735,6.0827355,11.219653,9.182892,-12.675364,-4.6344385,7.1648946,-1.6373101,-0.3998697,8.324243,-11.799561,5.359377,7.341657,4.2119813,7.840018,-0.95296115,9.905561,-35.162056,61.05302,-5.9217696,8.759898,3.5338569,-1.4330193,-10.451613,21.346424,67.930504,-16.407701,6.3033695,-2.1031241
1658,1.7396695613861084,-1.351492166519165,78.11511993408203,-0.5452510296968817,-4.575111220650003,126.74144125842463,8.980354,6.0762963,11.215819,9.189635,-12.66436,-4.619142,7.148,-1.6482636,-0.42745587,8.323126,-11.792387,5.361607,7.3478427,4.2043495,7.8342633,-0.95785385,9.911186,-35.179543,61.051098,-5.927234,8.762117,3.534613,-1.4300286,-10.454751,21.346407,67.92844,-16.401733,6.2975473,-2.1060452
1659,1.7448406219482422,-1.360715627670288,78.11475372314453,-0.5386345579217934,-4.563777049837773,126.74431267097451,8.952659,6.069097,11.212674,9.198518,-12.65435,-4.603273,7.130591,-1.6602429,-0.45681316,8.3222475,-11.785729,5.364287,7.359022,4.1955957,7.8265247,-0.96005136,9.919602,-35.20492,61.04513,-5.9394665,8.764311,3.538115,-1.4178993,-10.459459,21.347988,67.918724,-16.391983,6.2939744,-2.112283
1660,1.7474160194396973,-1.3690818548202515,78.11669158935547,-0.5329258925413316,-4.5542776478729206,126.74751117265197,8.930968,6.061919,11.211555,9.200158,-12.64193,-4.5927076,7.1140027,-1.6701459,-0.47668913,8.322577,-11.779819,5.365177,7.36574,4.1882095,7.823165,-0.961198,9.925248,-35.217583,61.038967,-5.947022,8.765713,3.5407639,-1.4116942,-10.462307,21.350084,67.91341,-16.382158,6.2922616,-2.118213
1661,1.7509453296661377,-1.3775687217712402,78.11941528320312,-0.52808934663931,-4.54842344153583,126.75176756766147,8.916606,6.0547876,11.214614,9.197263,-12.629414,-4.589456,7.0989075,-1.67739,-0.48304173,8.325769,-11.776178,5.363697,7.3697696,4.1818333,7.8241425,-0.9623721,9.92701,-35.22012,61.036793,-5.9536195,8.766156,3.5435417,-1.4102111,-10.463093,21.350256,67.914154,-16.36889,6.2934647,-2.1237447
1662,1.754502773284912,-1.3849350214004517,78.1227798461914,-0.5233992823332317,-4.544150751898541,126.75682920026829,8.905868,6.04714,11.220326,9.192326,-12.616854,-4.5901613,7.084887,-1.6838177,-0.48237157,8.329866,-11.773934,5.361048,7.3745055,4.1753445,7.8268437,-0.9631803,9.928779,-35.220943,61.034657,-5.963083,8.765935,3.5472455,-1.4081783,-10.463758,21.349356,67.91515,-16.35187,6.2971396,-2.1302624
1663,1.762925624847412,-1.3931396007537842,78.12395477294922,-0.5198020612267708,-4.538843657867511,126.76146820816639,8.8936615,6.040838,11.224572,9.186216,-12.603751,-4.593051,7.068689,-1.6883943,-0.47909442,8.334092,-11.7703705,5.357589,7.3798766,4.1698985,7.8298697,-0.9648784,9.930556,-35.221092,61.032722,-5.9712343,8.76501,3.5514565,-1.4071473,-10.464271,21.34854,67.91649,-16.337074,6.301637,-2.1382697
1664,1.7708550691604614,-1.4026157855987549,78.12618255615234,-0.5183238113069851,-4.529119703711426,126.76464613420175,8.875498,6.037594,11.223226,9.180421,-12.590798,-4.5962725,7.0466967,-1.69002,-0.47767997,8.3378,-11.762779,5.3537908,7.3861423,4.1649685,7.8311787,-0.96652615,9.938778,-35.225838,61.02555,-5.978582,8.764214,3.556135,-1.4070431,-10.465815,21.351107,67.91511,-16.3273,6.3057775,-2.1490934
1665,1.7800755500793457,-1.4102720022201538,78.12923431396484,-0.5209562533165571,-4.515711074224693,126.7660714927027,8.849063,6.0409594,11.211616,9.179696,-12.5807495,-4.6017184,7.0216503,-1.6860641,-0.47925365,8.3362055,-11.747309,5.3489537,7.393129,4.165134,7.82772,-0.97140706,9.94066,-35.230824,61.024426,-5.9743185,8.762818,3.5622575,-1.4094671,-10.466036,21.356493,67.91666,-16.333609,6.3119807,-2.1616054
1666,1.7869504690170288,-1.417372226715088,78.1309814453125,-0.5266250846224546,-4.498524010178147,126.76631137257617,8.815955,6.0487194,11.192982,9.181479,-12.571991,-4.6095023,6.9916086,-1.6779741,-0.48152703,8.3333235,-11.727348,5.343071,7.4012694,4.167106,7.820041,-0.97909486,9.943049,-35.242935,61.026165,-5.970311,8.760498,3.570309,-1.414436,-10.466154,21.369797,67.92075,-16.34365,6.320087,-2.176727
1667,1.7944061756134033,-1.4258445501327515,78.13275146484375,-0.5322631858393869,-4.478489220153052,126.76594522650646,8.7804165,6.0563936,11.174984,9.1802225,-12.561263,-4.615623,6.958771,-1.6696539,-0.4840241,8.328189,-11.705045,5.337576,7.408546,4.168765,7.81001,-0.98624456,9.946415,-35.25661,61.02795,-5.967374,8.757999,3.579954,-1.4197261,-10.466116,21.384796,67.92504,-16.35131,6.3252835,-2.1972256
1668,1.8008387088775635,-1.4346588850021362,78.13520812988281,-0.5353746004563792,-4.453736691775139,126.76595211097894,8.738515,6.0604615,11.164183,9.181065,-12.550444,-4.6160126,6.920392,-1.6649958,-0.4866359,8.322923,-11.683609,5.3337574,7.412535,4.168748,7.7977037,-0.9914669,9.947837,-35.266617,61.027847,-5.9749017,8.75622,3.5928159,-1.425325,-10.466053,21.395088,67.92937,-16.342537,6.3225865,-2.2273736
1669,1.8085170984268188,-1.444644808769226,78.13825988769531,-0.5350714751500032,-4.424263029520055,126.76678803007444,8.692306,6.05942,11.16513,9.180383,-12.538663,-4.607599,6.87672,-1.6649103,-0.48973456,8.316557,-11.6637335,5.332232,7.412932,4.1662908,7.7831283,-0.9961474,9.949069,-35.2763,61.027298,-5.9963083,8.75537,3.6096106,-1.4325272,-10.465954,21.4042,67.93466,-16.30856,6.3083777,-2.2705986
1670,1.8153622150421143,-1.4557169675827026,78.14195251464844,-0.533046039938557,-4.392638132649262,126.76784154823429,8.644541,6.055434,11.173361,9.177238,-12.525261,-4.593268,6.830776,-1.6674846,-0.49319518,8.309894,-11.645182,5.332221,7.4102654,4.1626053,7.7687993,-1.0002352,9.9505005,-35.28566,61.025993,-6.0260487,8.754766,3.628752,-1.4391693,-10.465806,21.41182,67.936455,-16.261261,6.2878084,-2.3213093
1671,1.8271976709365845,-1.469626784324646,78.14291381835938,-0.5298667975650998,-4.351968264374593,126.76882292102647,8.582608,6.0507917,11.181749,9.181434,-12.513076,-4.5776873,6.7719607,-1.6712503,-0.49645862,8.307832,-11.627471,5.3327746,7.40727,4.1580176,7.747286,-1.004699,9.951537,-35.297203,61.023617,-6.063198,8.754539,3.6507034,-1.4508729,-10.465457,21.41909,67.947655,-16.203873,6.260118,-2.381683
1672,1.8350515365600586,-1.4811910390853882,78.14613342285156,-0.5266763691733726,-4.311188619361845,126.76940517315577,8.523325,6.0457697,11.18513,9.178507,-12.493817,-4.565929,6.7147975,-1.6746204,-0.49862242,8.301238,-11.605149,5.3329477,7.4033217,4.152096,7.7274137,-1.0059438,9.952165,-35.30218,61.019855,-6.0828404,8.75276,3.6689525,-1.4558251,-10.464939,21.418756,67.94934,-16.17003,6.2386465,-2.436495
1673,1.8433287143707275,-1.491744041442871,78.1491470336914,-0.5225204552003583,-4.264408660968703,126.77069065773345,8.457092,6.0397077,11.178925,9.173416,-12.4672785,-4.559217,6.6502132,-1.6788124,-0.50105596,8.296165,-11.580455,5.333761,7.399555,4.142975,7.704342,-1.0057436,9.952702,-35.304825,61.013374,-6.0870485,8.748715,3.6842666,-1.4577928,-10.463786,21.40878,67.94711,-16.169264,6.2228575,-2.4836407
1674,1.8524292707443237,-1.5021129846572876,78.15662384033203,-0.5174379691957071,-4.212551785279196,126.77222522533026,8.384442,6.0325575,11.167592,9.168406,-12.436201,-4.5549865,6.5799694,-1.6837358,-0.50336635,8.291249,-11.553918,5.3351808,7.3998213,4.131489,7.680395,-1.0077604,9.953084,-35.304886,61.005634,-6.077354,8.743719,3.6959808,-1.4542946,-10.461467,21.380901,67.93764,-16.197348,6.2089224,-2.525216
1675,1.8615891933441162,-1.5167570114135742,78.16372680664062,-0.5135071202103296,-4.1594787665714295,126.77237634523485,8.31002,6.0272436,11.156236,9.163792,-12.404915,-4.552199,6.509126,-1.6868368,-0.50362086,8.2826605,-11.523495,5.3350124,7.402637,4.1210318,7.6576524,-1.0111231,9.95318,-35.303688,60.99924,-6.063051,8.73904,3.7066333,-1.4501281,-10.457882,21.344751,67.928246,-16.220793,6.1940346,-2.573369
1676,1.8713918924331665,-1.529443383216858,78.17108917236328,-0.5127480795981081,-4.107476826868462,126.76863322572245,8.238076,6.0260854,11.151194,9.157841,-12.376289,-4.549845,6.435363,-1.6855998,-0.4987405,8.278601,-11.4933815,5.331055,7.408951,4.114942,7.637478,-1.0175972,9.952681,-35.301006,60.99799,-6.05036,8.736825,3.7160966,-1.4480128,-10.45386,21.307909,67.923805,-16.212517,6.1741157,-2.6380029
1677,1.8842490911483765,-1.5395652055740356,78.17613983154297,-0.5178516709515408,-4.058813896767472,126.75938552819495,8.168293,6.0334516,11.154613,9.156512,-12.354329,-4.549122,6.361371,-1.6764635,-0.48614728,8.277028,-11.460464,5.319343,7.4194217,4.116798,7.621517,-1.0267549,9.950801,-35.29756,61.00323,-6.041065,8.737438,3.7261558,-1.4524136,-10.448125,21.269737,67.930405,-16.151718,6.1432567,-2.7241278
1678,1.8955433368682861,-1.554312825202942,78.17810821533203,-0.5266747507330344,-4.011264832448475,126.74581882723963,8.100586,6.0460105,11.163735,9.154824,-12.334484,-4.5499854,6.284817,-1.6620189,-0.46748695,8.278486,-11.425215,5.3022456,7.4246798,4.1247363,7.605376,-1.0296293,9.94936,-35.288975,61.008503,-6.034774,8.739502,3.7365746,-1.4591743,-10.445642,21.248178,67.94218,-16.047546,6.105816,-2.8263495
1679,1.9067727327346802,-1.5705702304840088,78.17642211914062,-0.535547522717335,-3.961482768735375,126.7319064497196,8.03066,6.0582995,11.173812,9.151849,-12.315233,-4.5498857,6.2069387,-1.6478516,-0.44877893,8.277016,-11.389719,5.286862,7.4291477,4.1327963,7.58939,-1.0320073,9.947638,-35.277348,61.012882,-6.029014,8.743629,3.746744,-1.465889,-10.443546,21.227322,67.954315,-15.937685,6.072448,-2.9389267
1680,1.918481469154358,-1.5813685655593872,78.17923736572266,-0.5394150835603155,-3.9057135388439574,126.72103682907807,7.954839,6.064317,11.180792,9.144351,-12.293543,-4.546272,6.1266294,-1.6398805,-0.4354338,8.268487,-11.356175,5.280288,7.432615,4.1343164,7.570166,-1.0381572,9.945679,-35.262436,61.018578,-6.0225344,8.749794,3.7542384,-1.4749788,-10.441672,21.203646,67.96968,-15.85522,6.052861,-3.056413
1681,1.9274227619171143,-1.594006061553955,78.18504333496094,-0.5352681946633644,-3.851813702400905,126.7147473889896,7.8835254,6.0597463,11.184213,9.129137,-12.270977,-4.5365267,6.058611,-1.6423106,-0.43136674,8.24427,-11.3271055,5.288742,7.43057,4.1246233,7.547829,-1.039478,9.944924,-35.254154,61.02417,-6.0230503,8.75737,3.7633991,-1.477175,-10.441069,21.191523,67.98229,-15.808586,6.055372,-3.1722817
1682,1.940559983253479,-1.6103780269622803,78.19136047363281,-0.5257109041550331,-3.772596050556525,126.7121530146597,7.7782207,6.04885,11.183796,9.120852,-12.250135,-4.5215406,5.96032,-1.6522205,-0.43363437,8.223714,-11.303499,5.30714,7.438376,4.1110334,7.5212965,-1.0625823,9.940197,-35.220974,61.027443,-5.9960213,8.770754,3.7590652,-1.491111,-10.436885,21.142855,68.0006,-15.796647,6.0655355,-3.3167007
1683,1.953416347503662,-1.6252521276474,78.19773864746094,-0.5166929537130526,-3.7000471374471173,126.70949068622699,7.6842628,6.038034,11.183181,9.105306,-12.225651,-4.507658,5.872465,-1.6611471,-0.43465176,8.197662,-11.277117,5.325171,7.440299,4.0952053,7.491223,-1.0752499,9.937075,-35.202072,61.034096,-5.9913545,8.783121,3.7622404,-1.4996372,-10.434374,21.115181,68.02001,-15.777782,6.084948,-3.455264
1684,1.9690845012664795,-1.642504096031189,78.2010269165039,-0.5140111421934411,-3.6269274689723066,126.70507584624951,7.589303,6.0352793,11.181987,9.091679,-12.197018,-4.499734,5.7803535,-1.661611,-0.42829272,8.175571,-11.242203,5.3326955,7.440602,4.0851226,7.4599466,-1.0828983,9.934741,-35.18491,61.041023,-6.002564,8.794578,3.7697332,-1.5106808,-10.432758,21.092346,68.04239,-15.739184,6.1031303,-3.5898333
1685,1.9821497201919556,-1.6579210758209229,78.20795440673828,-0.522695975107317,-3.5534696868134534,126.69777613574671,7.490452,6.0472097,11.1797495,9.089034,-12.166442,-4.502271,5.679255,-1.6472387,-0.40965948,8.16623,-11.196866,5.3226476,7.4421926,4.087039,7.440878,-1.10227,9.925699,-35.144363,61.056095,-6.00929,8.8064,3.7726824,-1.5477585,-10.427306,21.041994,68.08352,-15.696218,6.1145296,-3.7174258
1686,1.9954372644424438,-1.671820878982544,78.21356201171875,-0.5381758232366084,-3.480802198614778,126.68879000660523,7.3940535,6.0669413,11.177102,9.085497,-12.130696,-4.5114365,5.575406,-1.6240673,-0.38297766,8.162189,-11.144218,5.301928,7.440764,4.0944757,7.4130077,-1.107115,9.91841,-35.118534,61.068848,-6.0439806,8.818797,3.7852902,-1.5764759,-10.424312,21.015585,68.12317,-15.620027,6.1303735,-3.849391
1687,2.0111021995544434,-1.6857469081878662,78.21894836425781,-0.5534379052151936,-3.4016610851997395,126.68006182687722,7.2879667,6.086944,11.172946,9.084523,-12.094184,-4.519803,5.4629917,-1.6008239,-0.35687503,8.15828,-11.089082,5.2812524,7.4350243,4.102152,7.383766,-1.1163281,9.909547,-35.0853,61.085854,-6.082622,8.8285885,3.7967665,-1.6184034,-10.421775,20.986097,68.17389,-15.547717,6.1438456,-3.9740984
1688,2.022080421447754,-1.6984697580337524,78.22649383544922,-0.5608697493647297,-3.309972650066359,126.67379666838268,7.1670537,6.0972667,11.167391,9.076854,-12.054297,-4.5198426,5.3412147,-1.5874456,-0.33955705,8.144127,-11.034951,5.27131,7.4261494,4.1006727,7.347312,-1.1303114,9.902151,-35.054462,61.10444,-6.129145,8.833239,3.809394,-1.659001,-10.420299,20.956701,68.218765,-15.489027,6.156672,-4.089038
1689,2.0368385314941406,-1.7152179479599,78.23408508300781,-0.5583488840611248,-3.202299151215387,126.67064066683315,7.0258,6.095213,11.161248,9.063298,-12.011529,-4.506853,5.2059484,-1.5871253,-0.33480474,8.118928,-10.980742,5.2761555,7.4145594,4.088711,7.3037343,-1.1570748,9.889865,-35.017673,61.131077,-6.181536,8.833361,3.8217647,-1.7072461,-10.418349,20.91488,68.26557,-15.462759,6.168928,-4.1941814
1690,2.056093215942383,-1.7323248386383057,78.24220275878906,-0.5500685564922184,-3.0822543428505695,126.6694904006887,6.8684945,6.0856194,11.1543865,9.047168,-11.966565,-4.4856586,5.060554,-1.5943849,-0.3377674,8.083986,-10.92361,5.289545,7.4013286,4.0682373,7.249628,-1.1856803,9.883265,-34.992447,61.158276,-6.2545176,8.829046,3.836717,-1.7530739,-10.417826,20.879356,68.30936,-15.444138,6.181611,-4.2936354
1691,2.07684326171875,-1.7555779218673706,78.24846649169922,-0.537891401576044,-2.955204707979449,126.66963267347109,6.704326,6.0717015,11.144919,9.024987,-11.918663,-4.463302,4.909122,-1.6055897,-0.34328198,8.0450115,-10.870069,5.3071227,7.3906784,4.044515,7.19822,-1.2246428,9.871895,-34.95914,61.189087,-6.315265,8.821122,3.850268,-1.8041935,-10.416878,20.821697,68.35115,-15.439348,6.190791,-4.379091
1692,2.1013479232788086,-1.7746798992156982,78.25540161132812,-0.5247711243622867,-2.8255175962579866,126.67031643425588,6.5396533,6.057252,11.130896,8.997964,-11.869818,-4.446744,4.7568436,-1.6164733,-0.3463354,8.002837,-10.8241415,5.324352,7.3774567,4.017517,7.144668,-1.2570695,9.865376,-34.929867,61.212864,-6.366883,8.808436,3.8668623,-1.8470035,-10.4166975,20.77261,68.3816,-15.412973,6.197063,-4.4510617
1693,2.127981185913086,-1.7929766178131104,78.2611312866211,-0.510134541230603,-2.6967715219567734,126.67377545148783,6.3783283,6.0413337,11.108405,8.964084,-11.81891,-4.4375315,4.608259,-1.6275194,-0.3461711,7.956475,-10.788805,5.3392005,7.368948,3.9892118,7.1060014,-1.3014698,9.855937,-34.879696,61.23495,-6.3750043,8.79599,3.8774085,-1.8933115,-10.416584,20.688784,68.40318,-15.396818,6.19609,-4.497832
1694,2.147968292236328,-1.8075706958770752,78.27166748046875,-0.49313546815658044,-2.56481144395664,126.67950704708825,6.2149196,6.0223823,11.079684,8.924472,-11.765971,-4.4320197,4.4583235,-1.6406121,-0.34523445,7.9060555,-10.761366,5.354387,7.3537073,3.9563894,7.0617414,-1.3321333,9.85142,-34.832108,61.244034,-6.3773527,8.782605,3.8933442,-1.9313034,-10.4169655,20.62156,68.41597,-15.35982,6.194143,-4.532391
1695,2.176135778427124,-1.8280174732208252,78.27630615234375,-0.47552255052572,-2.4271413774272967,126.6832242302474,6.0489855,6.003983,11.0515585,8.878942,-11.711502,-4.4295053,4.304505,-1.6524725,-0.34378153,7.8511605,-10.735799,5.372258,7.345743,3.9231687,7.0285664,-1.3820733,9.843929,-34.771477,61.26113,-6.355977,8.758852,3.902586,-1.9786026,-10.417668,20.516582,68.42364,-15.336538,6.184762,-4.550189
1696,2.2019925117492676,-1.8454926013946533,78.28274536132812,-0.4603601136342678,-2.278315000870978,126.68098120898625,5.8755326,5.9910407,11.030193,8.829799,-11.656878,-4.429223,4.14651,-1.6591018,-0.34255788,7.779899,-10.700084,5.394949,7.338909,3.890707,6.9747972,-1.4249847,9.8397455,-34.74456,61.287407,-6.36575,8.71529,3.9234197,-2.0212493,-10.418521,20.435844,68.43394,-15.270415,6.1737194,-4.571392
1697,2.230109453201294,-1.8581727743148804,78.28852081298828,-0.4480735237211627,-2.112171222752455,126.66674180702246,5.6918635,5.984044,11.021785,8.77132,-11.599862,-4.4332623,3.9746768,-1.6602952,-0.33920464,7.696437,-10.656609,5.4269567,7.325813,3.8589845,6.8935714,-1.4549752,9.839694,-34.741127,61.31918,-6.415688,8.649957,3.9585917,-2.0631275,-10.4190645,20.396477,68.44847,-15.151402,6.1599984,-4.5936375
1698,2.2579827308654785,-1.8613560199737549,78.29337310791016,-0.4373067296525325,-1.9329068170448136,126.6445622595054,5.4997115,5.980592,11.021236,8.706584,-11.541562,-4.4412537,3.791218,-1.6578716,-0.33428723,7.60693,-10.611152,5.4654217,7.3578134,3.8277235,6.8142586,-1.5196555,9.842904,-34.785473,61.366016,-6.483665,8.568293,3.9973927,-2.1032624,-10.419672,20.286983,68.45379,-15.036594,6.135769,-4.600959
1699,2.289872646331787,-1.8662655353546143,78.2978744506836,-0.42421623420536336,-1.7521138754835548,126.62404388574214,5.3084955,5.975975,11.0200815,8.638842,-11.482821,-4.448548,3.6095831,-1.6554499,-0.33129138,7.5126724,-10.561308,5.5020795,7.3628583,3.792633,6.724062,-1.5633512,9.847884,-34.824215,61.4161,-6.548149,8.470267,4.037874,-2.1461136,-10.41997,20.225346,68.466,-14.886936,6.1135097,-4.6153946
1700,2.3231356143951416,-1.870347023010254,78.30360412597656,-0.4048425534269839,-1.581351881611593,126.61440680817317,5.124861,5.9657187,11.010007,8.576635,-11.42693,-4.450439,3.392565,-1.6573808,-0.3317546,7.523885,-10.563049,5.5288596,7.342306,3.7510855,6.6406517,-1.5954556,9.851728,-34.847115,61.476112,-6.5753264,8.356708,4.067131,-2.1847465,-10.419912,20.183975,68.47431,-14.731421,6.095477,-4.6405463
1701,2.3547115325927734,-1.8694225549697876,78.30860900878906,-0.3589493139121162,-1.4169762820349256,126.61766875007078,4.9500527,5.925508,10.991775,8.504096,-11.363386,-4.440303,2.9244423,-1.6871792,-0.32685456,8.085935,-10.846188,5.54661,7.3431077,3.6791234,6.57713,-1.6523815,9.8647,-34.91816,61.558697,-6.5635905,8.217835,4.0846353,-2.2177234,-10.41705,20.086588,68.47292,-14.598538,6.078872,-4.6775656
1702,2.399258613586426,-1.8660435676574707,78.31379699707031,-0.3094428685560891,-1.2578734666629516,126.63016386224905,4.7775207,5.883044,10.96578,8.43652,-11.302041,-4.424455,2.4876032,-1.7178698,-0.32697827,8.597364,-11.094905,5.5562687,7.360844,3.5970187,6.518371,-1.7152935,9.890131,-35.033344,61.65127,-6.532255,8.059534,4.097463,-2.2237585,-10.4084835,19.958225,68.44875,-14.47543,6.0643864,-4.7252083
1703,2.446104049682617,-1.8657548427581787,78.31732940673828,-0.2598785521977618,-1.109435894382421,126.64876650869819,4.617044,5.8430076,10.935333,8.372827,-11.244875,-4.410556,2.0850012,-1.7453938,-0.3310544,9.070475,-11.3278265,5.557386,7.356644,3.5133252,6.4666467,-1.7591687,9.922625,-35.12115,61.736343,-6.4872365,7.898988,4.0989904,-2.237441,-10.395406,19.848118,68.43372,-14.337536,6.0485897,-4.772168
1704,2.476545810699463,-1.8459094762802124,78.31867980957031,-0.21480296077703992,-0.9774491420997072,126.66747931474183,4.4764514,5.8127885,10.906017,8.318338,-11.197438,-4.406714,1.7275851,-1.7640291,-0.33577082,9.499864,-11.5475855,5.549203,7.342746,3.436128,6.42231,-1.7844442,9.953486,-35.161266,61.81047,-6.4476705,7.7564673,4.085673,-2.250545,-10.382225,19.747238,68.42438,-14.182805,6.0261292,-4.8030157
1705,2.5128819942474365,-1.821415901184082,78.31790161132812,-0.17296325709779747,-0.8642060246372254,126.68180188610124,4.365153,5.7906294,10.883561,8.26147,-11.153438,-4.41455,1.4205216,-1.7745682,-0.338093,9.881028,-11.755047,5.5304055,7.338097,3.3633854,6.3842406,-1.7942148,9.986733,-35.164738,61.87136,-6.394915,7.646061,4.0404067,-2.2547295,-10.368838,19.63807,68.41975,-13.993505,5.988058,-4.8096437
1706,2.5543246269226074,-1.7910857200622559,78.31533813476562,-0.13216889948932567,-0.7659991345896209,126.69521049159717,4.2728167,5.7742157,10.863758,8.211631,-11.116759,-4.4297934,1.1476381,-1.780249,-0.33963504,10.2366705,-11.95744,5.5021434,7.3314514,3.2954028,6.350609,-1.7915331,10.014442,-35.13561,61.930523,-6.325345,7.553343,3.9715846,-2.2524219,-10.358739,19.53288,68.4184,-13.775164,5.9400287,-4.801309
1707,2.5950629711151123,-1.7600761651992798,78.31098175048828,-0.09519628241982679,-0.6800232524694386,126.71475387301682,4.1948776,5.7666116,10.838036,8.166461,-11.087289,-4.451781,0.9084196,-1.7782443,-0.3457417,10.562395,-12.149903,5.4671283,7.327746,3.227089,6.331226,-1.7794689,10.055908,-35.0909,61.972885,-6.2965164,7.459991,3.9100842,-2.2428405,-10.344127,19.40454,68.40654,-13.584471,5.8956866,-4.7852387
1708,2.6280879974365234,-1.7240371704101562,78.3065185546875,-0.06484483341617775,-0.6030831798946695,126.74738303308261,4.1238394,5.7715597,10.797716,8.130329,-11.068788,-4.479889,0.6972581,-1.7660528,-0.3615333,10.862673,-12.331023,5.428331,7.3092437,3.160806,6.3256903,-1.7527612,10.110352,-35.030857,61.99774,-6.3655257,7.3453984,3.89122,-2.2307372,-10.322436,19.270945,68.38114,-13.456187,5.87133,-4.773956
1709,2.677288770675659,-1.6820712089538574,78.29928588867188,-0.044686973990956856,-0.5373216910511602,126.80334612521075,4.05688,5.7939496,10.730177,8.108493,-11.064145,-4.5151014,0.52452207,-1.739764,-0.39459723,11.12533,-12.495045,5.388197,7.2654767,3.105498,6.3345585,-1.7276452,10.155477,-34.956417,62.027927,-6.5608625,7.205697,3.9316134,-2.2110023,-10.299259,19.125341,68.33575,-13.418584,5.878472,-4.769251
1710,2.721540927886963,-1.6269872188568115,78.29267120361328,-0.031793664154918806,-0.48323327240506164,126.87585986065793,3.9981713,5.83026,10.643531,8.097308,-11.071051,-4.5573435,0.38823423,-1.7025177,-0.44010848,11.353642,-12.644772,5.3448944,7.2120075,3.0521932,6.358082,-1.6980106,10.208552,-34.872803,62.04898,-6.849249,7.0520043,4.0090938,-2.18603,-10.266095,18.955261,68.278465,-13.45001,5.9057164,-4.766294
1711,2.7603836059570312,-1.5613164901733398,78.28497314453125,-0.02031449701634261,-0.4358980232980079,126.94699298995951,3.95088,5.8720284,10.560019,8.088133,-11.084821,-4.604125,0.26801357,-1.6605542,-0.48463312,11.571814,-12.79194,5.2945614,7.159165,2.9969501,6.388056,-1.6558763,10.268423,-34.770126,62.065823,-7.187785,6.8801265,4.105163,-2.1638768,-10.224872,18.7896,68.22207,-13.501073,5.935979,-4.7653537
1712,2.800382614135742,-1.4902385473251343,78.27550506591797,-0.0036689325271825634,-0.3904471735009247,126.99873365420386,3.920314,5.910077,10.502136,8.070252,-11.100856,-4.6527863,0.1451975,-1.620607,-0.5148367,11.800617,-12.946947,5.2334185,7.116984,2.944466,6.415398,-1.6039677,10.315039,-34.64073,62.10065,-7.5354824,6.684692,4.2035003,-2.1455097,-10.192772,18.661228,68.170685,-13.518463,5.952956,-4.7647023
1713,2.84216046333313,-1.4194239377975464,78.2656478881836,0.020783068177012115,-0.34696700091511745,127.02632026119183,3.9095702,5.9401164,10.477128,8.040982,-11.119514,-4.7055845,0.019429954,-1.5872141,-0.53000873,12.041073,-13.116046,5.1675687,7.096597,2.8935978,6.4360843,-1.5426091,10.347626,-34.49042,62.161343,-7.8996067,6.4474106,4.2894993,-2.1266804,-10.172201,18.569372,68.12503,-13.48905,5.951031,-4.7637496
1714,2.881253719329834,-1.3437870740890503,78.25434112548828,0.049840644941861224,-0.3079776804147748,127.03946313687578,3.9175308,5.9668717,10.472959,8.001785,-11.140426,-4.762931,-0.10084462,-1.5559849,-0.5361963,12.284178,-13.29299,5.0967307,7.05787,2.8290334,6.472982,-1.4405016,10.413057,-34.261864,62.18562,-8.271293,6.1807313,4.3619804,-2.1458306,-10.137042,18.514082,68.10266,-13.452803,5.9379454,-4.7624245
1715,2.9144487380981445,-1.266495943069458,78.24661254882812,0.079578037196491,-0.27067380089246995,127.04126620839595,3.9335792,5.996927,10.482077,7.9652057,-11.16697,-4.819475,-0.22208157,-1.5200915,-0.5303294,12.5339575,-13.467592,5.0076113,7.02956,2.7687473,6.5071106,-1.3284279,10.470379,-34.030407,62.215103,-8.661223,5.9150453,4.4608917,-2.1553183,-10.11112,18.486055,68.07175,-13.400628,5.9211216,-4.7627273
1716,2.9475438594818115,-1.1933928728103638,78.23651123046875,0.10645641251908725,-0.2328899584399219,127.0347834089198,3.947073,6.036854,10.496996,7.9435267,-11.201832,-4.8699174,-0.35030183,-1.4726895,-0.50922126,12.796369,-13.631814,4.8867316,7.031557,2.7194808,6.5367017,-1.2368541,10.499561,-33.833294,62.272663,-9.055769,5.6830196,4.6153674,-2.1379929,-10.099508,18.452198,68.018295,-13.351406,5.9051976,-4.7637277
1717,2.9898452758789062,-1.105911374092102,78.22940826416016,0.12829904381957943,-0.1967135379614162,127.01887435310886,3.9615693,6.0905404,10.518252,7.9355617,-11.244436,-4.915842,-0.4914657,-1.4081148,-0.46762878,13.085305,-13.783039,4.7179117,6.96888,2.6592684,6.5926247,-1.081119,10.574291,-33.52936,62.24685,-9.400371,5.50231,4.817687,-2.1749198,-10.070815,18.495193,67.9856,-13.303945,5.8894134,-4.7720156
1718,3.0284674167633057,-1.0075639486312866,78.21875,0.147521644103426,-0.16192472461672996,126.9924855428948,3.9782999,6.1540723,10.548947,7.939753,-11.29539,-4.9589777,-0.64029604,-1.3313702,-0.4087013,13.392098,-13.925344,4.5127616,6.99196,2.6165247,6.6326118,-0.9859038,10.595902,-33.337536,62.301327,-9.782464,5.342994,5.0856457,-2.1455147,-10.062544,18.47882,67.91085,-13.262065,5.87146,-4.783663
1719,3.0687808990478516,-0.9029746055603027,78.2100830078125,0.16827785765872774,-0.12490357256559416,126.95900203341161,3.9947417,6.218992,10.58609,7.949502,-11.350312,-4.9944444,-0.7865891,-1.2515124,-0.34198987,13.689873,-14.058952,4.298919,6.954605,2.5661132,6.689561,-0.84207886,10.636244,-33.03017,62.300022,-10.122792,5.2039065,5.366286,-2.1684942,-10.048165,18.539423,67.86119,-13.21985,5.8540955,-4.7900147
1720,3.1120712757110596,-0.795648455619812,78.20047760009766,0.1945961739497451,-0.08077786350824397,126.92167880103752,4.005539,6.2780566,10.626615,7.960692,-11.404941,-5.0173993,-0.9196658,-1.1774155,-0.27689183,13.948719,-14.182132,4.104335,6.944892,2.5131516,6.738747,-0.70609134,10.667057,-32.739685,62.299984,-10.473107,5.072277,5.655745,-2.1752365,-10.038322,18.595596,67.80003,-13.185719,5.839195,-4.781286
1721,3.151916980743408,-0.6865003705024719,78.19206237792969,0.22829293177837873,-0.03206726725513056,126.87678899225517,4.017694,6.32882,10.675014,7.9691033,-11.46203,-5.028488,-1.0356493,-1.1104884,-0.21200582,14.16719,-14.294905,3.928542,6.931838,2.4528782,6.7885184,-0.5542565,10.695374,-32.404186,62.279854,-10.817101,4.951091,5.94409,-2.1901205,-10.032055,18.679356,67.739265,-13.163714,5.8266344,-4.751036
1722,3.1856942176818848,-0.5720252990722656,78.18627166748047,0.2671772941777122,0.020091109021808943,126.82421769823985,4.030803,6.375534,10.731069,7.9783306,-11.522375,-5.029665,-1.1407222,-1.0461591,-0.1436739,14.359085,-14.397913,3.7593718,6.937924,2.3904786,6.8375115,-0.40544692,10.713073,-32.060196,62.259037,-11.162525,4.8426924,6.245616,-2.1958895,-10.030926,18.764738,67.66757,-13.155133,5.814841,-4.704284
1723,3.220510959625244,-0.45771655440330505,78.18244934082031,0.3079321722926287,0.08168687990353915,126.77257571787814,4.0303955,6.420697,10.784719,7.9946957,-11.579846,-5.018287,-1.2390666,-0.9844326,-0.07785817,14.518189,-14.490505,3.6071076,6.9287586,2.3288777,6.885753,-0.24769728,10.727326,-31.686106,62.218723,-11.492004,4.7414603,6.556459,-2.215742,-10.034177,18.882555,67.60227,-13.142007,5.8064127,-4.651775
1724,3.268117904663086,-0.3404974639415741,78.17658996582031,0.34680016601790303,0.15864035288627634,126.73108931393837,4.0042424,6.4671345,10.825851,8.018794,-11.624911,-4.9915333,-1.3370805,-0.92449605,-0.020668214,14.644166,-14.575335,3.4819627,6.9379544,2.2732632,6.9268293,-0.1136395,10.735669,-31.350636,62.177567,-11.814972,4.6406174,6.8806067,-2.230454,-10.04074,18.982052,67.535545,-13.127005,5.8018417,-4.6015253
1725,3.3177108764648438,-0.21940279006958008,78.17281341552734,0.3909712601001116,0.2506934692500324,126.69556367439722,3.9580429,6.5081754,10.858733,8.044926,-11.665132,-4.9536633,-1.432598,-0.874158,0.035680406,14.732458,-14.65168,3.3933175,6.9535484,2.2134717,6.9629965,0.009838558,10.742172,-31.037304,62.12169,-12.136351,4.540663,7.227973,-2.2494216,-10.050112,19.098833,67.47501,-13.088697,5.794204,-4.56035
1726,3.362431764602661,-0.10206097364425659,78.16705322265625,0.44277975818527554,0.3550467311757,126.66335871409758,3.8971314,6.541466,10.886924,8.070656,-11.699876,-4.9042354,-1.5176339,-0.83422285,0.092022195,14.772949,-14.71509,3.3335974,6.927215,2.1488688,7.0011873,0.15951744,10.752693,-30.672964,62.021996,-12.436821,4.445388,7.5887923,-2.3001025,-10.0673485,19.28811,67.43231,-13.021293,5.786422,-4.5224633
1727,3.404618740081787,0.015795953571796417,78.16777038574219,0.49160015545308167,0.4747380962344151,126.64430785595695,3.803137,6.57549,10.900025,8.114624,-11.715368,-4.832863,-1.5988889,-0.794389,0.13298687,14.772291,-14.761614,3.2871363,6.906607,2.0917869,7.035408,0.29473996,10.765131,-30.325212,61.91204,-12.712525,4.351918,7.945042,-2.3478572,-10.087902,19.450384,67.38211,-12.970807,5.792561,-4.4771614
1728,3.449439287185669,0.13090255856513977,78.17098236083984,0.5312342318844575,0.612486808243938,126.64832555282251,3.657132,6.6162653,10.887711,8.1969185,-11.6984215,-4.728033,-1.6774346,-0.74834067,0.14398968,14.725665,-14.782998,3.238572,6.900913,2.051043,7.0611997,0.39388126,10.77501,-30.010818,61.81523,-12.943591,4.258018,8.275609,-2.3899758,-10.104968,19.52906,67.325226,-12.974672,5.8276825,-4.4163613
1729,3.5019490718841553,0.25529175996780396,78.18336486816406,0.567188493481573,0.7902068214059066,126.67723213411432,3.4399796,6.6604433,10.843993,8.300866,-11.651528,-4.5962043,-1.7671782,-0.7010432,0.12096134,14.60238,-14.756905,3.1853178,6.8687572,2.020411,7.0657253,0.47765473,10.785356,-29.67691,61.714478,-13.091492,4.169302,8.574069,-2.449634,-10.120819,19.561422,67.276436,-13.0447,5.895476,-4.3410573
1730,3.5446205139160156,0.3644018769264221,78.1622085571289,0.47662177568481373,1.0164234533129617,126.75401762763946,2.3206358,7.0053496,10.630565,10.178353,-12.499081,-4.456133,-1.9135782,-0.5262831,0.017639294,14.483743,-14.725795,3.1229093,6.831317,2.1191216,7.0116863,0.5268711,10.790343,-29.391201,61.630623,-13.197188,4.0853634,8.860576,-2.5027668,-10.130281,19.516727,67.23351,-13.171429,5.9873805,-4.2567086
1731,3.592054605484009,0.4613732099533081,78.12643432617188,0.34156743841691084,1.2320605229647292,126.85218398709777,0.9871512,7.431744,10.357202,12.512126,-13.526676,-4.2712073,-2.028311,-0.30789706,-0.11795955,14.332237,-14.688334,3.059667,6.7549343,2.274638,6.977871,0.57982016,10.79549,-29.060722,61.520603,-13.264332,3.9985864,9.116497,-2.5812693,-10.14442,19.464714,67.18976,-13.306296,6.1029415,-4.1536045
1732,3.6417007446289062,0.5592508912086487,78.07923126220703,0.17620329156535378,1.3928294642104089,126.96612066217543,-0.3648116,7.888038,10.055419,14.995838,-14.540028,-4.017376,-2.0692344,-0.061573412,-0.27170923,14.176147,-14.670446,2.9980822,6.6974373,2.4757617,6.9924393,0.61311376,10.799649,-28.768755,61.40621,-13.3643465,3.8977933,9.3476925,-2.6476321,-10.161451,19.367714,67.11743,-13.413039,6.241812,-4.030841
1733,3.68678617477417,0.653547465801239,78.02239990234375,-0.0425967117672565,1.4953504534297537,127.09999256547306,-1.7367262,8.396631,9.697321,17.640985,-15.556368,-3.6884074,-2.0302818,0.24064194,-0.450997,14.0113125,-14.674541,2.9326637,6.634579,2.7509933,7.0649796,0.642854,10.804474,-28.471115,61.263077,-13.485143,3.7779438,9.525303,-2.712234,-10.188047,19.219454,67.00668,-13.509299,6.4260497,-3.8684404
1734,3.7175304889678955,0.7491721510887146,77.95787811279297,-0.3080292632340016,1.5608174675030317,127.25410808587236,-3.1606698,8.952934,9.279247,20.457747,-16.592236,-3.293977,-1.9340177,0.59190506,-0.65648985,13.8274145,-14.688062,2.8646965,6.569436,3.0920842,7.1801267,0.6630459,10.810569,-28.17725,61.09553,-13.611725,3.6455884,9.659293,-2.770034,-10.229604,19.018759,66.856224,-13.606696,6.648405,-3.671942
1735,3.7420895099639893,0.8547928333282471,77.89326477050781,-0.5757466702146634,1.5853977091892644,127.4219245997752,-4.580378,9.500668,8.859858,23.335554,-17.557592,-2.836671,-1.7812896,0.93990177,-0.8720593,13.637699,-14.712465,2.804651,6.5212693,3.439775,7.325669,0.65983784,10.815376,-27.938883,60.943836,-13.767786,3.5071902,9.803096,-2.8267717,-10.262376,18.810751,66.70733,-13.652857,6.865444,-3.4832585
1736,3.748476505279541,0.965487003326416,77.8331069946289,-0.8031582131181245,1.5640567616448338,127.59770005007553,-5.939106,9.987698,8.502148,26.174082,-18.36333,-2.3256354,-1.5680603,1.2338256,-1.082859,13.449956,-14.7467785,2.7627244,6.4862075,3.7603493,7.540117,0.6368328,10.826559,-27.72553,60.776905,-13.928635,3.3759415,9.980539,-2.86633,-10.3429785,18.622313,66.51163,-13.618309,7.0280604,-3.3073788
1737,3.7525441646575928,1.0736960172653198,77.77664184570312,-0.993625089270483,1.4778090772359387,127.78954977935061,-7.255659,10.4362,8.230884,29.095798,-18.987951,-1.6950684,-1.2724447,1.4759897,-1.2957503,13.268235,-14.794477,2.7373176,6.4663696,4.0517707,7.8165054,0.58466107,10.840486,-27.595747,60.621414,-14.154582,3.2528553,10.2369,-2.8848138,-10.447334,18.476988,66.283875,-13.4630375,7.1363435,-3.159062
1738,3.7378649711608887,1.1808849573135376,77.72716522216797,-1.1675950191461353,1.3354010386760933,127.99840259167154,-8.541128,10.867258,8.014926,32.095184,-19.473614,-0.9649791,-0.89992326,1.6917652,-1.5157903,13.081505,-14.851723,2.7237597,6.455406,4.334805,8.151172,0.5079241,10.856622,-27.51836,60.468987,-14.419844,3.132665,10.538805,-2.891707,-10.569271,18.347101,66.02799,-13.223069,7.2109632,-3.0239196
1739,3.715272903442383,1.2933284044265747,77.68103790283203,-1.3059994447100167,1.1749101696131834,128.20680862110626,-9.75147,11.226343,7.838911,34.929768,-19.843855,-0.27456003,-0.4937855,1.8621186,-1.7267708,12.885715,-14.911994,2.728112,6.4660745,4.583741,8.502226,0.42200968,10.874223,-27.478441,60.32846,-14.672123,3.007372,10.842742,-2.8957944,-10.702649,18.250595,65.78785,-12.914691,7.245055,-2.9198494
1740,3.6967382431030273,1.408084750175476,77.64387512207031,-1.3874025880363658,1.0340660657037797,128.39728310171904,-10.8491535,11.452605,7.6906176,37.370693,-20.133543,0.23061389,-0.10035325,1.964589,-1.912763,12.683846,-14.971844,2.7568247,6.511531,4.7716455,8.827563,0.34256124,10.892585,-27.460842,60.208427,-14.8588505,2.8700137,11.105483,-2.9036374,-10.842753,18.205082,65.60292,-12.554563,7.233145,-2.864029
1741,3.663968324661255,1.5279393196105957,77.62296295166016,-1.399327233184809,0.9102707987434024,128.5637253277279,-11.819867,11.518828,7.570342,39.403446,-20.351341,0.4998202,0.28417927,1.9837048,-2.0683322,12.473292,-15.031769,2.824388,6.601241,4.888101,9.128995,0.26705602,10.912612,-27.480896,60.12157,-14.9733,2.6890395,11.323304,-2.9199016,-10.989207,18.234213,65.48853,-12.085649,7.143544,-2.8736017
1742,3.6103806495666504,1.6582945585250854,77.61831665039062,-1.3545164869342827,0.7870662962335968,128.71621736031778,-12.695421,11.456657,7.4928274,41.15831,-20.488882,0.60202044,0.68034387,1.93231,-2.2039387,12.253362,-15.094574,2.9237907,6.724787,4.9479938,9.42422,0.19010146,10.934999,-27.53895,60.05977,-15.041477,2.4787035,11.516826,-2.9403496,-11.142742,18.323832,65.42065,-11.52032,6.9902883,-2.934106
1743,3.5313262939453125,1.7909761667251587,77.62163543701172,-1.2689057796529246,0.6818672287474129,128.8614079681919,-13.505401,11.295032,7.466296,42.618187,-20.551443,0.5733788,1.0590062,1.829866,-2.3282676,12.045627,-15.163881,3.029285,6.867695,4.9626327,9.695137,0.122896224,10.957433,-27.59541,59.99931,-15.057036,2.301712,11.679498,-2.965295,-11.294875,18.4351,65.396645,-10.975929,6.8266706,-3.0182958
1744,3.442922592163086,1.9330298900604248,77.63431549072266,-1.1589948690540954,0.6121889571170309,129.0061533000003,-14.277842,11.066742,7.495393,43.761093,-20.542362,0.45565015,1.3975517,1.696456,-2.4496493,11.858496,-15.241708,3.1152406,7.014427,4.942569,9.9229145,0.074086666,10.976681,-27.611927,59.922047,-15.016104,2.2201436,11.805299,-2.9969664,-11.430926,18.529474,65.41926,-10.57096,6.7070704,-3.1020913
1745,3.351989269256592,2.0796191692352295,77.64869689941406,-1.0189415716295143,0.5847345385918279,129.1474351959216,-15.010561,10.763895,7.579693,44.560265,-20.49253,0.23274815,1.6925504,1.5273764,-2.5629964,11.685597,-15.3225565,3.171134,7.1716623,4.873628,10.091708,0.047419388,10.990218,-27.576506,59.826527,-14.883975,2.2719762,11.894453,-3.0410295,-11.54127,18.615406,65.52306,-10.317439,6.624236,-3.1958094
1746,3.243105411529541,2.226419448852539,77.6667251586914,-0.8439751692560583,0.5890363884362008,129.28342046108315,-15.695144,10.382052,7.714155,45.033432,-20.393095,-0.10486823,1.9522357,1.3152226,-2.6674063,11.532234,-15.412217,3.212451,7.353337,4.745301,10.205419,0.023245163,10.996588,-27.521769,59.7497,-14.67638,2.4155943,11.954604,-3.1132743,-11.595919,18.694431,65.734604,-10.168851,6.556837,-3.3179665
1747,3.1252338886260986,2.3789069652557373,77.68970489501953,-0.6526570243526243,0.6164460835699572,129.4220001350975,-16.35052,9.964437,7.894365,45.232006,-20.191597,-0.5023455,2.1883214,1.0793654,-2.7731457,11.389773,-15.507561,3.2497995,7.514437,4.600629,10.302124,0.024154548,11.003983,-27.42424,59.650333,-14.453466,2.5979445,11.9755,-3.1973345,-11.654281,18.772684,65.95619,-10.122798,6.537785,-3.4325135
1748,3.0055339336395264,2.545074224472046,77.7126235961914,-0.46291952770375233,0.6584677559576376,129.5711525800199,-16.992592,9.551713,8.115952,45.206295,-19.832214,-0.9052709,2.409119,0.83794755,-2.8910089,11.256685,-15.609683,3.2941625,7.6585236,4.4589205,10.394328,0.023261465,11.011288,-27.319818,59.56094,-14.287011,2.7619479,11.961875,-3.2992587,-11.690804,18.790333,66.16393,-10.210289,6.598274,-3.5237894
1749,2.877363681793213,2.702268123626709,77.73604583740234,-0.2716661904212905,0.7197666865046974,129.73311420268348,-17.614244,9.146218,8.405679,44.92092,-19.297504,-1.3107872,2.6109464,0.5864016,-3.0223138,11.129012,-15.714131,3.348214,7.786645,4.3179684,10.473688,0.019822787,11.015882,-27.216215,59.49054,-14.206997,2.9037116,11.900489,-3.4190416,-11.6998,18.733536,66.36618,-10.488999,6.7711315,-3.5905526
1750,2.734363079071045,2.8629512786865234,77.75755310058594,-0.07233761836176165,0.8017626691863986,129.9033770620277,-18.206621,8.732524,8.752273,44.35916,-18.61462,-1.74011,2.7919521,0.318581,-3.1620135,11.009334,-15.822474,3.4065723,7.8862896,4.1691184,10.551784,0.031699,11.023736,-27.061441,59.40416,-14.150985,3.0523982,11.784166,-3.5656788,-11.695835,18.627007,66.56751,-10.940028,7.0303626,-3.6317258
1751,2.5850000381469727,3.0112457275390625,77.7774429321289,0.12267893204230988,0.8929273950903517,130.07986605563312,-18.780922,8.321422,9.095932,43.5975,-17.792309,-2.1789196,2.9624119,0.05082682,-3.308801,10.902969,-15.941942,3.4658608,7.976115,4.0224023,10.623137,0.043130986,11.035877,-26.911013,59.323242,-14.119775,3.192508,11.658945,-3.727503,-11.674044,18.491533,66.757515,-11.434861,7.3229895,-3.655562
1752,2.432465076446533,3.1631417274475098,77.7882308959961,0.3013482151337808,0.9814442037864969,130.26056833456815,-19.346918,7.9211187,9.378187,42.711773,-16.83867,-2.6103714,3.1368327,-0.20106965,-3.4623144,10.808282,-16.076532,3.5234632,8.061754,3.8841503,10.697939,0.04828035,11.062302,-26.785027,59.246,-14.0933075,3.311663,11.560571,-3.9067507,-11.626748,18.341759,66.9238,-11.858814,7.5948243,-3.6661508
1753,2.2736713886260986,3.3197946548461914,77.79572296142578,0.46688691845887537,1.071602010956065,130.44904347025863,-19.910624,7.5194564,9.590685,41.688698,-15.707667,-3.0200417,3.3070168,-0.4414969,-3.624502,10.731144,-16.229933,3.5804024,8.140688,3.7600517,10.777228,0.048861783,11.100997,-26.687595,59.156586,-14.084608,3.4074142,11.494399,-4.0846777,-11.572874,18.156717,67.03086,-12.219339,7.860305,-3.6518018
1754,2.103747606277466,3.479966878890991,77.79426574707031,0.6231261996986256,1.167007423224161,130.64499629365577,-20.459618,7.11361,9.761301,40.49201,-14.406796,-3.4195027,3.4711127,-0.67530763,-3.7947326,10.667349,-16.397816,3.6374934,8.211899,3.6484559,10.86011,0.04798596,11.149536,-26.60616,59.055054,-14.096683,3.4867103,11.440958,-4.261875,-11.517482,17.934416,67.08498,-12.565467,8.13824,-3.611106
1755,1.9206080436706543,3.6451668739318848,77.78997802734375,0.7584643770832159,1.2554914390956171,130.83913706304068,-20.979979,6.7255163,9.886036,39.17484,-13.029994,-3.8335183,3.6470091,-0.8872324,-3.9684284,10.609742,-16.576036,3.6914504,8.281027,3.5599453,10.951453,0.04226909,11.202606,-26.544437,58.965103,-14.101144,3.5495005,11.4004965,-4.4451675,-11.469176,17.730698,67.10749,-12.832069,8.3822775,-3.5617552
1756,1.7282100915908813,3.8050179481506348,77.7712173461914,0.8621564444571597,1.3247577540008544,131.02273919390032,-21.457355,6.376332,9.961031,37.787453,-11.669766,-4.286646,3.852759,-1.0628265,-4.140998,10.551009,-16.76028,3.7390323,8.356356,3.4991798,11.05676,0.03314602,11.266826,-26.509245,58.901287,-14.072747,3.5970438,11.372668,-4.643661,-11.427955,17.598347,67.12321,-12.954779,8.5464115,-3.5232852
1757,1.5260761976242065,3.960874557495117,77.74469757080078,0.9257674459852634,1.373454798242011,131.19510243245008,-21.887548,6.0712123,9.982587,36.312565,-10.28097,-4.816347,4.086869,-1.1922897,-4.3155875,10.495308,-16.94695,3.7743487,8.431494,3.485104,11.178457,0.008812081,11.323038,-26.504906,58.88786,-13.993745,3.6151989,11.360914,-4.85621,-11.410505,17.56095,67.123856,-12.880717,8.614608,-3.5011036
1758,1.3169567584991455,4.133272647857666,77.70951843261719,0.9563785287083069,1.4073176265283098,131.3595967954173,-22.273247,5.7923756,9.952905,34.725697,-8.832,-5.399175,4.3426957,-1.2844244,-4.4922576,10.443112,-17.13854,3.8004792,8.505785,3.5035872,11.317584,-0.013379478,11.39533,-26.527626,58.885727,-13.884752,3.6108408,11.361388,-5.0786586,-11.408533,17.586464,67.0966,-12.655546,8.612373,-3.484389
1759,1.0988097190856934,4.319122314453125,77.66448974609375,0.9636283078945103,1.4250291653468479,131.5130994563617,-22.613571,5.5320992,9.878092,33.07421,-7.4392724,-5.968036,4.631757,-1.349836,-4.6622906,10.379242,-17.338566,3.8276398,8.585754,3.547364,11.467842,-0.035241574,11.469948,-26.558542,58.89671,-13.761744,3.60642,11.370502,-5.3000703,-11.423115,17.660662,67.048294,-12.354673,8.5577965,-3.4648685
1760,0.8694273233413696,4.500972747802734,77.6098861694336,0.9575860407192427,1.4253254118797198,131.65283680766743,-22.907993,5.2884097,9.766353,31.40574,-6.2212167,-6.45538,4.9634404,-1.3996665,-4.817249,10.292756,-17.552927,3.8662353,8.678521,3.60364,11.622441,-0.05517406,11.541167,-26.580715,58.91779,-13.64277,3.6252174,11.384578,-5.5160036,-11.449059,17.767347,66.99392,-12.055154,8.468913,-3.4364357
1761,0.623091459274292,4.685701847076416,77.54779815673828,0.9384264056692183,1.4061523405579837,131.7750411151934,-23.155428,5.0665107,9.619186,29.722017,-5.230789,-6.8284636,5.3435535,-1.4332298,-4.95072,10.176064,-17.784157,3.9219282,8.789569,3.671328,11.782968,-0.07633855,11.608394,-26.591568,58.948265,-13.524856,3.676948,11.413985,-5.7275276,-11.486205,17.92133,66.934784,-11.731804,8.324133,-3.400756
1762,0.3632506728172302,4.882053375244141,77.4737319946289,0.9000475474704576,1.3684175932602176,131.88122095223852,-23.353346,4.8718996,9.43595,27.996716,-4.3954697,-7.127447,5.767914,-1.4440984,-5.0676994,10.03308,-18.026854,3.9881246,8.914349,3.7579715,11.950835,-0.09963995,11.671741,-26.598457,58.993332,-13.39999,3.7476418,11.457374,-5.9381275,-11.53492,18.125214,66.867355,-11.359127,8.122661,-3.359848
1763,0.09774358570575714,5.091144561767578,77.39362335205078,0.8448170251667367,1.3154597213537866,131.97647708419103,-23.50489,4.7047057,9.223389,26.247173,-3.6528354,-7.3934865,6.2292013,-1.4367859,-5.1763687,9.872878,-18.276442,4.0568495,9.045418,3.8606365,12.119869,-0.11951822,11.730563,-26.601044,59.056244,-13.280625,3.8257124,11.493009,-6.1470504,-11.588432,18.34443,66.797806,-11.013162,7.913863,-3.3094306
1764,-0.18150664865970612,5.306887626647949,77.3082046508789,0.7746332668171031,1.2502899831142065,132.0656957539349,-23.611765,4.564155,8.986657,24.486547,-2.9381118,-7.668386,6.7215037,-1.4144095,-5.2850156,9.703372,-18.52803,4.11985,9.178772,3.975631,12.280734,-0.13546613,11.778667,-26.600868,59.1507,-13.175794,3.8986413,11.501101,-6.357092,-11.631948,18.53906,66.742584,-10.773226,7.7472363,-3.2488987
1765,-0.46931469440460205,5.526592254638672,77.21199035644531,0.683725979864108,1.1689915639962059,132.15409659719774,-23.670372,4.457917,8.734302,22.70922,-2.2526202,-7.9701858,7.2538543,-1.370046,-5.397847,9.516992,-18.779114,4.17411,9.31322,4.1076126,12.431698,-0.15471339,11.81288,-26.603111,59.295834,-13.0929575,3.960606,11.472068,-6.5711637,-11.658332,18.703154,66.711334,-10.671589,7.629035,-3.166277
1766,-0.7760223746299744,5.7497735023498535,77.11072540283203,0.5708869718395709,1.0706275570811323,132.2359769848426,-23.679777,4.3878016,8.462126,20.909426,-1.6224779,-8.274636,7.8285565,-1.3012875,-5.5075116,9.309341,-19.031149,4.223546,9.449847,4.2566257,12.578442,-0.16990614,11.84135,-26.601833,59.473343,-13.024664,4.019612,11.417326,-6.790683,-11.675963,18.859932,66.69635,-10.661475,7.5350223,-3.067014
1767,-1.0969303846359253,5.984344959259033,76.99846649169922,0.44604255259904424,0.9627207853885994,132.30040183774503,-23.647072,4.3442564,8.156029,19.105005,-1.0272382,-8.559787,8.430295,-1.2199184,-5.604754,9.088657,-19.281965,4.270658,9.580623,4.4123335,12.72393,-0.15300336,11.877852,-26.57708,59.633354,-12.96168,4.083894,11.347248,-7.014033,-11.688901,19.022976,66.6834,-10.698887,7.468684,-2.9770825
1768,-1.4405372142791748,6.220874786376953,76.88142395019531,0.3202603522220201,0.8531858564692774,132.33749716390963,-23.585543,4.3187547,7.80069,17.326923,-0.44906843,-8.802227,9.039641,-1.1403035,-5.6816783,8.872745,-19.535046,4.3185363,9.733302,4.563575,12.861158,-0.12045591,11.915188,-26.547415,59.779324,-12.8965435,4.158726,11.279389,-7.2344275,-11.68824,19.151974,66.6736,-10.763313,7.432106,-2.9251497
1769,-1.7846299409866333,6.467656135559082,76.76107025146484,0.19378518973099518,0.7478612011832325,132.342074711434,-23.491693,4.3124003,7.3866425,15.54101,0.12523508,-8.989618,9.648337,-1.0643494,-5.7382298,8.662914,-19.791805,4.3670335,9.920553,4.7147245,12.981225,-0.08396796,11.941612,-26.522972,59.926437,-12.823138,4.249323,11.218199,-7.4455104,-11.673694,19.23156,66.66652,-10.8812,7.43947,-2.9248405
1770,-2.1487607955932617,6.726367950439453,76.63724517822266,0.06185505426452775,0.6410021885873423,132.32010363001032,-23.3619,4.33439,6.924127,13.748508,0.68215257,-9.133961,10.266353,-0.98680305,-5.777607,8.453825,-20.051697,4.4152727,10.130583,4.870524,13.088524,-0.03893256,11.959576,-26.49763,60.076347,-12.747213,4.35102,11.155484,-7.6512628,-11.651912,19.278772,66.66291,-11.054463,7.485116,-2.9586756
1771,-2.5262200832366943,6.984205722808838,76.50856018066406,-0.06969905050512328,0.5252501663623111,132.2811388641031,-23.214426,4.3829226,6.427298,12.039847,1.194623,-9.248561,10.899927,-0.91420615,-5.7989364,8.253458,-20.31508,4.4660754,10.337571,5.013546,13.193447,0.032843668,11.985037,-26.451057,60.208504,-12.677887,4.4540033,11.0901,-7.8730116,-11.602365,19.320234,66.681946,-11.222783,7.541681,-3.0137918
1772,-2.9173197746276855,7.237772464752197,76.37435150146484,-0.19299849909122635,0.39431953495259847,132.23576899458615,-23.065985,4.449465,5.9107776,10.498578,1.640378,-9.347581,11.558777,-0.8553335,-5.803272,8.059644,-20.576437,4.5229,10.54634,5.143536,13.3050785,0.11531054,12.010307,-26.40371,60.33119,-12.632446,4.5459833,11.024707,-8.091004,-11.540441,19.346037,66.70007,-11.329626,7.581578,-3.0683136
1773,-3.320828914642334,7.500120162963867,76.24081420898438,-0.3059359249977296,0.24254023489919485,132.18491258373382,-22.896532,4.5274525,5.334376,9.076406,2.0421352,-9.458685,12.251015,-0.81149936,-5.7848325,7.8676405,-20.838467,4.58358,10.74137,5.2473183,13.432126,0.22419629,12.048508,-26.332644,60.43078,-12.6138525,4.6255426,10.962641,-8.329854,-11.43801,19.344313,66.73865,-11.362141,7.6065993,-3.1233501
1774,-3.7440524101257324,7.783345699310303,76.10368347167969,-0.40824310217600523,0.07739323085239855,132.12713163046263,-22.696705,4.614299,4.706596,7.7267246,2.4151282,-9.565847,12.942859,-0.78825736,-5.749011,7.73133,-21.129827,4.649142,10.941808,5.3482375,13.572359,0.34043732,12.077554,-26.260393,60.51803,-12.616193,4.697065,10.9016695,-8.542101,-11.354041,19.30402,66.73761,-11.345948,7.6288214,-3.1741955
1775,-4.174711227416992,8.07386302947998,75.96440887451172,-0.4901352964859967,-0.08661904208918035,132.07327595956502,-22.572042,4.702738,4.10876,6.6838927,2.6485672,-9.618822,13.579678,-0.80386883,-5.7173314,7.7385554,-21.485441,4.727768,11.128333,5.406658,13.69909,0.4757752,12.122244,-26.18518,60.59281,-12.634964,4.763514,10.834871,-8.777314,-11.225063,19.287987,66.781166,-11.295379,7.6341257,-3.2425442
1776,-4.606375694274902,8.365758895874023,75.828857421875,-0.5438303955055968,-0.23488962552178014,132.03354142416413,-22.851305,4.794703,3.6019607,6.654736,2.378187,-9.566928,14.212852,-0.863229,-5.713119,7.749946,-21.820261,4.82744,11.309017,5.435746,13.799732,0.6095218,12.162794,-26.140099,60.66707,-12.668658,4.8248053,10.753753,-8.987168,-11.1136875,19.339912,66.81917,-11.208744,7.6098046,-3.3196
1777,-5.064938068389893,8.666213989257812,75.69461822509766,-0.5620973601223495,-0.3671698457542126,132.01141830159958,-23.066416,4.8504543,3.2466772,6.6521482,2.0969763,-9.384222,14.845553,-0.97314686,-5.7475853,7.7651196,-22.149931,4.950637,11.473504,5.4133735,13.871274,0.75260514,12.213122,-26.11537,60.73315,-12.7235365,4.8846583,10.645295,-9.201575,-10.981911,19.467701,66.90081,-11.065151,7.555111,-3.4245126
1778,-5.54079532623291,8.96253776550293,75.56027221679688,-0.5496036414787066,-0.4888220552404524,132.00335361720403,-23.219383,4.8757677,2.994408,6.669561,1.8146603,-9.102773,15.481617,-1.1271336,-5.812609,7.7845516,-22.474337,5.094319,11.631475,5.358692,13.9256,0.89518017,12.260265,-26.114552,60.7953,-12.799497,4.940563,10.51713,-9.392974,-10.862326,19.638983,66.97906,-10.86775,7.476147,-3.5427253
1779,-6.019327640533447,9.273749351501465,75.42579650878906,-0.5177055130867146,-0.5942034033640435,132.00958936103433,-23.31283,4.872919,2.8279574,6.701166,1.596346,-8.763095,16.112713,-1.3137206,-5.897545,7.807232,-22.758688,5.2530217,11.779065,5.2834005,13.956418,1.0374571,12.300401,-26.13555,60.857693,-12.877199,4.9879937,10.392488,-9.553735,-10.764147,19.872324,67.03103,-10.667221,7.3691034,-3.6532643
1780,-6.520399570465088,9.584553718566895,75.29866027832031,-0.47789715604615557,-0.6783078906465227,132.0295060912234,-23.43245,4.8489327,2.724177,6.9182076,1.4134525,-8.405648,16.660503,-1.5282308,-5.98927,7.9815154,-23.046682,5.421033,11.905287,5.189771,13.956001,1.1859487,12.338104,-26.167986,60.921726,-12.937515,5.022419,10.295046,-9.691454,-10.681731,20.195694,67.05251,-10.513338,7.230567,-3.7398958
1781,-7.036198616027832,9.902771949768066,75.18050384521484,-0.4363415383635555,-0.7493620054701603,132.06349919260822,-23.862,4.821221,2.6438482,7.945447,0.910222,-8.019736,17.123772,-1.7621406,-6.09035,8.337569,-23.358995,5.587053,11.989544,5.0729327,13.925621,1.364219,12.388486,-26.1986,60.96975,-12.971169,5.0376334,10.229668,-9.831673,-10.5971575,20.689222,67.07331,-10.362926,7.0429225,-3.821532
1782,-7.569559097290039,10.216684341430664,75.06669616699219,-0.3887050968719556,-0.8089227504902347,132.10884830871558,-24.319199,4.7788534,2.6244483,9.185838,0.38341817,-7.593253,17.556221,-2.0138397,-6.2027597,8.765566,-23.651476,5.7558002,12.054003,4.9404716,13.872398,1.5575923,12.444787,-26.243977,61.004875,-12.99029,5.0380435,10.18301,-9.948635,-10.530356,21.302227,67.06739,-10.211642,6.813394,-3.8940141
1783,-8.132872581481934,10.544363975524902,74.96102905273438,-0.3294943302046288,-0.8418024867203967,132.1593583260241,-24.796446,4.718674,2.6973374,10.581676,-0.06671924,-7.1605577,17.921083,-2.296112,-6.3090653,9.291366,-23.91866,5.9452214,12.148716,4.804706,13.789124,1.7158285,12.476995,-26.336744,61.071415,-13.008638,5.0344944,10.154159,-10.001802,-10.504516,21.873388,66.9888,-10.166417,6.5757017,-3.9161792
1784,-8.703346252441406,10.864825248718262,74.86385345458984,-0.2526561551259218,-0.8318734497862451,132.20924309640878,-25.294735,4.640688,2.893974,12.090805,-0.35066837,-6.7550187,18.181446,-2.622204,-6.3913927,9.939276,-24.153992,6.1732726,12.167865,4.638457,13.675916,1.94071,12.509146,-26.33804,61.084797,-13.016976,5.0439143,10.129268,-10.061983,-10.48497,22.458538,66.881775,-10.26347,6.3695083,-3.8727934
1785,-9.281187057495117,11.167763710021973,74.78679656982422,-0.1525762751612339,-0.7592189261432399,132.2498296225967,-25.838978,4.563863,3.2848737,13.775157,-0.43005437,-6.3991523,18.305262,-3.0047054,-6.441339,10.721573,-24.366695,6.4514656,12.190424,4.444654,13.51776,2.161442,12.523032,-26.317755,61.09907,-13.024694,5.0643945,10.117672,-10.096548,-10.481975,22.950592,66.712746,-10.637035,6.1997952,-3.7441523
1786,-9.88277530670166,11.470922470092773,74.71854400634766,-0.037879379278418224,-0.6395909765622477,132.27974283878572,-26.41955,4.503193,3.837221,15.639662,-0.36446887,-6.064221,18.327662,-3.4268851,-6.4605055,11.609946,-24.550097,6.7672043,12.222145,4.2336864,13.317152,2.3759012,12.51645,-26.29477,61.123672,-13.031374,5.089367,10.122659,-10.104468,-10.4970045,23.393879,66.49446,-11.213701,6.046983,-3.5507238
1787,-10.509469032287598,11.784551620483398,74.65155792236328,0.0799586714500101,-0.5094166301785912,132.30608052378184,-26.986485,4.442496,4.428979,17.5556,-0.20358925,-5.7073903,18.302967,-3.8652983,-6.448305,12.5835,-24.679853,7.1031575,12.23175,4.021032,13.098317,2.608205,12.488229,-26.241653,61.150898,-13.029249,5.1231093,10.130955,-10.084967,-10.529663,23.787294,66.244804,-11.825515,5.9051623,-3.3065543
1788,-11.155488014221191,12.113821029663086,74.58164978027344,0.19278512183143504,-0.4043148861740817,132.33895896381108,-27.498512,4.3518615,4.938064,19.404736,-0.0019235255,-5.2924223,18.287546,-4.301273,-6.4075384,13.6151285,-24.731222,7.441724,12.210548,3.8274274,12.882979,2.8503218,12.420393,-26.15766,61.205097,-13.012067,5.168195,10.132498,-10.021261,-10.59198,24.095509,65.97031,-12.31532,5.768337,-3.0214617
1789,-11.822460174560547,12.432276725769043,74.51637268066406,0.30721148947261634,-0.3219301682150623,132.36563183099463,-27.959177,4.2227855,5.3720427,21.162561,0.3845007,-4.8363433,18.283144,-4.752157,-6.318969,14.697513,-24.720598,7.78627,12.2004,3.6342218,12.659149,3.1006887,12.330826,-26.074965,61.285305,-12.98052,5.2365565,10.131094,-9.89952,-10.663446,24.266338,65.66437,-12.711661,5.6339335,-2.6617382
1790,-12.509089469909668,12.753759384155273,74.47000885009766,0.42796674710146476,-0.246302350715674,132.3861623513571,-28.387228,4.065655,5.788662,22.887806,0.9346437,-4.3507695,18.260424,-5.22576,-6.185807,15.848502,-24.655449,8.142552,12.182133,3.4350863,12.421898,3.3678179,12.220019,-25.97277,61.37864,-12.934022,5.322946,10.129096,-9.738688,-10.744469,24.344645,65.33467,-13.070682,5.5022917,-2.2352126
1791,-13.206592559814453,13.079028129577637,74.42753601074219,0.5465577807417782,-0.19208375679581727,132.43278262126884,-28.758537,3.8638053,6.139605,24.572418,1.3523355,-3.7980075,18.22259,-5.6948285,-6.047398,17.093306,-24.50012,8.494625,12.144415,3.2446175,12.191001,3.622615,12.09217,-25.881834,61.503834,-12.900307,5.4080224,10.120962,-9.540713,-10.830422,24.311666,65.00609,-13.325355,5.3791757,-1.8139901
1792,-13.911120414733887,13.418044090270996,74.39833068847656,0.6555058491503252,-0.17312771693849996,132.5385723895402,-29.056692,3.5961819,6.371078,26.224518,1.3366995,-3.141603,18.167313,-6.135623,-5.9431195,18.46925,-24.225002,8.825104,12.078619,3.0758579,11.985885,3.8331313,11.955173,-25.839191,61.67965,-12.910929,5.4733815,10.101848,-9.309178,-10.914108,24.142637,64.71143,-13.410428,5.26732,-1.4709667
1793,-14.625792503356934,13.76380443572998,74.38626861572266,0.7576835184553509,-0.19571216020810575,132.7322934167134,-29.31569,3.2180529,6.416181,27.930727,0.69481075,-2.3028996,18.13679,-6.5503945,-5.8972845,19.933086,-23.826284,9.138133,11.9713335,2.926504,11.811039,3.9948292,11.813714,-25.854568,61.921078,-12.986534,5.4997373,10.0606985,-9.034045,-10.988258,23.796,64.45283,-13.282308,5.168949,-1.2074746
1794,-15.342286109924316,14.098064422607422,74.37711334228516,0.8579995654043928,-0.250647064696119,132.99190290551752,-29.537004,2.7356794,6.3089557,29.666784,-0.37656546,-1.3301502,18.113422,-6.9590244,-5.8819447,21.490257,-23.321417,9.431838,11.830856,2.7854438,11.655256,4.1254716,11.670051,-25.9107,62.21005,-13.108772,5.503492,10.003696,-8.718814,-11.0509615,23.2926,64.21822,-12.987034,5.0852175,-0.99030083
1795,-16.06842803955078,14.437435150146484,74.37689208984375,0.9550330531119756,-0.3280830625537703,133.27453551130728,-29.65505,2.2059295,6.147238,31.27357,-1.6005664,-0.37544042,18.006628,-7.365143,-5.8588624,23.247627,-22.709871,9.680269,11.679921,2.6503115,11.516985,4.2298903,11.527128,-25.997183,62.517197,-13.245207,5.5126305,9.948967,-8.387491,-11.101274,22.703154,64.01977,-12.591389,5.0113697,-0.8412962
1796,-16.7977237701416,14.767816543579102,74.38783264160156,1.0482319701236935,-0.4172172581479651,133.53686167589586,-29.604515,1.6961708,6.038044,32.593014,-2.70384,0.41273037,17.730835,-7.7698946,-5.7910433,25.299154,-21.984594,9.860722,11.540319,2.5166492,11.393979,4.314048,11.388336,-26.101255,62.813053,-13.362357,5.555252,9.914706,-8.065302,-11.139733,22.099333,63.870686,-12.163726,4.942381,-0.7829658
1797,-17.524585723876953,15.10041618347168,74.41590118408203,1.1391995308458416,-0.5198903129534674,133.7851924710861,-29.362286,1.2131255,5.9995174,33.58929,-3.6570828,0.9927084,17.28428,-8.170719,-5.6816,27.676674,-21.139372,9.963034,11.405476,2.3806214,11.287574,4.377825,11.25573,-26.22854,63.102127,-13.457209,5.6429143,9.910192,-7.748763,-11.165279,21.467993,63.76998,-11.678533,4.883087,-0.83313274
1798,-18.24395751953125,15.433640480041504,74.45018005371094,1.2297724434485326,-0.6387324561249089,134.03776387251784,-28.969584,0.7269298,5.9772463,34.35462,-4.5988603,1.4460136,16.709599,-8.571437,-5.5469265,30.316784,-20.17301,9.99699,11.265264,2.24134,11.1981735,4.420636,11.129399,-26.381193,63.396904,-13.546227,5.7564197,9.923053,-7.4297934,-11.175899,20.782166,63.711693,-11.114684,4.8321915,-0.9761518
1799,-18.96354103088379,15.772072792053223,74.49800109863281,1.3196128852636941,-0.7642290034371445,134.26941047840347,-28.458126,0.25589213,5.9755883,34.92189,-5.5089574,1.810581,15.995932,-8.976999,-5.372592,33.15747,-19.085363,9.97481,11.134288,2.098504,11.12076,4.4536934,11.010125,-26.537342,63.665127,-13.621058,5.8871975,9.941583,-7.1314726,-11.174556,20.100222,63.706932,-10.541934,4.7757106,-1.1851888
1800,-19.682022094726562,16.118221282958984,74.56880950927734,1.4083256452110697,-0.8871037255135076,134.4544173403114,-27.860104,-0.18375497,6.000324,35.323334,-6.365844,2.1248302,15.128514,-9.390365,-5.1437464,36.146637,-17.87851,9.911064,11.005531,1.9460661,11.057463,4.513237,10.91642,-26.64726,63.845715,-13.669095,6.0250287,9.947068,-6.884137,-11.166085,19.508604,63.76247,-10.021176,4.700793,-1.4326693
1801,-20.387025833129883,16.44707489013672,74.65111541748047,1.490056206589025,-1.0065543934473498,134.57316689284593,-27.162678,-0.5778553,6.065121,35.542767,-7.1736484,2.392686,14.098436,-9.81073,-4.855516,39.31571,-16.526587,9.866412,10.946197,1.8050396,10.990863,4.545294,10.801266,-26.755331,64.00547,-13.688824,6.1834893,9.951561,-6.666803,-11.154292,18.960136,63.900146,-9.5426235,4.5851307,-1.73923
1802,-21.092636108398438,16.77862548828125,74.74544525146484,1.5653336403184392,-1.1272341220310107,134.64456757179727,-26.357105,-0.938696,6.162485,35.57316,-7.941354,2.5969915,12.916983,-10.229835,-4.5176034,42.675735,-15.035805,9.815374,10.891775,1.666621,10.93485,4.5948706,10.690826,-26.814499,64.10019,-13.675424,6.3652673,9.950815,-6.491555,-11.14187,18.491777,64.10862,-9.062685,4.4419665,-2.109974
1803,-21.791704177856445,17.101856231689453,74.85446166992188,1.6419578939931878,-1.2476361883522087,134.70082578497863,-25.477694,-1.2916292,6.2677374,35.44959,-8.648546,2.7456667,11.602055,-10.6390705,-4.141144,46.139668,-13.450881,9.644383,10.8238945,1.5225,10.897629,4.6372747,10.595966,-26.864529,64.15042,-13.65123,6.5270543,9.9418745,-6.349501,-11.128009,18.069407,64.34491,-8.675267,4.309082,-2.4928646
1804,-22.467357635498047,17.423105239868164,74.97352600097656,1.7295953596796503,-1.3659328368773056,134.77300664271655,-24.560465,-1.662101,6.358133,35.2087,-9.275156,2.846888,10.171198,-11.037304,-3.7425835,49.619102,-11.813362,9.237763,10.705661,1.3605579,10.88982,4.666014,10.533742,-26.923283,64.15774,-13.635248,6.6264334,9.91875,-6.2405796,-11.112472,17.686996,64.566414,-8.4621725,4.2277775,-2.8367932
1805,-23.135360717773438,17.739912033081055,75.10090637207031,1.839072823522215,-1.4733859527000397,134.86011700073828,-23.604416,-2.058011,6.445629,34.823395,-9.802201,2.8894088,8.5632,-11.463344,-3.3418653,53.21866,-10.026423,8.471777,10.569668,1.1730392,10.899523,4.634061,10.483222,-27.048515,64.17321,-13.654744,6.631965,9.88989,-6.1647453,-11.090027,17.299026,64.79095,-8.494489,4.207568,-3.1368294
1806,-23.784561157226562,18.053466796875,75.23137664794922,1.9637040690623684,-1.5732133027110844,134.94888975259946,-22.592884,-2.467991,6.5381265,34.280712,-10.242372,2.8769286,6.7922497,-11.922649,-2.9445717,56.93046,-8.092403,7.42246,10.407675,0.9635791,10.9279995,4.5786552,10.454644,-27.1976,64.15614,-13.690442,6.574703,9.8519,-6.1265473,-11.063489,16.94333,65.0281,-8.703436,4.2311115,-3.4174159
1807,-24.424562454223633,18.35952377319336,75.36067199707031,2.089622091882145,-1.682443229522821,135.0501367768932,-21.538424,-2.8878982,6.607664,33.64223,-10.623842,2.8387275,4.9807987,-12.359265,-2.5384445,60.51854,-6.211708,6.284042,10.249908,0.7489517,10.981253,4.4754624,10.444138,-27.38658,64.143524,-13.718644,6.494307,9.806948,-6.0931325,-11.021385,16.561632,65.25078,-9.028391,4.2898316,-3.676574
1808,-25.05502700805664,18.65617561340332,75.48878479003906,2.2010802311655375,-1.8184452331890306,135.1744197482845,-20.454447,-3.309659,6.6250234,32.97377,-10.976265,2.801246,3.249807,-12.692313,-2.0976171,63.760094,-4.594397,5.275618,10.044585,0.5479543,11.07658,4.3693295,10.4598675,-27.530733,64.09938,-13.690077,6.4340234,9.744814,-6.0634575,-10.976281,16.207897,65.428246,-9.368151,4.3773875,-3.9097443
1809,-25.671567916870117,18.96367073059082,75.61373901367188,2.298365212965802,-1.9883591773954405,135.32976710424865,-19.34281,-3.7361338,6.5768104,32.294174,-11.305679,2.7613506,1.5991716,-12.92006,-1.6359341,66.67808,-3.1480281,4.423753,9.79706,0.36259085,11.22392,4.246132,10.495689,-27.635218,64.029884,-13.573986,6.397065,9.64888,-6.029005,-10.926794,15.840184,65.54574,-9.775317,4.515628,-4.1148815
1810,-26.2784423828125,19.262136459350586,75.73745727539062,2.389064438807331,-2.1825426779891903,135.5116910272968,-18.203438,-4.167824,6.4771442,31.576454,-11.596955,2.7064426,-0.033443425,-13.064667,-1.1589965,69.39225,-1.8191546,3.6395195,9.521048,0.17940387,11.412855,4.0964117,10.555682,-27.730793,63.940826,-13.402171,6.3637247,9.528085,-5.9955707,-10.865282,15.454405,65.620316,-10.27568,4.7026086,-4.293742
1811,-26.87620735168457,19.561771392822266,75.85690307617188,2.4590346338116844,-2.3921730265131,135.70338298256544,-17.035034,-4.5801315,6.340222,30.818308,-11.858133,2.6461868,-1.6086847,-13.041489,-0.61257714,71.8173,-0.87155026,2.9997945,9.233665,0.01318321,11.622782,3.9230952,10.637204,-27.828074,63.851345,-13.229161,6.338536,9.419506,-5.963143,-10.799028,15.097422,65.67694,-10.748431,4.8844414,-4.4484544
1812,-27.473739624023438,19.861215591430664,75.976806640625,2.4955054583854177,-2.6087125061175818,135.89037370578112,-15.845469,-4.950219,6.179937,30.028255,-12.099591,2.5902436,-3.090673,-12.757753,0.05561299,73.88145,-0.5791316,2.589178,8.953663,-0.118109815,11.834283,3.7236686,10.733769,-27.945309,63.785103,-13.11229,6.3261104,9.36041,-5.925741,-10.741073,14.81079,65.733475,-11.07386,5.0074434,-4.5813856
1813,-28.05695915222168,20.15970802307129,76.09789276123047,2.4902035171931507,-2.8329314596320088,136.06873898135993,-14.639324,-5.266629,5.999145,29.220074,-12.330545,2.5448725,-4.4513845,-12.061303,0.9547003,75.55635,-1.2415787,2.526939,8.682667,-0.19854966,12.049155,3.4853084,10.835803,-28.09036,63.75805,-13.086677,6.3168783,9.364117,-5.878501,-10.7055855,14.617887,65.78228,-11.195177,5.05244,-4.7008514
1814,-28.642078399658203,20.45097541809082,76.216796875,2.4527080588960315,-3.0697372292681373,136.246678871588,-13.411818,-5.5424156,5.793001,28.391079,-12.546711,2.5023646,-5.7043295,-11.030027,2.0126271,76.902885,-2.6503952,2.7444732,8.407917,-0.23352522,12.276757,3.20403,10.930056,-28.249186,63.76999,-13.11195,6.3102217,9.410852,-5.82162,-10.695286,14.498078,65.81308,-11.18103,5.0491047,-4.8019714
1815,-29.228073120117188,20.755388259887695,76.34156036376953,2.3974981385999174,-3.315312863562767,136.42786454554235,-12.152337,-5.793326,5.563935,27.514425,-12.732798,2.452408,-6.8835154,-9.926203,3.0177085,77.97241,-4.3091297,3.0365686,8.141964,-0.24621028,12.514713,2.903587,11.038455,-28.424242,63.787495,-13.140094,6.3277903,9.48471,-5.7427597,-10.702466,14.405486,65.82202,-11.106436,5.0157523,-4.8639817
1816,-29.81342315673828,21.05609130859375,76.46571350097656,2.3333783043827148,-3.564208298022457,136.61423394911367,-10.857702,-6.0289855,5.3128233,26.57435,-12.879459,2.3848224,-8.036301,-8.99901,3.7784753,78.80648,-5.7103915,3.2161644,7.875318,-0.24690327,12.750014,2.5948646,11.143148,-28.588419,63.81689,-13.110061,6.386596,9.574237,-5.64943,-10.719983,14.326499,65.83023,-11.037278,4.972845,-4.871047
1817,-30.399391174316406,21.3562068939209,76.58905792236328,2.2582409103413883,-3.8243147914765556,136.80350435314386,-9.505193,-6.2468123,5.03451,25.545666,-12.977859,2.2885423,-9.168303,-8.2742195,4.27718,79.3819,-6.743608,3.2918146,7.610199,-0.23398314,12.984446,2.2728355,11.240732,-28.750126,63.881042,-13.033034,6.479093,9.6885805,-5.5441513,-10.74417,14.265494,65.847786,-10.9639225,4.9122505,-4.807683
1818,-30.97709083557129,21.665781021118164,76.71585083007812,2.1682875721619403,-4.094439211958088,136.99524155269864,-8.106053,-6.4412665,4.730687,24.447374,-13.036006,2.1726654,-10.26463,-7.6413345,4.6151514,79.68061,-7.665672,3.3419874,7.349037,-0.20365602,13.222213,1.9343543,11.339238,-28.917345,63.97118,-12.932039,6.6003237,9.830009,-5.4249153,-10.777508,14.228236,65.865204,-10.860333,4.8279743,-4.686766
1819,-31.558578491210938,21.976608276367188,76.83649444580078,2.067207758910407,-4.355965210418979,137.19389970107994,-6.704175,-6.613686,4.4119997,23.321571,-13.068965,2.057917,-11.34388,-7.1264462,4.792721,79.74104,-8.51142,3.306344,7.077903,-0.1600985,13.440401,1.5673736,11.404559,-29.053339,64.09986,-12.757776,6.7662234,9.983515,-5.313225,-10.804248,14.209167,65.90989,-10.771546,4.7440805,-4.54535
1820,-32.13227462768555,22.294034957885742,76.95075988769531,1.9597188531978231,-4.589407219064956,137.40336351654275,-5.346056,-6.7670345,4.0900826,22.215292,-13.0901375,1.9655454,-12.4243145,-6.7530017,4.810638,79.60301,-9.31763,3.1269822,6.8351593,-0.11155286,13.64616,1.209699,11.5057125,-29.190714,64.14746,-12.493199,7.006863,10.11725,-5.159323,-10.846809,14.140249,65.906654,-10.747511,4.6805005,-4.39498
1821,-32.704803466796875,22.607778549194336,77.05643463134766,1.8440288061955874,-4.792045241243001,137.62297264454375,-4.038309,-6.8999257,3.7678723,21.137701,-13.100078,1.9063227,-13.514486,-6.5530767,4.631163,79.26964,-10.1004715,2.760632,6.579284,-0.057790928,13.810836,0.8319477,11.568784,-29.255192,64.20616,-12.055878,7.3524837,10.24122,-5.019404,-10.871444,14.075252,65.93946,-10.798657,4.6410856,-4.2554917
1822,-33.273193359375,22.91611671447754,77.15145111083984,1.7179657408571503,-4.973098070011407,137.85149750752285,-2.7597136,-7.0108676,3.4398887,20.069077,-13.094214,1.8691418,-14.596778,-6.4957705,4.2668476,78.71697,-10.842889,2.259722,6.3357058,0.0056845974,13.953243,0.44180176,11.630143,-29.296028,64.248726,-11.497628,7.785954,10.35709,-4.861746,-10.894283,13.991116,65.96773,-10.904385,4.6134906,-4.1041727
1823,-33.842227935791016,23.237350463867188,77.23294830322266,1.5851630141959212,-5.132592752304697,138.09097332552645,-1.519263,-7.101984,3.1055984,19.024666,-13.08593,1.8424624,-15.648485,-6.509407,3.7927177,77.94569,-11.532487,1.7092583,6.1079817,0.07273466,14.091203,0.06166299,11.729125,-29.34913,64.21829,-10.922831,8.238676,10.451111,-4.67982,-10.924583,13.867363,65.961716,-11.05058,4.6018777,-3.9452147
1824,-34.40913391113281,23.563974380493164,77.30703735351562,1.4488629134958149,-5.270726341144703,138.3439408438172,-0.32430485,-7.1752577,2.7643995,18.015347,-13.086145,1.814261,-16.650833,-6.525021,3.2833,76.95889,-12.1538725,1.1894193,5.862664,0.14153595,14.211291,-0.33700514,11.809344,-29.405544,64.18634,-10.414026,8.629433,10.530227,-4.5225306,-10.941643,13.735454,65.97926,-11.215429,4.614358,-3.8070042
1825,-34.97142028808594,23.889684677124023,77.3740463256836,1.308554714636175,-5.384593418174294,138.6085159351184,0.8264938,-7.22931,2.417849,17.02927,-13.088731,1.7797873,-17.604414,-6.570075,2.7017593,75.744804,-12.732429,0.6789672,5.6291876,0.21048263,14.32406,-0.73857534,11.915819,-29.500463,64.0933,-10.01785,8.959285,10.594638,-4.356178,-10.954125,13.545618,65.97346,-11.437461,4.660408,-3.6675496
1826,-35.52524948120117,24.221715927124023,77.42037963867188,1.1624456513850185,-5.475150273511366,138.88395336699767,1.9364802,-7.2628307,2.0664704,16.065964,-13.092837,1.7472774,-18.508476,-6.6559906,2.0208125,74.30284,-13.2703,0.15956213,5.3948493,0.28180534,14.421662,-1.1479076,12.027443,-29.603294,63.966793,-9.6715355,9.259846,10.64812,-4.193963,-10.957419,13.325454,65.96776,-11.709102,4.7343607,-3.5301476
1827,-36.075138092041016,24.544282913208008,77.46802520751953,1.01414108694129,-5.54766437332768,139.17450956012777,2.9969132,-7.281509,1.7093074,15.160408,-13.1158,1.7229756,-19.349365,-6.7023163,1.3333702,72.64863,-13.70771,-0.2944888,5.1587877,0.35282522,14.512951,-1.5646337,12.148295,-29.729305,63.813614,-9.348522,9.514651,10.678489,-4.0382853,-10.953392,13.090674,65.965355,-11.966698,4.8150697,-3.419665
1828,-36.622039794921875,24.86128807067871,77.50038146972656,0.8682134863424248,-5.6073853827899445,139.4843518921213,4.003211,-7.2924466,1.3451362,14.337193,-13.171312,1.7117534,-20.120457,-6.6396165,0.73581976,70.80062,-13.98254,-0.6217351,4.9164004,0.41908002,14.60657,-1.9846653,12.282059,-29.888151,63.6376,-9.019697,9.708266,10.673452,-3.8946807,-10.943651,12.862877,65.97191,-12.1441965,4.8819356,-3.3620126
1829,-37.16190719604492,25.18534278869629,77.51969146728516,0.7198245820089605,-5.652376225697539,139.82593272916907,4.9436255,-7.291453,0.9675742,13.610211,-13.261251,1.7064645,-20.826967,-6.468766,0.23288535,68.74174,-14.082253,-0.8245568,4.655291,0.4826483,14.706913,-2.411418,12.432976,-30.093931,63.43023,-8.684856,9.833371,10.640786,-3.770376,-10.93043,12.646116,65.987335,-12.213361,4.9304943,-3.3719018
1830,-37.69422912597656,25.517772674560547,77.52678680419922,0.5700601562679904,-5.680879065507015,140.19311818341373,5.8295927,-7.2787614,0.5797737,12.951635,-13.3748045,1.7059284,-21.472395,-6.2294765,-0.21622033,66.467766,-14.035777,-0.9390262,4.381894,0.54357076,14.80987,-2.8407826,12.602374,-30.337988,63.18236,-8.357653,9.901149,10.583664,-3.6587298,-10.913506,12.429402,66.006096,-12.212477,4.9716177,-3.4321887
1831,-38.23357391357422,25.84107780456543,77.52043914794922,0.43195033703083485,-5.697904521383414,140.5622704917525,6.677115,-7.269581,0.19554341,12.352662,-13.514865,1.7230304,-22.049486,-5.91812,-0.57763517,64.01079,-13.838656,-0.9598284,4.1176515,0.5914482,14.910959,-3.262699,12.787477,-30.592293,62.91126,-8.027629,9.916186,10.481995,-3.5491726,-10.891916,12.213849,66.029655,-12.175362,5.007706,-3.5223722
1832,-38.77662658691406,26.17495346069336,77.50410461425781,0.3184307045092289,-5.709009380734329,140.91007763002364,7.513404,-7.2789354,-0.17318293,11.780991,-13.675647,1.7705972,-22.552214,-5.532083,-0.8158153,61.40267,-13.486895,-0.883105,3.8829303,0.6167538,15.004796,-3.6687446,12.983138,-30.826868,62.63869,-7.6841664,9.88122,10.316147,-3.4323542,-10.864381,12.001034,66.06144,-12.136511,5.04117,-3.6222894
1833,-39.32648468017578,26.51175308227539,77.47624206542969,0.2307861959601717,-5.714185719355718,141.2301596032945,8.333623,-7.305932,-0.51749206,11.245932,-13.866768,1.851175,-22.978256,-5.065119,-0.8997687,58.62298,-12.991765,-0.714322,3.6840904,0.6203466,15.089004,-4.0605216,13.188299,-31.039345,62.369385,-7.308974,9.771092,10.0671,-3.3086967,-10.831463,11.785529,66.10202,-12.089101,5.074611,-3.7382188
1834,-39.875240325927734,26.853418350219727,77.43307495117188,0.16340464965901993,-5.711609795045698,141.53570394196726,9.132797,-7.345016,-0.8473707,10.746903,-14.08151,1.9558423,-23.32806,-4.5343294,-0.8446621,55.656773,-12.351368,-0.46582666,3.5088701,0.6066423,15.166424,-4.4432583,13.403275,-31.242886,62.09617,-6.913622,9.590775,9.751574,-3.1826575,-10.793406,11.569293,66.15083,-12.019799,5.105967,-3.877207
1835,-40.42919158935547,27.196914672851562,77.3841781616211,0.11878510920170891,-5.703950885455823,141.8317474108361,9.923906,-7.4057817,-1.1779171,10.266403,-14.305125,2.0819254,-23.604137,-3.9721756,-0.68240935,52.55015,-11.541372,-0.14258604,3.3497808,0.5706629,15.237264,-4.812824,13.623744,-31.429691,61.819458,-6.5296946,9.393018,9.403899,-3.0534806,-10.749555,11.365457,66.212456,-11.953717,5.1312027,-4.0212297
1836,-40.98370361328125,27.547969818115234,77.32035827636719,0.10028069534485558,-5.693969286328745,142.12342294828986,10.717208,-7.496771,-1.5235491,9.793391,-14.52572,2.2295322,-23.807655,-3.4091449,-0.44544095,49.34276,-10.537513,0.2528594,3.198177,0.50693715,15.301171,-5.1674,13.842933,-31.592373,61.54457,-6.189027,9.231447,9.05782,-2.9220817,-10.699694,11.188345,66.293655,-11.9157915,5.1466384,-4.1527
1837,-41.540748596191406,27.906301498413086,77.24201965332031,0.1049570695916321,-5.681260976519697,142.41071839922927,11.510416,-7.6175723,-1.8976512,9.329041,-14.745556,2.395102,-23.933456,-2.8332672,-0.0948385,46.002697,-9.318442,0.7221698,3.0543568,0.4190299,15.358094,-5.5109177,14.055306,-31.716955,61.271603,-5.8789134,9.122971,8.704432,-2.7907302,-10.643315,11.041511,66.40051,-11.913811,5.1432314,-4.274396
1838,-42.10802459716797,28.26443862915039,77.15103912353516,0.13557893804513937,-5.665394935995053,142.6923490589873,12.300119,-7.767027,-2.291379,8.878869,-14.969863,2.5797236,-23.979242,-2.2513266,0.38641253,42.51619,-7.9044876,1.2593275,2.9206378,0.3056869,15.406681,-5.8478546,14.26004,-31.811403,61.008003,-5.588946,9.037795,8.332155,-2.6602423,-10.582052,10.918462,66.53169,-11.933866,5.1259785,-4.3941517
1839,-42.69245147705078,28.631336212158203,77.04930114746094,0.19758380036554088,-5.6492060516611975,142.97222402082534,13.099503,-7.9477377,-2.6880023,8.42882,-15.185432,2.7871003,-23.948982,-1.7128971,0.9262313,38.939816,-6.325702,1.8547596,2.7921062,0.16207235,15.445481,-6.1733727,14.45687,-31.89855,60.76427,-5.349943,8.959834,7.9694867,-2.524523,-10.516345,10.817021,66.67678,-11.968388,5.1121926,-4.5005603
1840,-43.2841682434082,29.00050926208496,76.93421173095703,0.29697236404568383,-5.6356883817268555,143.25361930628551,13.925614,-8.162738,-3.070934,7.95648,-15.376913,3.0209653,-23.850536,-1.2631612,1.4504026,35.33077,-4.6107755,2.5023103,2.6650755,-0.018146677,15.473052,-6.482837,14.646015,-32.00135,60.551357,-5.1919684,8.873885,7.6452174,-2.3794866,-10.447815,10.735007,66.82751,-12.00929,5.1193104,-4.582873
1841,-43.88718795776367,29.386707305908203,76.80615997314453,0.44241242035622186,-5.620920744824515,143.53327731920893,14.78058,-8.421261,-3.4379694,7.451708,-15.541082,3.2832174,-23.686193,-0.91450644,1.9912342,31.642664,-2.6526487,3.1954312,2.5446994,-0.24371392,15.479921,-6.7729416,14.82736,-32.128193,60.37434,-5.1534457,8.765769,7.359846,-2.222941,-10.376905,10.681954,66.99123,-12.056593,5.1582875,-4.643056
1842,-44.50371551513672,29.773313522338867,76.66093444824219,0.6284927439556354,-5.606969555066581,143.8151108895987,15.524876,-8.726541,-3.7832084,7.2084274,-15.83477,3.570336,-23.444223,-0.6528914,2.578577,27.842613,-0.46593478,3.9421942,2.427493,-0.50938404,15.4711,-7.047637,15.00059,-32.267624,60.227486,-5.208534,8.648733,7.0999937,-2.0565434,-10.30371,10.654452,67.16848,-12.114238,5.2178407,-4.6850805
1843,-45.13249206542969,30.162033081054688,76.49742889404297,0.8403298900893614,-5.606483164767751,144.11790036272157,16.193567,-9.062881,-4.1219983,7.180024,-16.221146,3.8804646,-23.118702,-0.48417774,3.1250198,24.016499,1.7369713,4.758743,2.2920554,-0.80028117,15.46757,-7.3123283,15.165402,-32.412434,60.10354,-5.2917867,8.547245,6.873296,-1.8803568,-10.228023,10.631601,67.338554,-12.178855,5.2813563,-4.700348
1844,-45.7668571472168,30.552637100219727,76.31663513183594,1.0753085975172012,-5.632770969415744,144.4615901419988,16.885187,-9.422478,-4.4827704,7.1869345,-16.59179,4.214197,-22.699667,-0.4276195,3.5425484,20.243156,3.743434,5.658422,2.1172497,-1.1151271,15.490846,-7.5730863,15.321735,-32.55715,59.996944,-5.3379893,8.48553,6.6877513,-1.6943423,-10.150506,10.591085,67.48175,-12.247876,5.3321657,-4.6804957
1845,-46.40766143798828,30.941625595092773,76.12401580810547,1.3656683044926663,-5.694867774656112,144.85837713449004,17.630396,-9.84472,-4.8833737,7.188783,-16.924057,4.5986605,-22.178925,-0.52696407,3.8463364,16.494667,5.5889254,6.662157,1.8886204,-1.4875401,15.546544,-7.8254523,15.4688225,-32.695644,59.904644,-5.3222404,8.479634,6.551835,-1.4960792,-10.070643,10.531093,67.598595,-12.323396,5.368308,-4.6167073
1846,-47.06349563598633,31.33942413330078,75.9223861694336,1.7248007722843672,-5.791486254603804,145.30884927682985,18.42902,-10.342071,-5.3318667,7.1847873,-17.220818,5.030062,-21.553127,-0.8015886,4.0662107,12.72787,7.3550196,7.7557974,1.6082134,-1.9324156,15.627539,-8.068136,15.607117,-32.83351,59.831615,-5.281191,8.513371,6.4585857,-1.283757,-9.986744,10.461936,67.69694,-12.405565,5.3978367,-4.5154653
1847,-47.72283172607422,31.745725631713867,75.71265411376953,2.1308166228674654,-5.919301120707455,145.80632150634233,19.27624,-10.876937,-5.826105,7.172752,-17.475704,5.459995,-20.793242,-1.2271991,4.131349,8.942717,8.937058,8.896503,1.2894014,-2.4287918,15.735939,-8.312914,15.739607,-32.983196,59.7843,-5.2424045,8.562301,6.3927813,-1.0598806,-9.89916,10.378122,67.76908,-12.490073,5.41771,-4.3921437
1848,-48.382904052734375,32.155235290527344,75.49712371826172,2.547944677898801,-6.068946674275223,146.33313710422001,20.15781,-11.396328,-6.348734,7.1553125,-17.686317,5.839115,-20.344988,-1.7079166,3.9737506,6.1358676,9.712764,10.0347,0.95596665,-2.939551,15.870935,-8.569741,15.869534,-33.155777,59.76424,-5.232649,8.602323,6.3394756,-0.82238805,-9.807291,10.274164,67.79717,-12.572784,5.4293737,-4.2598686
1849,-49.04619216918945,32.568355560302734,75.29175567626953,2.9686405840447065,-6.246678446662723,146.89049762687966,21.080132,-11.892156,-6.884036,7.133662,-17.861076,6.1652985,-21.014078,-2.1568468,3.547458,6.0137434,8.649783,11.238781,0.6117059,-3.4564853,16.04764,-8.852424,15.999286,-33.358818,59.773952,-5.273814,8.628102,6.290884,-0.5677182,-9.711823,10.133038,67.76434,-12.67536,5.4361763,-4.1064925
1850,-49.71989822387695,32.98554611206055,75.08518981933594,3.384886606939894,-6.444485827485845,147.46890118185652,22.034256,-12.361474,-7.4243307,7.1095104,-18.00153,6.4570055,-21.588812,-2.670281,2.8600965,5.9432793,7.2287474,12.498373,0.26030537,-3.968078,16.2529,-9.152242,16.123617,-33.583595,59.810146,-5.3474216,8.651829,6.2571726,-0.29748932,-9.6165905,9.964031,67.68063,-12.791806,5.43672,-3.9289641
1851,-50.3929443359375,33.42006301879883,74.89389038085938,3.765822925124277,-6.624769007239449,148.0274169941211,22.973732,-12.766186,-7.952756,7.0865216,-18.095053,6.693618,-22.08942,-3.2018104,2.0174391,5.9309516,5.6961093,13.641144,-0.086534254,-4.4291897,16.436243,-9.447727,16.208832,-33.79067,59.884445,-5.4058514,8.673263,6.2509646,-0.027126644,-9.548427,9.821655,67.58035,-12.867998,5.4224496,-3.7538364
1852,-51.06647491455078,33.86198806762695,74.72331237792969,4.049864327406082,-6.759774096475456,148.51901576734633,23.862621,-13.032498,-8.436618,7.069979,-18.137068,6.84703,-22.47177,-3.6481652,1.1185971,5.8938627,4.355182,14.505716,-0.3640343,-4.7870407,16.573008,-9.71533,16.286104,-34.00454,59.96289,-5.4318056,8.698175,6.2851486,0.23398082,-9.481171,9.700342,67.49929,-12.874451,5.379123,-3.615041
1853,-51.74087905883789,34.3166389465332,74.57334899902344,4.253079260700489,-6.8286854111654165,148.9452197093737,24.675533,-13.176656,-8.8802,7.056768,-18.13106,6.9073167,-22.806923,-4.000004,0.14138466,5.9470744,3.0973682,15.000033,-0.5593426,-5.069944,16.651068,-9.964012,16.375948,-34.247017,60.04228,-5.4124403,8.730279,6.36997,0.48485312,-9.398736,9.601088,67.4324,-12.781442,5.293806,-3.5230513
1854,-52.42411422729492,34.78889846801758,74.44129180908203,4.372106111085709,-6.868554666849979,149.3088894335819,25.45402,-13.200585,-9.26675,7.0506663,-18.090826,6.8794227,-23.019083,-4.2161174,-0.974938,5.9910297,1.8874323,15.000033,-0.71063304,-5.262451,16.704752,-10.192911,16.448576,-34.46977,60.141335,-5.349426,8.764438,6.4943786,0.7192239,-9.32867,9.5514765,67.374535,-12.604569,5.1771927,-3.4588175
1855,-53.126251220703125,35.25577163696289,74.32269287109375,4.448188528325132,-6.867051446020365,149.6221681459492,26.187347,-13.171442,-9.6123905,7.0427957,-17.977446,6.796003,-23.118269,-4.372646,-2.0778453,6.015537,0.93645173,15.000033,-0.8099647,-5.4081,16.708643,-10.376751,16.525927,-34.69273,60.232506,-5.2840943,8.801118,6.641725,0.9494531,-9.248587,9.507238,67.341644,-12.408516,5.0559154,-3.4182494
1856,-53.83064270019531,35.729713439941406,74.22357177734375,4.495981047738102,-6.830588265907671,149.8661470033933,26.883411,-13.117727,-9.899829,7.0334435,-17.769205,6.6763706,-23.109571,-4.4650626,-3.0552154,6.0424333,0.43731004,15.000033,-0.8678665,-5.5155387,16.651411,-10.471793,16.605045,-34.866905,60.295902,-5.2297053,8.836946,6.7905254,1.1502318,-9.1571045,9.473112,67.38181,-12.246174,4.956112,-3.398184
1857,-54.54521942138672,36.20370864868164,74.14099884033203,4.5062553744179885,-6.770393276224292,150.02116627699564,27.557247,-13.032439,-10.110304,7.0225024,-17.4728,6.539846,-22.938478,-4.4877887,-3.9479554,6.044401,0.5427034,15.000033,-0.8788127,-5.5602455,16.536076,-10.47197,16.658806,-34.97234,60.34896,-5.1818166,8.869385,6.950665,1.3239646,-9.083715,9.482939,67.50884,-12.093276,4.8635793,-3.4066129
1858,-55.26920700073242,36.66534423828125,74.0827407836914,4.474157644689339,-6.682014795077327,150.1028005556576,28.201319,-12.905872,-10.255947,7.0092607,-17.095112,6.3706164,-22.623035,-4.444821,-4.7902427,6.0400167,1.0977526,15.000033,-0.8433236,-5.54573,16.367476,-10.396501,16.697758,-35.033478,60.39516,-5.1344795,8.901036,7.128175,1.4769673,-9.015784,9.527337,67.69911,-11.933597,4.7741165,-3.4443662
1859,-56.025760650634766,37.13763427734375,74.03160095214844,4.356053555001868,-6.561429503818004,150.09933707714842,28.796623,-12.687461,-10.30481,7.033013,-16.663263,6.115731,-22.232052,-4.2125826,-5.489263,6.0501056,1.8683623,14.611534,-0.74919367,-5.435147,16.156897,-10.257332,16.728643,-35.050137,60.42679,-5.087443,8.930293,7.2999454,1.6034184,-8.941794,9.556904,67.92773,-11.819915,4.719718,-3.48386
1860,-56.806922912597656,37.628326416015625,73.99061584472656,4.18154584252481,-6.395579243683142,150.06417223394368,29.324179,-12.410324,-10.31327,7.086669,-16.147099,5.7482247,-21.853153,-3.8377712,-5.9388127,6.1020303,2.6306098,13.988595,-0.6410091,-5.2557125,15.898668,-10.0712185,16.749662,-35.028294,60.437828,-5.039601,8.955651,7.438312,1.7141211,-8.86718,9.510912,68.152145,-11.8073845,4.7341895,-3.4907367
1861,-57.61159133911133,38.12744140625,73.95448303222656,3.949923006386029,-6.157099616056983,150.01258147980764,29.771406,-12.073392,-10.291543,7.139283,-15.543396,5.2651887,-21.46652,-3.3219733,-6.062322,6.158626,3.371226,13.364119,-0.5293575,-5.014417,15.561371,-9.832245,16.76411,-34.976124,60.430424,-4.9947853,8.96763,7.54177,1.8065577,-8.767176,9.354962,68.38893,-11.956328,4.831733,-3.4665706
1862,-58.40607452392578,38.62925338745117,73.95211791992188,3.634112022887771,-5.867999786735612,149.9253734079641,30.159296,-11.647429,-10.219556,7.1982393,-14.859817,4.6801515,-21.027353,-2.6435077,-5.941722,6.2015333,4.2135706,12.685411,-0.39100957,-4.6784773,15.164751,-9.544275,16.763365,-34.900517,60.413464,-4.9553313,8.969755,7.6239257,1.8879555,-8.65381,9.116707,68.64011,-12.223988,4.99279,-3.4238796
1863,-59.19214630126953,39.14011764526367,73.977783203125,3.263056677545229,-5.555210259460441,149.82623605066289,30.14916,-11.2216215,-10.075598,8.017075,-14.45014,3.9963963,-20.611553,-1.8792596,-5.6877003,6.269802,5.14359,11.934651,-0.23902304,-4.2704687,14.742961,-9.23121,16.747662,-34.806377,60.38368,-4.9162073,8.981815,7.6790824,1.9689832,-8.551336,8.822653,68.86538,-12.52062,5.198064,-3.3480458
1864,-59.98691177368164,39.663848876953125,74.01285552978516,2.835618960888293,-5.253254715240499,149.7329215704077,29.862043,-10.771474,-9.9183235,9.400251,-14.16781,3.2105746,-20.246872,-1.0692886,-5.431673,6.331446,6.175237,11.076487,-0.06558992,-3.79536,14.338902,-8.931469,16.722168,-34.71495,60.35277,-4.8750663,9.024003,7.7047186,2.052719,-8.457208,8.480412,69.03823,-12.768198,5.429536,-3.2353742
1865,-60.76650619506836,40.20090866088867,74.08125305175781,2.3246965496891483,-4.9484820177612985,149.65328270073763,29.456081,-10.231317,-9.789929,11.003056,-13.862472,2.3290584,-19.976976,-0.18974817,-5.1497235,6.370983,7.4604874,10.029151,0.14432842,-3.2258255,13.94182,-8.67004,16.685696,-34.652912,60.315895,-4.8077,9.13184,7.6739535,2.162869,-8.353576,8.006007,69.11264,-13.025123,5.7286296,-3.0596788
1866,-61.56725311279297,40.74380111694336,74.15839385986328,1.739274597090363,-4.628412307119345,149.58825347432222,28.949947,-9.612547,-9.69947,12.770286,-13.51749,1.3447776,-20.497917,0.7002786,-4.823943,7.938357,8.139254,8.841724,0.3546893,-2.564335,13.536083,-8.395801,16.649551,-34.584503,60.235775,-4.7216444,9.285672,7.592914,2.294285,-8.269027,7.4462,69.10535,-13.298592,6.0882115,-2.8233864
1867,-62.40827941894531,41.29133224487305,74.22197723388672,1.140901127431639,-4.3253496706472605,149.54131148172277,28.36933,-9.000108,-9.675922,14.6841755,-13.05001,0.23344488,-21.188173,1.5659397,-4.5850954,9.88821,8.526237,7.652925,0.5539186,-1.8877105,13.146317,-8.102561,16.61107,-34.50021,60.15984,-4.671602,9.42143,7.5172863,2.406164,-8.202278,6.9382277,69.108635,-13.461274,6.4202595,-2.587984
1868,-63.26311111450195,41.84149932861328,74.29884338378906,0.5941077805806552,-4.0737629633139,149.50834829792018,27.742012,-8.48385,-9.741112,16.723597,-12.378013,-1.0251497,-21.728714,2.331543,-4.509327,11.741905,8.565843,6.58521,0.7345706,-1.2728817,12.8005085,-7.7828054,16.563536,-34.38406,60.13647,-4.7101693,9.47446,7.5036726,2.4554346,-8.15717,6.6196547,69.21125,-13.383376,6.6385283,-2.415831
1869,-64.09416198730469,42.39204406738281,74.3897705078125,0.11833168373048973,-3.8903524084549286,149.47308663963284,27.061663,-8.098367,-9.898469,18.950495,-11.487656,-2.4273808,-22.161161,2.9427314,-4.6063824,13.695848,8.008516,5.6915803,0.90332323,-0.7410446,12.507211,-7.3969254,16.530312,-34.23469,60.144943,-4.9091635,9.397836,7.579572,2.4455462,-8.14999,6.538638,69.43814,-12.890749,6.6876225,-2.3266907
1870,-64.92655181884766,42.91489028930664,74.47498321533203,-0.31410389833437097,-3.759214115877611,149.4303696318356,26.32304,-7.8105626,-10.140913,21.35798,-10.427507,-3.9620936,-22.517902,3.4213438,-4.789663,15.737884,7.0221066,4.8833385,1.0159401,-0.24806002,12.25083,-6.9718647,16.443361,-33.95918,60.235252,-5.163458,9.225652,7.704548,2.3310778,-8.187665,6.663386,69.80152,-12.099072,6.6250463,-2.2922907
1871,-65.74042510986328,43.41981887817383,74.56026458740234,-0.703253225847277,-3.663996306108008,149.3885330344205,25.519388,-7.62316,-10.465736,23.89591,-9.227598,-5.635869,-22.781006,3.7939057,-4.9770255,17.72961,5.83411,4.0784173,1.1344799,0.21016523,12.042782,-6.531011,16.352861,-33.670578,60.32445,-5.434222,9.044563,7.850746,2.1796348,-8.268765,6.9154654,70.17355,-11.282483,6.5330634,-2.2752142
1872,-66.53704071044922,43.90975570678711,74.64385986328125,-1.0499401788844995,-3.5898204048191236,149.3585814590171,24.647625,-7.5382395,-10.870452,26.512909,-7.919366,-7.4590163,-22.92534,4.1242785,-5.106167,19.500679,4.702218,3.202129,1.2478721,0.6333363,11.891325,-6.102731,16.256207,-33.352184,60.39569,-5.606825,8.931535,7.9812922,1.9704602,-8.379387,7.2686143,70.5147,-10.726971,6.495404,-2.2549055
1873,-67.32662200927734,44.385562896728516,74.73233032226562,-1.3501206491615243,-3.5378767034476373,149.3334145341595,23.73805,-7.5740886,-11.362168,29.187435,-6.484761,-9.596057,-22.958605,4.468946,-5.157178,21.033146,3.6795998,2.1797132,1.3590959,1.0133022,11.80238,-5.674565,16.149723,-32.966217,60.44957,-5.6115656,8.90209,8.1016245,1.6848445,-8.514027,7.749002,70.85779,-10.495316,6.515969,-2.2237897
1874,-68.10377502441406,44.852149963378906,74.82939147949219,-1.6003019548361113,-3.517035124977419,149.30541784782224,22.76767,-7.755056,-11.948073,32.010853,-4.9519706,-11.99615,-22.893354,4.809029,-5.158626,22.408667,2.647971,1.0817431,1.4687601,1.3457308,11.773136,-5.240715,16.032515,-32.51627,60.500256,-5.5146184,8.916406,8.226188,1.3285441,-8.671712,8.368839,71.22347,-10.441483,6.5563,-2.196933
1875,-68.87081146240234,45.30924606323242,74.93524169921875,-1.811923178431558,-3.5196717307106136,149.28945674315423,21.671768,-8.0778885,-12.6225195,35.050545,-3.4066098,-14.361672,-22.705915,5.1218657,-5.1439376,23.580017,1.6292728,0.047227245,1.5777678,1.6456143,11.79234,-4.848516,15.909648,-32.0825,60.55513,-5.42255,8.969811,8.336649,0.9392997,-8.846971,9.063729,71.53378,-10.537697,6.637022,-2.189101
1876,-69.63825225830078,45.74198913574219,75.04180908203125,-1.94107323214833,-3.5399364107134836,149.29739735943016,20.410686,-8.558189,-13.043652,38.276535,-1.8452173,-15.000033,-22.433357,5.3028517,-5.1065617,24.642286,0.56679565,-0.76076764,1.6955689,1.882707,11.849514,-4.54574,15.789342,-31.755936,60.62296,-5.444523,9.057327,8.415299,0.5535465,-9.034338,9.759173,71.71005,-10.757471,6.7790976,-2.2156105
1877,-70.39523315429688,46.147789001464844,75.14826965332031,-1.939047840765678,-3.590253601595405,149.33463378133953,18.954105,-9.211648,-13.355274,41.73267,-0.019595038,-15.000033,-22.076344,5.2914157,-5.045377,25.644135,-0.60402423,-1.295153,1.8266943,1.9987373,11.965906,-4.346107,15.6769,-31.558767,60.695858,-5.628476,9.214359,8.4575,0.17421454,-9.226601,10.436734,71.7124,-11.187653,7.036868,-2.2772489
1878,-71.1304931640625,46.54530715942383,75.25884246826172,-1.9557009097593854,-3.661392214743721,149.40529894983155,17.303658,-9.889974,-13.67667,45.477043,1.9444563,-15.000033,-21.533566,5.2789416,-5.050553,26.32458,-1.7292227,-1.6765511,1.9601082,2.134361,12.129773,-4.2243547,15.574002,-31.451962,60.772335,-5.9129276,9.431251,8.473761,-0.2154305,-9.4207115,11.127475,71.5888,-11.814272,7.383628,-2.3654928
1879,-71.86214447021484,46.93661880493164,75.37098693847656,-1.9916018308630021,-3.7292122235610723,149.49808072255908,15.553871,-10.513953,-13.932938,49.21042,3.6819801,-15.000033,-20.883547,5.275149,-5.0943737,26.768679,-2.779463,-1.9499989,2.1039345,2.2877638,12.306434,-4.1634355,15.4817,-31.432383,60.86457,-6.241127,9.637229,8.468327,-0.6090033,-9.620512,11.83103,71.38719,-12.4576,7.7193556,-2.481591
1880,-72.56620788574219,47.31700897216797,75.48344421386719,-2.0490483577491734,-3.769110664222548,149.6028572671192,13.779777,-10.999159,-14.073059,52.66851,4.8118014,-15.000033,-20.202503,5.290438,-5.1480455,27.054285,-3.7205613,-2.1585684,2.2672708,2.4609346,12.460663,-4.1485553,15.399808,-31.50053,60.985718,-6.5579753,9.761007,8.444268,-0.9983364,-9.832988,12.54273,71.15354,-12.939371,7.9429297,-2.6294537
1881,-73.25572967529297,47.69789123535156,75.5981674194336,-2.1522846476239126,-3.761196564157341,149.73183366061545,11.964313,-11.358079,-14.19369,55.87332,5.1929626,-15.000033,-19.500303,5.341766,-5.2338586,27.148516,-4.526862,-2.2888668,2.4445438,2.6786232,12.575551,-4.205484,15.331937,-31.705835,61.158363,-6.9085884,9.76885,8.390605,-1.3835602,-10.064131,13.26481,70.87162,-13.229095,8.038913,-2.8197908
1882,-73.93707275390625,48.067169189453125,75.71097564697266,-2.297737981138964,-3.719579668818132,149.88203042632605,10.076463,-11.650317,-14.34438,58.952057,5.031703,-15.000033,-18.747967,5.426446,-5.36055,27.026405,-5.220241,-2.3301156,2.6379268,2.939598,12.669777,-4.33201,15.278008,-32.033806,61.364616,-7.304284,9.70429,8.307842,-1.7670621,-10.313221,13.99587,70.52015,-13.416451,8.056709,-3.0470552
1883,-74.60173034667969,48.425384521484375,75.82786560058594,-2.4475277172289025,-3.668683235525096,150.02892749608696,8.1614485,-11.839744,-14.421102,61.801323,4.482346,-15.000033,-17.954918,5.5224466,-5.4824343,26.772411,-5.833527,-2.325692,2.8593092,3.2061138,12.758459,-4.4704323,15.229116,-32.382145,61.559235,-7.633362,9.6116495,8.216842,-2.1490462,-10.578755,14.729314,70.14331,-13.50237,7.992097,-3.2942967
1884,-75.25591278076172,48.77671432495117,75.9546127319336,-2.565967073228035,-3.6332924834243174,150.14602370542804,6.254117,-11.874842,-14.319177,64.325226,3.6917887,-15.000033,-17.13221,5.6098533,-5.552949,26.471401,-6.398414,-2.3178022,3.1196048,3.4433782,12.855145,-4.5640593,15.172303,-32.646076,61.70377,-7.7827635,9.53411,8.139968,-2.5313308,-10.860101,15.4625025,69.78938,-13.48683,7.840409,-3.5450358
1885,-75.91009521484375,49.12841033935547,76.0851058959961,-2.650664597675083,-3.616764868685824,150.2247633133271,4.341473,-11.728857,-14.034279,66.51948,2.5473907,-15.000033,-16.279764,5.6918902,-5.556312,26.127201,-6.9079375,-2.307172,3.4292915,3.6511755,12.960279,-4.609537,15.096512,-32.805023,61.805885,-7.654897,9.470298,8.0746975,-2.9125044,-11.161431,16.213,69.4623,-13.31861,7.5582714,-3.816231
1886,-76.55770874023438,49.479827880859375,76.21910095214844,-2.723002866980641,-3.6057962015948757,150.27813603039965,2.4058673,-11.413509,-13.636388,68.43639,1.017669,-15.000033,-15.389674,5.7812715,-5.5169845,25.690735,-7.344165,-2.274041,3.7788591,3.8525603,13.062554,-4.6397495,14.999715,-32.90984,61.89481,-7.3311243,9.399651,8.013723,-3.2947376,-11.485392,16.98102,69.140945,-13.015098,7.161935,-4.1078444
1887,-77.20897674560547,49.831451416015625,76.3558120727539,-2.785648159146328,-3.6023504801056294,150.3100498640352,0.476441,-10.924701,-13.125861,70.06349,-0.6314716,-15.000033,-14.458918,5.8758645,-5.448846,25.169888,-7.72334,-2.2296665,4.154019,4.0514545,13.161171,-4.6458397,14.883905,-32.960102,61.95462,-6.9611955,9.338082,7.972172,-3.6807158,-11.823075,17.734955,68.83704,-12.67829,6.732624,-4.378783
1888,-77.86209106445312,50.17380142211914,76.49835205078125,-2.840493708289545,-3.6090808414881104,150.32491379643983,-1.4151397,-10.263293,-12.501957,71.38654,-2.1324458,-15.000033,-13.483746,5.9733205,-5.3664103,24.572495,-8.061655,-2.1860044,4.5377803,4.247387,13.256471,-4.6186967,14.75491,-32.955,61.97267,-6.696043,9.299676,7.964176,-4.071804,-12.158807,18.443808,68.5577,-12.410688,6.358757,-4.5909524
1889,-78.51873779296875,50.51430892944336,76.64308166503906,-2.872807019019124,-3.633994075130014,150.31066785645444,-3.2616172,-9.400277,-11.705514,72.38595,-3.4298856,-15.000033,-12.458415,6.0633245,-5.2536936,23.90749,-8.366668,-2.1461103,4.9407725,4.42156,13.3536215,-4.548686,14.617282,-32.885384,61.93402,-6.5656686,9.30264,8.002915,-4.4732294,-12.484278,19.112677,68.322525,-12.215767,6.035987,-4.7521787
1890,-79.1685791015625,50.86129379272461,76.78466796875,-2.7542956247436137,-3.6965737918123294,150.26915529620786,-5.0400605,-8.4167,-10.632135,72.994835,-4.6099167,-15.000033,-11.482429,5.983787,-5.0567555,23.446537,-8.779256,-2.0689511,5.364706,4.445757,13.485788,-4.440271,14.472378,-32.75465,61.84696,-6.493495,9.335199,8.077758,-4.8873205,-12.800276,19.75395,68.129654,-12.048475,5.7279882,-4.88012
1891,-79.82335662841797,51.190948486328125,76.92252349853516,-2.603131763287176,-3.7727074948371335,150.22170645544603,-6.7644906,-7.157459,-9.203002,73.29954,-5.759551,-14.21642,-10.496227,5.858101,-4.843693,22.997963,-9.19651,-1.9694622,5.78828,4.4439883,13.622682,-4.3059998,14.323712,-32.58461,61.7304,-6.4730196,9.369076,8.1668415,-5.310416,-13.102373,20.349026,67.957924,-11.932745,5.4744177,-4.954573
1892,-80.48971557617188,51.520103454589844,77.05744934082031,-2.4761880720333314,-3.8469532854189845,150.18917701116172,-8.408652,-5.682713,-7.557052,73.34854,-6.948417,-12.63131,-9.4824915,5.741551,-4.6557574,22.486223,-9.576604,-1.8540409,6.191814,4.4705896,13.747696,-4.1588826,14.176218,-32.399075,61.603767,-6.498491,9.376454,8.248618,-5.741694,-13.385082,20.876335,67.79098,-11.894724,5.314699,-4.956726
1893,-81.14297485351562,51.841217041015625,77.1822738647461,-2.3895409669324685,-3.9217010668176333,150.1782100500303,-9.93917,-4.1253924,-5.940474,73.142654,-8.278477,-11.018074,-8.422957,5.659643,-4.5067005,21.876835,-9.896465,-1.7395066,6.573536,4.530575,13.86198,-3.995167,14.033007,-32.188522,61.46172,-6.593298,9.34913,8.324862,-6.184162,-13.644018,21.32001,67.63341,-11.962398,5.2808084,-4.8615365
1894,-81.80616760253906,52.17153549194336,77.29856872558594,-2.3221290622673516,-4.001548492695764,150.1768442742178,-11.350984,-2.496441,-4.2957344,72.66459,-9.715762,-9.391968,-7.320663,5.594189,-4.3768253,21.189203,-10.169214,-1.6239276,6.943787,4.602512,13.9695425,-3.8078952,13.895712,-31.947426,61.292297,-6.754162,9.3042965,8.404458,-6.6399684,-13.879107,21.69361,67.49747,-12.116958,5.3440886,-4.6873355
1895,-82.47675323486328,52.49695587158203,77.39932250976562,-2.2623486399428137,-4.075483049928935,150.1793712176386,-12.649426,-0.9151647,-2.6934988,71.9307,-11.109972,-7.843205,-6.2095375,5.5296783,-4.2585926,20.467176,-10.425622,-1.4943624,7.2990584,4.6766253,14.063466,-3.6043482,13.765815,-31.701693,61.111153,-6.93077,9.245898,8.475733,-7.1069016,-14.093001,22.021158,67.37589,-12.310823,5.4535027,-4.4798856
1896,-83.15792846679688,52.81947326660156,77.49153137207031,-2.20014577627254,-4.131513045556396,150.18059793602143,-13.851988,0.5161206,-1.1972709,70.95709,-12.298223,-6.440554,-5.119669,5.4523764,-4.1463223,19.744488,-10.691349,-1.3378098,7.6365685,4.745926,14.136112,-3.3936548,13.644685,-31.48074,60.933903,-7.0758567,9.179228,8.527309,-7.5793657,-14.289308,22.32343,67.256744,-12.497333,5.558729,-4.2846627
1897,-83.84272766113281,53.14453887939453,77.57323455810547,-2.1340300527238396,-4.165806545952391,150.18566366965072,-14.983233,1.8279709,0.2450557,69.742325,-13.261955,-5.112725,-4.049549,5.3574586,-4.046546,19.00937,-10.967649,-1.1448663,7.9500504,4.80897,14.183467,-3.1762555,13.534247,-31.295605,60.76258,-7.179056,9.094331,8.541364,-8.0594015,-14.469997,22.60684,67.140396,-12.682282,5.6687217,-4.0983047
1898,-84.51052856445312,53.452735900878906,77.63829040527344,-2.0681041946896093,-4.183703096593286,150.19627881257315,-16.03464,3.049821,1.6727954,68.27532,-14.072977,-3.8468316,-2.9851396,5.251991,-3.961422,18.247063,-11.24184,-0.92637444,8.242065,4.867916,14.2098055,-2.946015,13.434924,-31.12977,60.5871,-7.265062,8.9925,8.528555,-8.548281,-14.636254,22.85878,67.03052,-12.885117,5.8025317,-3.9010406
1899,-85.19403076171875,53.76655578613281,77.69548034667969,-2.003928649288738,-4.186271080978189,150.20272720343428,-16.99248,4.100796,3.0020785,66.561485,-14.685032,-2.7743886,-1.9429464,5.1415486,-3.8804586,17.494635,-11.521999,-0.6983356,8.522508,4.9250293,14.220154,-2.703965,13.344174,-30.97407,60.40572,-7.3398275,8.895939,8.519863,-9.035994,-14.789126,23.071589,66.91608,-13.077029,5.925849,-3.7137337
1900,-85.87700653076172,54.071895599365234,77.74083709716797,-1.9445044645578895,-4.174547495552795,150.1950174985985,-17.850868,4.914044,4.140621,64.60308,-15.036973,-2.0148082,-0.9387009,5.0334415,-3.7931726,16.785868,-11.813051,-0.47552943,8.801599,4.983958,14.218286,-2.4529016,13.257448,-30.818878,60.21965,-7.408716,8.826625,8.546996,-9.514368,-14.930892,23.236603,66.788376,-13.230317,6.0044117,-3.5579174
1901,-86.56361389160156,54.373382568359375,77.7685775756836,-1.88790212951245,-4.144145361645581,150.1724020761407,-18.625278,5.4925303,5.073444,62.374214,-15.050577,-1.5869004,0.027772991,4.925427,-3.6976883,16.107048,-12.11066,-0.24863136,9.07874,5.044026,14.201074,-2.1959524,13.171443,-30.670088,60.026424,-7.4832106,8.795622,8.625882,-9.984676,-15.06289,23.344398,66.646805,-13.3389845,6.0228214,-3.4305131
1902,-87.25740814208984,54.67833709716797,77.78736114501953,-1.8361972767037034,-4.095489353843259,150.1395468185202,-19.328976,5.8878684,5.846194,59.878433,-14.756483,-1.4047366,0.9589775,4.8174176,-3.6006894,15.454267,-12.413751,-0.013552319,9.350384,5.107104,14.165817,-1.9341056,13.084939,-30.531876,59.8318,-7.5573897,8.789133,8.737795,-10.449817,-15.186582,23.399487,66.49601,-13.418329,6.001862,-3.323258
1903,-87.95785522460938,54.97553253173828,77.79240417480469,-1.7971374235837076,-4.03694471370794,150.09468791528442,-19.95626,6.1162686,6.445919,57.15986,-14.251347,-1.4228523,1.865332,4.720274,-3.501138,14.831016,-12.723293,0.20832632,9.623048,5.181333,14.119137,-1.6659455,12.995727,-30.390461,59.64729,-7.608037,8.791419,8.861439,-10.901665,-15.302898,23.418753,66.330925,-13.465896,5.9616823,-3.249612
1904,-88.6565170288086,55.26925277709961,77.78292083740234,-1.778655182978561,-3.9774577642253095,150.0357363664281,-20.499413,6.19797,6.854613,54.259727,-13.636283,-1.5957985,2.754872,4.645384,-3.397668,14.245046,-13.040206,0.39523757,9.902468,5.275594,14.067332,-1.3891009,12.901021,-30.229935,59.484142,-7.6112227,8.786909,8.975406,-11.332046,-15.411844,23.418568,66.14672,-13.480486,5.922781,-3.222718
1905,-89.36131286621094,55.56399917602539,77.75930786132812,-1.7776631232934004,-3.906320450630798,149.95638750586167,-20.980747,6.107651,6.9963975,51.154358,-12.874904,-1.9265269,3.6030726,4.59126,-3.2857761,13.715861,-13.369814,0.53586006,10.19569,5.386347,14.0054865,-1.1086742,12.798514,-30.04605,59.345264,-7.5382576,8.765748,9.080423,-11.744185,-15.513535,23.397507,65.93562,-13.457198,5.891793,-3.2574997
1906,-90.06993103027344,55.85417938232422,77.7186279296875,-1.7941404629389313,-3.8238449858063466,149.8585132051659,-21.39131,5.8820653,6.8786683,47.822426,-11.934608,-2.4078314,4.4171696,4.5564213,-3.165488,13.228661,-13.706773,0.644052,10.497964,5.513362,13.931302,-0.8251821,12.68733,-29.84646,59.228165,-7.4089293,8.738108,9.186115,-12.141918,-15.608974,23.350113,65.70326,-13.397654,5.858796,-3.3430784
1907,-90.78730010986328,56.14508819580078,77.66407012939453,-1.8411124291977328,-3.7555216994576694,149.75281297040863,-21.681602,5.628535,6.6133766,44.314472,-10.919484,-2.984455,5.2554297,4.553028,-3.041807,12.734696,-14.0349865,0.7356618,10.797582,5.672705,13.856335,-0.5293548,12.567023,-29.633867,59.133205,-7.2720566,8.718652,9.284174,-12.516247,-15.696653,23.285435,65.46721,-13.310926,5.8135567,-3.4547367
1908,-91.52059936523438,56.439693450927734,77.5941390991211,-1.931050109821702,-3.726751583382276,149.64985361992467,-21.804567,5.438913,6.3240857,40.67612,-9.927285,-3.6110563,6.16651,4.5922265,-2.9201636,12.204835,-14.3437805,0.8262666,11.081213,5.8784957,13.79062,-0.21197559,12.438147,-29.40961,59.062225,-7.176734,8.721568,9.366432,-12.859737,-15.775258,23.21728,65.24022,-13.204426,5.7530336,-3.5669498
1909,-92.258056640625,56.72977066040039,77.50458526611328,-2.071492404564769,-3.74636366154749,149.54599877511782,-21.70611,5.3081903,6.0100956,36.80048,-8.943647,-4.3685107,7.171846,4.683766,-2.7911696,11.615359,-14.629718,0.9150768,11.350563,6.1422896,13.737517,0.13119626,12.300257,-29.170076,59.01827,-7.1368575,8.755323,9.431088,-13.172333,-15.844698,23.148537,65.023056,-13.070939,5.673079,-3.6885645
1910,-93.00851440429688,57.025264739990234,77.39801788330078,-2.2588267990774065,-3.802271577069985,149.43381743551515,-21.405169,5.218217,5.61285,32.66311,-7.9149756,-5.2391653,8.24928,4.8256016,-2.6488185,10.97598,-14.89114,0.9943199,11.614248,6.4594226,13.690862,0.49471352,12.153163,-28.915016,58.999416,-7.1259537,8.810724,9.48241,-13.457799,-15.904634,23.073978,64.80965,-12.908731,5.5773697,-3.8275993
1911,-93.78260040283203,57.332969665527344,77.27896881103516,-2.486736455711839,-3.8878222777599913,149.3179906399152,-20.97391,5.2160563,5.18671,28.440279,-6.873682,-6.045519,9.389904,5.00941,-2.5023985,10.290855,-15.11694,1.0699184,11.86957,6.8180017,13.646727,0.87549,11.99886,-28.649063,58.99735,-7.1320124,8.875221,9.521032,-13.717958,-15.953211,22.992569,64.609886,-12.736196,5.4706225,-3.9580386
1912,-94.56220245361328,57.63058090209961,77.14256286621094,-2.7474280514511102,-3.995389385183433,149.20447276984234,-20.501005,5.3327146,4.794358,24.334776,-5.859201,-6.6219625,10.583731,5.224883,-2.3626406,9.564651,-15.295954,1.1490963,12.112378,7.2034297,13.601531,1.2712346,11.840943,-28.37652,59.00206,-7.1427383,8.9366255,9.547268,-13.956113,-15.987354,22.903662,64.43709,-12.571082,5.35588,-4.0546994
1913,-95.36050415039062,57.938690185546875,76.98787689208984,-3.054667671846422,-4.134857139975656,149.09738641042455,-20.009352,5.56588,4.378738,20.3716,-4.847028,-6.9092317,11.869304,5.4889393,-2.2398746,8.745089,-15.408392,1.2314532,12.33745,7.6277337,13.558581,1.6969607,11.681097,-28.080622,59.004436,-7.1581974,8.991778,9.562357,-14.169597,-16.003994,22.806862,64.2898,-12.412741,5.230989,-4.1124167
1914,-96.16000366210938,58.240692138671875,76.81905364990234,-3.411346135641226,-4.307584155772767,148.9866883060165,-19.462973,5.902979,3.9470747,16.46637,-3.8320208,-7.0115814,13.250956,5.804302,-2.1135867,7.8241453,-15.452815,1.3153019,12.553582,8.097034,13.517928,2.1517322,11.519852,-27.762554,59.007977,-7.18353,9.047291,9.565503,-14.36066,-16.001848,22.703306,64.16685,-12.254484,5.094519,-4.1447606
1915,-96.96510314941406,58.54994583129883,76.63841247558594,-3.7908946154928547,-4.492515433027389,148.85937385116299,-18.875912,6.3344326,3.6639173,12.679699,-2.886158,-7.0215964,14.435541,6.127033,-1.9768441,7.357036,-15.700004,1.4063388,12.775848,8.584237,13.469908,2.6095853,11.359958,-27.456633,59.022167,-7.2158265,9.106639,9.554261,-14.538648,-15.982628,22.596283,64.07358,-12.101956,4.9581327,-4.152793
1916,-97.76953887939453,58.859519958496094,76.45414733886719,-4.166829636982066,-4.669426299084729,148.7047720067328,-18.219006,6.8337283,3.6963265,8.984347,-2.0367002,-7.0380516,15.404808,6.4258013,-1.8037816,7.3209457,-16.11746,1.5089109,13.026209,9.054447,13.413859,3.0652242,11.242623,-27.210592,59.01362,-7.2623973,9.17636,9.520556,-14.694584,-15.958654,22.475523,63.98535,-11.961414,4.8327417,-4.133736
1917,-98.5854263305664,59.16975021362305,76.26537322998047,-4.538364169721552,-4.832910964203533,148.5266643392401,-18.149782,7.427114,4.042644,6.7242928,-2.0783236,-7.0638447,16.35162,6.710303,-1.5784138,7.295529,-16.490416,1.6175793,13.283186,9.520359,13.330194,3.4707637,11.089966,-26.99715,59.075012,-7.3051224,9.256968,9.467744,-14.8617735,-15.915716,22.371696,63.951885,-11.830703,4.7213707,-4.0919666
1918,-99.41181182861328,59.47766876220703,76.07686614990234,-4.9020539376598995,-4.988547093468029,148.341456126061,-19.006678,8.113743,4.5445805,6.584983,-3.3242044,-7.0706115,17.28732,6.9749737,-1.3266284,7.2791634,-16.826384,1.7358922,13.558251,9.960099,13.246164,3.893587,11.002062,-26.838799,59.08061,-7.371098,9.354431,9.384794,-14.981165,-15.8836565,22.246044,63.884335,-11.702971,4.6170444,-4.0164967
1919,-100.24937438964844,59.78288650512695,75.89393615722656,-5.228081276119524,-5.132322800703898,148.1605499498645,-19.773268,8.773805,5.2247562,6.495712,-4.5244646,-7.109499,18.205507,7.176191,-1.0585884,7.2753677,-17.108559,1.8797323,13.808133,10.363557,13.14636,4.2599077,10.866611,-26.709715,59.17854,-7.425246,9.440597,9.303347,-15.1202345,-15.821605,22.118736,63.895603,-11.597263,4.5211844,-3.930073
1920,-101.10391235351562,60.06764221191406,75.71263885498047,-5.479899386765294,-5.257036645588609,148.00392426105228,-20.44823,9.332608,5.983659,6.5329275,-5.5617414,-7.212886,19.103874,7.2597127,-0.7964482,7.2892714,-17.32938,2.0720441,14.024259,10.688255,13.052658,4.58933,10.734969,-26.64815,59.314526,-7.4815354,9.503906,9.2315445,-15.25181,-15.7477665,21.966784,63.947002,-11.513139,4.4338894,-3.836864
1921,-101.96106719970703,60.34550094604492,75.55097961425781,-5.675804669294199,-5.374594633839747,147.8417198548023,-20.953074,9.836264,6.919732,6.5597577,-6.36189,-7.4640303,19.98248,7.2552586,-0.51291376,7.3138676,-17.475327,2.3003426,14.227595,10.958808,12.978374,4.9043036,10.630227,-26.669357,59.446133,-7.5476394,9.541958,9.168677,-15.377461,-15.679029,21.79287,64.023735,-11.455242,4.358703,-3.7124176
1922,-102.82771301269531,60.62731170654297,75.40387725830078,-5.825019462512119,-5.482412099523256,147.67922850527881,-21.30777,10.295314,8.051177,6.5765758,-6.98999,-7.819428,20.841913,7.180495,-0.21757928,7.3474817,-17.555014,2.560207,14.41709,11.183086,12.913841,5.197617,10.540133,-26.762142,59.589626,-7.6214595,9.562842,9.108813,-15.491817,-15.610394,21.598547,64.12488,-11.419512,4.2942824,-3.5601752
1923,-103.70550537109375,60.90070724487305,75.27001953125,-5.9278060729881465,-5.574231864708021,147.54230666760668,-21.512655,10.663672,9.1842165,6.5867395,-7.3912053,-8.131063,21.68169,7.041071,0.066412814,7.3887334,-17.556818,2.855918,14.571989,11.353874,12.847162,5.48865,10.468097,-26.887806,59.740757,-7.684808,9.573953,9.043053,-15.56789,-15.547693,21.387138,64.23557,-11.391975,4.2337117,-3.4146662
1924,-104.58879089355469,61.17070770263672,75.1498794555664,-5.981037386995646,-5.64412636825103,147.45645449180222,-21.570036,10.892906,10.123832,6.59172,-7.5167475,-8.245186,22.50204,6.83791,0.3179088,7.4341354,-17.467098,3.1909719,14.711469,11.463792,12.730239,5.719265,10.356888,-27.060526,60.020912,-7.7297544,9.574849,8.986782,-15.597853,-15.440007,21.10531,64.420815,-11.393709,4.1687846,-3.326274
1925,-105.47977447509766,61.429534912109375,75.03717803955078,-5.989674541720589,-5.704384672133615,147.42399627042272,-21.44028,10.984241,10.821564,6.5936847,-7.365101,-8.0980625,23.318642,6.5724874,0.53837013,7.4848547,-17.299143,3.5623252,14.784295,11.516434,12.600118,5.9648404,10.25522,-27.230623,60.34083,-7.749849,9.54649,8.921176,-15.571525,-15.324724,20.825489,64.63651,-11.381487,4.0867596,-3.3040185
1926,-106.38731384277344,61.68867874145508,74.9433822631836,-5.94841332467757,-5.753025839533718,147.43184708208364,-21.137754,10.953757,11.382158,6.5916047,-6.965667,-7.7639565,23.955101,6.241833,0.71494037,7.9043436,-17.24725,3.9715621,14.813962,11.508896,12.460143,6.2105436,10.165871,-27.425314,60.69659,-7.755139,9.494362,8.850398,-15.492941,-15.203947,20.52917,64.87546,-11.368055,3.9958756,-3.324211
1927,-107.30455780029297,61.95235824584961,74.8646240234375,-5.835314201879552,-5.76290415989486,147.48167745453986,-20.743761,10.771343,11.842954,6.583942,-6.322728,-7.297792,24.240965,5.832439,0.82295674,8.982548,-17.434973,4.428671,14.804129,11.414344,12.302761,6.4548864,10.085861,-27.610065,61.050392,-7.7266407,9.471198,8.765841,-15.363464,-15.085008,20.199911,65.1047,-11.369277,3.9202158,-3.355743
1928,-108.24722290039062,62.223392486572266,74.79893493652344,-5.6299565318419065,-5.706509408978508,147.5749627571477,-20.339836,10.405664,12.240596,6.5659237,-5.4342513,-6.760362,24.404072,5.3248796,0.883099,10.166108,-17.537054,4.9426804,14.773179,11.204345,12.101443,6.66556,9.9892845,-27.769777,61.41736,-7.6494374,9.527503,8.669191,-15.200817,-14.944324,19.800838,65.33295,-11.415174,3.8865862,-3.376655
1929,-109.18946075439453,62.47390365600586,74.78145599365234,-5.30768530997777,-5.564138180122507,147.71507178287166,-19.919493,9.813622,12.589516,6.533378,-4.2329087,-6.1874385,24.43713,4.683435,0.8823921,11.42646,-17.560713,5.514943,14.704874,10.856046,11.855085,6.852975,9.875672,-27.882988,61.785538,-7.483972,9.684256,8.538534,-14.994836,-14.794981,19.335484,65.531364,-11.508871,3.917538,-3.3791227
1930,-110.14044189453125,62.713111877441406,74.78347778320312,-4.87537652886145,-5.353287253481079,147.8989364774251,-19.48511,9.010527,12.869476,6.5522656,-2.771744,-5.5495276,24.330545,3.9067783,0.83553267,12.843729,-17.559153,6.144551,14.599921,10.382688,11.5795965,7.0257053,9.756787,-27.965063,62.147507,-7.2485003,9.912767,8.378427,-14.72975,-14.654777,18.818018,65.68624,-11.633907,3.9944084,-3.372332
1931,-111.11730194091797,62.96068572998047,74.78131103515625,-4.363727350705681,-5.105159300218885,148.1075481106939,-19.090424,8.061005,13.081528,6.6335216,-1.1738483,-4.816639,24.08637,3.039881,0.79579777,14.467496,-17.504957,6.828102,14.477055,9.819436,11.288883,7.1868696,9.633964,-28.012152,62.486153,-7.0041156,10.183863,8.219175,-14.419976,-14.525108,18.28051,65.811516,-11.764523,4.0823975,-3.3535373
1932,-112.09947967529297,63.19422912597656,74.79192352294922,-3.8318227400991023,-4.858286961052541,148.31225925420412,-18.87538,7.0984244,13.210697,6.999437,0.324386,-3.9584064,23.746815,2.165225,0.83251685,16.263857,-17.319939,7.5536895,14.354755,9.233248,10.997052,7.352993,9.511136,-28.012354,62.770924,-6.811521,10.470746,8.090303,-14.081316,-14.413362,17.766994,65.919876,-11.872594,4.146796,-3.3184557
1933,-113.08517456054688,63.40559768676758,74.81543731689453,-3.2655041177163704,-4.592680426374658,148.49520035243262,-19.714912,6.3154263,13.145425,9.444816,0.9319276,-2.916698,23.286053,1.2610811,0.9780341,18.244324,-17.016726,8.314511,14.241012,8.606545,10.691146,7.543169,9.386911,-27.91736,62.96008,-6.6471195,10.819439,7.991952,-13.7134075,-14.327178,17.288576,65.98473,-11.984741,4.1965566,-3.2461216
1934,-114.0940170288086,63.63606262207031,74.84523010253906,-2.665093949906317,-4.30343392209439,148.66479933280866,-20.499847,5.442562,13.059842,11.6397,1.8937886,-1.7414355,22.722868,0.32690692,1.2208097,20.356667,-16.587078,9.109495,14.133846,7.9420266,10.36682,7.749587,9.257893,-27.748802,63.077087,-6.4906106,11.226888,7.910053,-13.305459,-14.265499,16.827211,66.00688,-12.102784,4.2439494,-3.1430058
1935,-115.11808776855469,63.86658477783203,74.87286376953125,-2.0876176953610464,-4.042944312640615,148.84798900960664,-21.199917,4.5613146,13.00204,13.703649,2.8029976,-0.54130524,22.131609,-0.5512256,1.536869,22.543783,-15.973423,9.944808,14.022828,7.3083158,10.054779,7.940263,9.1291065,-27.600662,63.192333,-6.411139,11.591582,7.854356,-12.858332,-14.222087,16.3779,66.03687,-12.161715,4.2595224,-3.0481048
1936,-116.13880157470703,64.09922790527344,74.90735626220703,-1.583428020985932,-3.86129896863249,149.07659085929956,-21.752836,3.7417572,12.997012,15.709206,3.2558694,0.6039083,21.57285,-1.2957432,1.8891724,24.776726,-15.131037,10.827359,13.894223,6.763338,9.786643,8.083182,9.0124855,-27.565046,63.371918,-6.4792037,11.812911,7.835609,-12.375168,-14.189226,15.930275,66.12637,-12.098713,4.2125864,-3.0014036
1937,-117.16156005859375,64.32612609863281,74.94056701660156,-1.152798027536161,-3.7724600052730812,149.3765498707775,-22.181553,3.0070717,13.0188465,17.812298,3.0235138,1.7212557,21.077248,-1.9049612,2.2456644,27.05696,-14.022713,11.822886,13.724247,6.29924,9.568578,8.192844,8.931714,-27.67056,63.625454,-6.815103,11.815333,7.8900537,-11.8433275,-14.162234,15.488439,66.28343,-11.830888,4.0624676,-3.0195773
1938,-118.17936706542969,64.55140686035156,74.9813232421875,-0.767078489989907,-3.7471814765018543,149.73524037553975,-22.518955,2.3353047,13.01876,20.000462,2.2950027,2.8681755,20.586508,-2.4172459,2.627582,29.44089,-12.701129,12.90289,13.529443,5.881368,9.380491,8.264044,8.874225,-27.880007,63.937492,-7.3535104,11.665603,8.003342,-11.26548,-14.137299,15.035184,66.48786,-11.422238,3.834929,-3.081074
1939,-119.19026184082031,64.7748794555664,75.02726745605469,-0.4283045353493583,-3.7693754900798306,150.12528251288077,-22.729311,1.7167437,12.980116,22.109543,1.2940309,4.0073485,20.033943,-2.820994,3.0690966,31.973093,-11.259477,13.939246,13.337429,5.5174856,9.228172,8.28269,8.833065,-28.157932,64.26111,-7.8758087,11.486566,8.099735,-10.662074,-14.11517,14.553321,66.71623,-11.014991,3.6042953,-3.1627433
1940,-120.18687438964844,64.99260711669922,75.07351684570312,-0.13841531170749707,-3.8228819954241744,150.5171456927069,-22.780655,1.1164172,12.905956,23.95318,0.2743144,5.09049,19.361387,-3.1034138,3.597936,34.68286,-9.782514,14.811313,13.119813,5.212533,9.130509,8.279731,8.812859,-28.401447,64.503555,-8.148947,11.401748,8.094999,-10.087861,-14.100566,14.102724,66.95569,-10.724483,3.4466293,-3.2423234
1941,-121.1666259765625,65.20722198486328,75.12089538574219,0.03999059965266667,-3.9114370576570887,150.92916221150193,-22.72643,0.56145155,12.741766,25.606037,-0.79242,6.1324472,18.585758,-3.163198,4.123353,37.567482,-8.250238,15.000033,12.913007,5.02594,9.077732,8.199324,8.8023815,-28.67918,64.72813,-8.080035,11.438051,7.943461,-9.509157,-14.0915365,13.588127,67.19584,-10.617032,3.3752887,-3.3283904
1942,-122.13240814208984,65.4343032836914,75.16954803466797,0.12056635716684223,-4.040683198965483,151.3698827781869,-22.573341,0.045116868,12.492662,27.134624,-2.0049736,7.1368656,17.731678,-3.0641615,4.638266,40.60669,-6.624974,15.000033,12.697334,4.94561,9.068498,8.061945,8.80359,-28.993294,64.940674,-7.7975016,11.530929,7.6943793,-8.924955,-14.091205,13.037114,67.446014,-10.609648,3.3526573,-3.4284687
1943,-123.07955932617188,65.65237426757812,75.21894836425781,0.19769209406300536,-4.193606524322051,151.79274334146558,-22.259153,-0.49093187,12.253947,28.400066,-3.23055,8.02493,16.762543,-2.9330091,5.191067,43.78064,-4.947282,15.000033,12.484712,4.8764353,9.10412,7.909314,8.815669,-29.284039,65.07402,-7.436422,11.664949,7.4322214,-8.368426,-14.10225,12.53145,67.70656,-10.651329,3.3764338,-3.523012
1944,-124.02281951904297,65.86471557617188,75.2736587524414,0.3083499457366796,-4.34987221603326,152.1482096283251,-21.76061,-1.0286891,12.085044,29.33456,-4.368599,8.704265,15.6557255,-2.817205,5.8081837,47.01047,-3.20875,15.000033,12.290316,4.776208,9.165792,7.776719,8.831712,-29.488394,65.071075,-7.13115,11.825886,7.244637,-7.8753014,-14.1227,12.156381,67.988266,-10.693026,3.4442232,-3.595542
1945,-124.95585632324219,66.07254791259766,75.32769775390625,0.465214761659137,-4.512642650368791,152.41322994082668,-21.053112,-1.5626183,12.027606,29.910664,-5.43288,9.106837,14.371583,-2.6763384,6.5780926,50.39782,-1.3457291,15.000033,12.203153,4.6420946,9.259243,7.632828,8.86338,-29.66785,64.91274,-6.9194956,12.061541,7.1553493,-7.383358,-14.176128,11.836576,68.23146,-10.778624,3.5812213,-3.6161606
1946,-125.8773193359375,66.2743911743164,75.38726043701172,0.644344928545662,-4.687635055870018,152.61826428088077,-20.159727,-2.103221,12.0433035,30.163855,-6.4573236,9.297788,12.950901,-2.4613302,7.471042,53.91351,0.641079,15.000033,12.1357355,4.4955053,9.390728,7.498593,8.9026785,-29.769094,64.61373,-6.712366,12.362412,7.1137815,-6.9361005,-14.255499,11.628851,68.48135,-10.895362,3.7814863,-3.6058714
1947,-126.77957916259766,66.46165466308594,75.44889068603516,0.8326150828176195,-4.859006237976217,152.79094911948934,-19.161928,-2.647937,12.082393,30.192081,-7.407726,9.387669,11.466173,-2.2232375,8.35107,57.33572,2.6174114,15.000033,12.063102,4.3380585,9.531858,7.361242,8.936946,-29.822462,64.2495,-6.5291333,12.632152,7.112836,-6.5456777,-14.329986,11.519801,68.77607,-10.996006,3.9901898,-3.6052341
1948,-127.67425537109375,66.647705078125,75.52186584472656,1.0231785515336353,-5.012051704910022,152.9597367074163,-18.13927,-3.2003903,12.096901,30.088211,-8.245478,9.488384,9.972926,-2.0453992,9.079745,60.46166,4.436141,15.000033,11.986387,4.186901,9.675938,7.227323,8.986891,-29.893425,63.831284,-6.3985424,12.776036,7.13212,-6.162558,-14.434952,11.462704,69.06631,-11.026768,4.1497126,-3.6264951
1949,-128.54859924316406,66.83059692382812,75.59772491455078,1.230705503888155,-5.132719775238346,153.10813345124413,-17.09866,-3.7684727,12.108992,29.828342,-8.94693,9.615373,8.417202,-1.9860567,9.633381,63.308296,6.2956133,15.000033,11.900739,4.01497,9.805157,7.0976224,9.038983,-29.9584,63.361004,-6.325841,12.7816515,7.1791363,-5.8349996,-14.539155,11.517802,69.42329,-10.923084,4.233489,-3.6952102
1950,-129.4110565185547,67.01627349853516,75.67764282226562,1.457202087933333,-5.231798734264536,153.22627963422872,-15.997843,-4.35508,12.139432,29.364668,-9.531472,9.722173,6.7816606,-2.007039,10.091508,65.96798,8.196177,15.000033,11.820131,3.8325603,9.940769,6.9844327,9.110248,-30.011337,62.792213,-6.301911,12.694864,7.251787,-5.539077,-14.676165,11.67456,69.79896,-10.724392,4.2742314,-3.7809079
1951,-130.26414489746094,67.2003173828125,75.76551055908203,1.684427808250185,-5.332037570742803,153.3570127916953,-14.854264,-4.959502,12.13733,28.775019,-10.028782,9.825268,5.1555285,-2.0761602,10.480137,68.39533,9.668139,15.000033,11.708383,3.6401563,10.076277,6.844704,9.168304,-30.056566,62.25715,-6.3069105,12.508528,7.35983,-5.284099,-14.776253,11.853181,70.21393,-10.560253,4.310259,-3.898916
1952,-131.1103057861328,67.3768081665039,75.86107635498047,1.892825211827763,-5.455817299210812,153.54398693138162,-13.6712885,-5.5827527,12.04733,28.11562,-10.461165,9.936539,3.6328669,-2.1538146,10.828827,70.54522,10.236895,15.000033,11.5188465,3.4748645,10.246232,6.722344,9.257065,-30.1002,61.715702,-6.327694,12.221786,7.4789653,-5.0049105,-14.89848,11.993366,70.54495,-10.521495,4.380391,-4.0092297
1953,-131.9493865966797,67.54450988769531,75.95535278320312,2.084591403903749,-5.608512444964461,153.79071153927768,-12.442759,-6.229814,11.854063,27.39238,-10.826816,10.051862,2.2485938,-2.2232306,11.173914,72.414505,9.536331,15.000033,11.256288,3.3166387,10.434669,6.5790677,9.341133,-30.141363,61.25816,-6.375363,11.7707,7.6331306,-4.729591,-14.976688,12.067669,70.858696,-10.701676,4.4955,-4.145199
1954,-132.7740478515625,67.7179183959961,76.04753112792969,2.2679392476201046,-5.777168199397746,154.0775794721008,-11.162545,-6.893644,11.580108,26.572258,-11.113197,10.164677,0.9437938,-2.3147976,11.494405,74.037415,7.890236,15.000033,10.934731,3.1578913,10.635626,6.4228306,9.425141,-30.175518,60.84505,-6.451977,11.177884,7.819037,-4.4691463,-15.024673,12.11963,71.16833,-11.02167,4.6359286,-4.3049955
1955,-133.59112548828125,67.8921127319336,76.1418685913086,2.4209520465303704,-5.9578398479607655,154.41315374956537,-9.849954,-7.5412936,11.224212,25.693584,-11.342735,10.275914,-0.32461587,-2.4514465,11.724584,75.41572,5.8616304,15.000033,10.562663,3.014566,10.850463,6.257821,9.544304,-30.233297,60.440575,-6.5317388,10.563228,8.011705,-4.195616,-15.057334,12.128251,71.421715,-11.374924,4.7935834,-4.4608326
1956,-134.40704345703125,68.07156372070312,76.2436752319336,2.4796748196849387,-6.151460928931243,154.8035719150415,-8.558171,-8.081766,10.778321,24.8863,-11.586894,10.376778,-1.5951338,-2.6289017,11.766405,76.531204,4.0296106,15.000033,10.152677,2.9452348,11.060817,6.039203,9.677198,-30.344805,60.100544,-6.5848365,10.041098,8.2016325,-3.9037638,-15.061609,12.072131,71.6134,-11.662816,4.961987,-4.6023765
1957,-135.2113494873047,68.24219512939453,76.34469604492188,2.4794957911606224,-6.362383224198896,155.26530008254437,-7.2407393,-8.569045,10.247403,24.060764,-11.798574,10.479877,-2.8589108,-2.8915439,11.609565,77.37944,2.435389,15.000033,9.682102,2.9163823,11.273355,5.758752,9.815437,-30.533573,59.851112,-6.613014,9.617088,8.40077,-3.5887969,-15.037958,11.938694,71.732834,-11.89099,5.160599,-4.737804
1958,-136.00181579589844,68.42833709716797,76.44676208496094,2.4182607501130513,-6.591075818723003,155.79087432962788,-5.899961,-8.987608,9.626425,23.231249,-11.984458,10.570087,-4.1500874,-3.5098255,10.909105,77.95503,0.81754905,14.00818,9.158549,2.9175243,11.494596,5.434694,9.971533,-30.787376,59.66377,-6.6315722,9.238708,8.611169,-3.2526717,-14.985762,11.732744,71.78738,-12.104767,5.385457,-4.8709054
1959,-136.7907257080078,68.61890411376953,76.5472640991211,2.325898038959934,-6.820462033382609,156.35925100602967,-4.5603127,-9.361958,8.943969,22.401606,-12.148189,10.65293,-5.4205904,-4.1927695,10.086275,78.30767,-0.7996921,12.896844,8.616065,2.9272447,11.720499,5.0650153,10.138549,-31.064915,59.51388,-6.6248255,8.932091,8.806682,-2.90204,-14.911812,11.481035,71.7925,-12.255633,5.594707,-4.9794
1960,-137.57339477539062,68.81360626220703,76.65117645263672,2.2235257701856757,-7.034285441287171,156.94737428588945,-3.2454343,-9.70197,8.224184,21.57884,-12.294775,10.727414,-6.683426,-4.9092665,9.224842,78.47585,-2.3691847,11.681715,8.094164,2.9257376,11.94696,4.6496577,10.315966,-31.330082,59.370964,-6.5802054,8.724152,8.960794,-2.5383818,-14.8249235,11.204772,71.75913,-12.296862,5.7455816,-5.0404067
1961,-138.3411865234375,69.01046752929688,76.74629974365234,2.107495001575038,-7.2353702437744865,157.55575205248329,-1.9509937,-10.003136,7.4556274,20.761703,-12.422977,10.795153,-7.935246,-5.6696205,8.286522,78.457855,-3.9236903,10.329924,7.592456,2.9181669,12.177699,4.1829104,10.502836,-31.581764,59.2384,-6.489489,8.643382,9.070492,-2.155716,-14.729832,10.895385,71.67625,-12.189075,5.8279233,-5.0418434
1962,-139.10153198242188,69.20304107666016,76.8370361328125,1.9678427392718287,-7.430081767837092,158.19459356709234,-0.6715775,-10.259117,6.6340146,19.958101,-12.536754,10.856791,-9.152188,-6.459969,7.243947,78.23357,-5.4921184,8.8765745,7.092892,2.9161737,12.415155,3.6677098,10.6981535,-31.838207,59.127552,-6.3620057,8.668594,9.147881,-1.7524129,-14.625996,10.547143,71.5385,-11.965655,5.8637514,-4.9964404
1963,-139.84182739257812,69.40142822265625,76.91768646240234,1.8186125548283973,-7.607305453453299,158.85445201913862,0.57285917,-10.477062,5.7940197,19.181902,-12.6462345,10.910363,-10.3314295,-7.219741,6.1843977,77.81404,-7.011506,7.407553,6.607977,2.9084148,12.650814,3.118249,10.9007225,-32.088936,59.019676,-6.2088323,8.751937,9.188748,-1.3379346,-14.5140705,10.18837,71.36639,-11.687371,5.8591304,-4.918597
1964,-140.58297729492188,69.61522674560547,76.99052429199219,1.6754117499348786,-7.755508103824882,159.52529820903047,1.7610394,-10.668449,4.971578,18.446201,-12.760465,10.954041,-11.482912,-7.89905,5.192081,77.213974,-8.410027,5.993984,6.1484165,2.8819568,12.875132,2.5487251,11.10972,-32.31997,58.89604,-6.0407376,8.845738,9.189142,-0.92514277,-14.3968935,9.85096,71.18296,-11.414188,5.820168,-4.8232226
1965,-141.32887268066406,69.81464385986328,77.05803680419922,1.5379817806888376,-7.86945123494396,160.20937847448153,2.8920379,-10.832816,4.172833,17.738071,-12.878387,10.973849,-12.630764,-8.522782,4.2327642,76.44323,-9.699816,4.5683684,5.715397,2.836071,13.082281,1.9551097,11.324785,-32.522915,58.755188,-5.848955,8.966287,9.137902,-0.50790304,-14.275493,9.537041,70.983116,-11.133971,5.7280345,-4.7003517
1966,-142.06222534179688,70.00860595703125,77.11305236816406,1.4004187212337633,-7.955211350873063,160.90942621890582,3.9732716,-10.968134,3.3831115,17.058401,-12.99746,10.975847,-13.761259,-9.098096,3.2654827,75.4903,-10.913222,3.1215723,5.3031135,2.7775424,13.277266,1.3323375,11.54573,-32.706043,58.607014,-5.631412,9.129026,9.039733,-0.08382269,-14.150332,9.234965,70.7603,-10.823316,5.586783,-4.5459757
1967,-142.7791748046875,70.21920776367188,77.15652465820312,1.272474215230854,-8.019335770454921,161.61558233835137,5.0060425,-11.084109,2.6048062,16.420616,-13.117654,10.988334,-14.841877,-9.567806,2.36475,74.337204,-11.98923,1.7933991,4.912537,2.704394,13.467191,0.6946208,11.771588,-32.878162,58.446423,-5.4067655,9.284529,8.914872,0.33167753,-14.021501,8.95497,70.53198,-10.525106,5.436285,-4.3831577
1968,-143.44964599609375,70.42626190185547,77.18714141845703,1.1644539678859216,-8.067915088301937,162.31820071128146,5.9867983,-11.191774,1.8407595,15.848548,-13.238123,11.039309,-15.848167,-9.886499,1.6064497,72.96584,-12.853127,0.71265036,4.5427485,2.6135132,13.659228,0.055623602,12.00108,-33.04686,58.268253,-5.195015,9.383726,8.784067,0.7225417,-13.888555,8.707417,70.31612,-10.283296,5.3158536,-4.2355843
1969,-144.14035034179688,70.62713623046875,77.21395874023438,1.0846129851066126,-8.099896482427667,163.01805510596137,6.9111133,-11.297082,1.087224,15.339938,-13.351535,11.150841,-16.803331,-10.065445,1.008216,71.377815,-13.463011,-0.14702831,4.1926827,2.4959524,13.856538,-0.58879405,12.233935,-33.20393,58.071903,-4.985422,9.415768,8.641327,1.0832523,-13.753096,8.494593,70.10942,-10.101394,5.2328773,-4.099214
1970,-144.8332061767578,70.81626892089844,77.23249053955078,1.029200367970156,-8.113341019178575,163.71862794907787,7.781448,-11.399353,0.34581566,14.8848715,-13.4591,11.302955,-17.720509,-10.139568,0.52458143,69.58116,-13.851388,-0.855274,3.8629348,2.3544283,14.054604,-1.242925,12.469866,-33.346527,57.859062,-4.7714477,9.406004,8.479813,1.4229089,-13.614735,8.311631,69.90499,-9.958938,5.1670904,-3.9648337
1971,-145.5278778076172,71.01393127441406,77.24027252197266,0.991112152392954,-8.113750360690025,164.41459498935305,8.615064,-11.501123,-0.3754643,14.474531,-13.566142,11.462424,-18.564932,-10.111136,0.1402843,67.5674,-14.047783,-1.360162,3.5562842,2.1989315,14.249181,-1.8992589,12.708393,-33.49518,57.63478,-4.585321,9.358951,8.320196,1.742375,-13.47386,8.158547,69.71978,-9.86219,5.1162214,-3.8509364
1972,-146.22274780273438,71.2013931274414,77.24420928955078,0.9629406460500048,-8.106457761045379,165.1012288741447,9.422919,-11.603597,-1.06756,14.111358,-13.683666,11.595613,-19.302465,-9.98316,-0.15698011,65.325775,-14.080197,-1.6089563,3.2751684,2.0413072,14.436338,-2.5485113,12.94802,-33.668877,57.401283,-4.456541,9.279828,8.182778,2.044355,-13.32889,8.03445,69.56861,-9.817545,5.0779424,-3.7752826
1973,-146.90631103515625,71.38951110839844,77.2453384399414,0.9376309616853734,-8.092170636576428,165.78683802489203,10.207343,-11.70515,-1.7270617,13.79355,-13.809122,11.697908,-19.931286,-9.748235,-0.34125003,62.835735,-13.948401,-1.5545728,3.0185316,1.8889276,14.618468,-3.2007687,13.189783,-33.8836,57.157776,-4.407825,9.160071,8.077482,2.3303945,-13.178743,7.934277,69.45288,-9.842585,5.052676,-3.7495568
1974,-147.59524536132812,71.579345703125,77.22872161865234,0.9212917887702933,-8.068541326595284,166.4722451043782,10.964364,-11.808705,-2.3599813,13.517002,-13.93632,11.786757,-20.46871,-9.425554,-0.40696678,60.10299,-13.632191,-1.2528421,2.785536,1.7340721,14.796895,-3.8577142,13.433624,-34.12611,56.90257,-4.4183264,9.000783,7.9921412,2.5991292,-13.023803,7.8579264,69.36508,-9.929214,5.0413213,-3.76222
1975,-148.293212890625,71.76338958740234,77.20512390136719,0.9238026184267106,-8.035625014260628,167.1413113116298,11.705866,-11.920936,-2.9740064,13.260055,-14.060578,11.861545,-20.908644,-9.055469,-0.39542586,57.15039,-13.1298685,-0.80367833,2.5778968,1.5669751,14.964774,-4.499369,13.675383,-34.371887,56.641525,-4.455468,8.820949,7.914505,2.8475869,-12.865837,7.8130426,69.307755,-10.045387,5.041909,-3.7972047
1976,-149.00233459472656,71.9446029663086,77.17146301269531,0.9551395591337593,-7.993786460131362,167.77753567724838,12.441407,-12.047091,-3.576751,13.003076,-14.178794,11.920966,-21.248898,-8.675615,-0.3471442,54.0046,-12.440171,-0.30341092,2.3972564,1.378867,15.114754,-5.106382,13.908425,-34.59384,56.383297,-4.484312,8.639178,7.8326435,3.0718577,-12.708043,7.8089523,69.28495,-10.157321,5.052363,-3.838207
1977,-149.71546936035156,72.12427520751953,77.130859375,1.0066832690178433,-7.942424328439363,168.37416101498698,13.174078,-12.171326,-4.170912,12.734926,-14.300249,11.95334,-21.487726,-8.277935,-0.22873285,50.6293,-11.527199,0.21344143,2.2487059,1.1814299,15.248041,-5.6850944,14.129737,-34.786755,56.133488,-4.4943132,8.441876,7.740022,3.2650423,-12.554197,7.858689,69.30453,-10.259785,5.0752716,-3.895608
1978,-150.42247009277344,72.29324340820312,77.07783508300781,1.0746759089168276,-7.881244476729615,168.942259660854,13.887175,-12.294496,-4.751068,12.487849,-14.431424,11.961066,-21.627943,-7.8604665,-0.019178376,47.02167,-10.407943,0.79066104,2.1267197,0.97968334,15.366063,-6.2431707,14.338644,-34.960835,55.890152,-4.5028777,8.224891,7.6444097,3.4314048,-12.404664,7.9561505,69.36187,-10.367366,5.110895,-3.972323
1979,-151.14332580566406,72.46258544921875,77.01387023925781,1.1827869189379205,-7.812826683653271,169.48972073696348,14.601019,-12.449529,-5.319732,12.232412,-14.536215,11.963957,-21.673693,-7.474863,0.22503474,43.25265,-9.162155,1.4515883,2.0208223,0.74687433,15.462434,-6.76852,14.531882,-35.117428,55.658318,-4.520162,8.020469,7.5561857,3.5835316,-12.260336,8.075989,69.443214,-10.481268,5.15349,-4.04254
1980,-151.87179565429688,72.63195037841797,76.93817901611328,1.3514340201884318,-7.740334989719408,170.0251205563605,15.332827,-12.665916,-5.88004,11.946014,-14.58034,11.981461,-21.627815,-7.1713266,0.44336155,39.37991,-7.8627133,2.219537,1.9200102,0.46033046,15.530205,-7.2476482,14.703815,-35.25641,55.44295,-4.553773,7.86065,7.4855933,3.7354064,-12.120838,8.192844,69.53386,-10.602699,5.197003,-4.079927
1981,-152.6192169189453,72.7926025390625,76.84718322753906,1.5809025579102263,-7.656064641722252,170.55638889315807,15.998681,-12.954511,-6.4184375,11.786846,-14.639091,12.020371,-21.47747,-7.0046453,0.60923195,35.31414,-6.452809,3.053247,1.8155777,0.123677336,15.551922,-7.6836467,14.838397,-35.378036,55.261124,-4.6199737,7.7594523,7.440998,3.89078,-11.996077,8.305594,69.64182,-10.731384,5.2432823,-4.0723295
1982,-153.37767028808594,72.9354476928711,76.74345397949219,1.8608344063857323,-7.564057248041866,171.0803847443595,16.631746,-13.296453,-6.9439044,11.689807,-14.689708,12.068428,-21.219238,-6.948839,0.7665684,31.031178,-4.9104714,3.9486632,1.7153226,-0.2620441,15.537493,-8.0775585,14.956824,-35.485188,55.09867,-4.710877,7.6990767,7.415122,4.0380607,-11.8649235,8.424049,69.777374,-10.8695345,5.2943587,-4.0403466
1983,-154.14695739746094,73.08106231689453,76.62242889404297,2.1798303570343807,-7.478150123481963,171.60113224868167,17.29756,-13.670079,-7.4796324,11.553922,-14.686202,12.113691,-20.8646,-6.9398503,0.9392763,26.662703,-3.3541334,4.9730577,1.6125126,-0.6515772,15.511038,-8.453104,15.012728,-35.573948,54.978504,-4.790082,7.656155,7.3964148,4.2049403,-11.784769,8.536123,69.885124,-11.009421,5.343072,-3.9778733
1984,-154.93014526367188,73.20962524414062,76.48878479003906,2.522381387809774,-7.410549568538951,172.13264461867672,18.01434,-14.054804,-8.048494,11.372629,-14.630318,12.144524,-20.41485,-6.9339833,1.1401515,22.317549,-1.9014697,6.1825504,1.5101322,-1.0907984,15.488199,-8.795752,15.085197,-35.664215,54.86687,-4.8361545,7.6184077,7.3759637,4.3602815,-11.649281,8.634715,69.99128,-11.162779,5.387176,-3.9308429
1985,-155.72703552246094,73.3338623046875,76.3429946899414,2.926330125911609,-7.372945058323946,172.69770195459807,18.828772,-14.494778,-8.691853,11.086009,-14.4899025,12.158944,-19.82071,-6.9997363,1.3671297,17.873898,-0.5405792,7.6559653,1.3801084,-1.5792147,15.480126,-9.105895,15.132664,-35.741478,54.770058,-4.8341007,7.575861,7.3413353,4.542283,-11.527062,8.715459,70.05394,-11.337062,5.423952,-3.8828826
1986,-156.5311737060547,73.4664306640625,76.19215393066406,3.4306505963995897,-7.373602324919836,173.31068732675922,19.772013,-15.027814,-9.434936,10.647343,-14.231881,12.17021,-19.041084,-7.261299,1.611566,13.230662,0.7810273,9.312088,1.2074711,-2.162447,15.486695,-9.382904,15.156597,-35.807186,54.69408,-4.8009067,7.539286,7.300004,4.7490826,-11.4145565,8.785046,70.08522,-11.5263815,5.4564724,-3.8273706
1987,-157.3564453125,73.58767700195312,76.024169921875,4.007051953211409,-7.417538498961405,173.97134103305018,20.832441,-15.606867,-10.271942,10.084715,-13.8671875,12.188429,-18.060558,-7.724973,1.848391,8.466588,2.0567439,10.979708,0.9907551,-2.8240857,15.522094,-9.642783,15.1670065,-35.870834,54.641266,-4.744893,7.515717,7.2647896,4.962409,-11.2987585,8.840166,70.083405,-11.703553,5.4834237,-3.7557502
1988,-158.1835174560547,73.71635437011719,75.85853576660156,4.5768439944475245,-7.490739051988342,174.6469367094716,21.932402,-16.138384,-11.140216,9.510115,-13.45746,12.212907,-18.196293,-8.217379,2.2277396,6.4170136,1.86495,12.489672,0.7519777,-3.4806433,15.592044,-9.891091,15.170718,-35.93194,54.59371,-4.673104,7.5117955,7.248305,5.165294,-11.196255,8.8804865,70.03383,-11.83732,5.5022407,-3.6502218
1989,-159.0127410888672,73.84422302246094,75.69991302490234,5.092358784399247,-7.574513105419594,175.31550110118758,23.021395,-16.570753,-11.993791,8.979823,-13.04243,12.240919,-19.105345,-8.587908,2.7628493,6.255521,0.58684385,13.92803,0.5069705,-4.073161,15.698554,-10.131028,15.172322,-35.985546,54.525135,-4.5674014,7.5464373,7.2547455,5.3529644,-11.120346,8.8937,69.912445,-11.92293,5.516541,-3.4897141
1990,-159.8550567626953,73.99049377441406,75.552734375,5.5317303535205316,-7.668877780222995,175.94239168056473,24.067677,-16.890621,-12.784167,8.582717,-12.69015,12.250036,-19.947332,-8.800341,3.3095515,6.1871805,-0.83974075,15.000033,0.2995195,-4.589275,15.83485,-10.363477,15.172576,-36.038628,54.45396,-4.43298,7.6106906,7.280995,5.518414,-11.041332,8.879947,69.74987,-11.979607,5.526908,-3.2971716
1991,-160.70306396484375,74.16985321044922,75.4184799194336,5.817941331945124,-7.782066894466707,176.46076528817343,24.99084,-17.035128,-13.405414,8.509875,-12.517999,12.210674,-20.65163,-8.742061,3.7564101,6.2409444,-2.2382562,15.000033,0.18810336,-4.9493427,16.003233,-10.566431,15.171249,-36.081196,54.38971,-4.3080187,7.6683154,7.3228154,5.654946,-10.963567,8.870631,69.5804,-12.003494,5.523422,-3.0995064
1992,-161.52655029296875,74.33041381835938,75.30162048339844,5.993504085132721,-7.868389612884768,176.9346485790418,25.625616,-17.114923,-13.89011,8.950848,-12.565045,12.14597,-21.143476,-8.680901,3.9685638,6.2812915,-3.3190424,15.000033,0.107718006,-5.196688,16.132217,-10.718372,15.166441,-36.10833,54.348537,-4.2332087,7.6845393,7.376172,5.757647,-10.887716,8.897497,69.44424,-11.992278,5.4964395,-2.9261289
1993,-162.35354614257812,74.48274230957031,75.1994400024414,6.089520732858207,-7.932290453050892,177.33931787315342,26.160343,-17.121626,-14.279471,9.521823,-12.647231,12.064032,-21.384438,-8.641825,3.807829,6.3145056,-4.039275,15.000033,0.08071981,-5.35293,16.237122,-10.815326,15.158771,-36.113384,54.3218,-4.222745,7.638009,7.4399333,5.829299,-10.830085,8.973841,69.33043,-11.914938,5.4326396,-2.7745173
1994,-163.19329833984375,74.63046264648438,75.10672760009766,6.114156016138195,-7.971221144754543,177.68570290856766,26.590982,-17.064137,-14.577947,10.233145,-12.76924,11.966935,-21.410913,-8.5704155,3.3590398,6.3287234,-4.475077,15.000033,0.09352476,-5.4352474,16.31511,-10.869968,15.147365,-36.096924,54.318626,-4.2543564,7.5496683,7.515489,5.863691,-10.779584,9.093606,69.23863,-11.778379,5.3404474,-2.634485
1995,-164.03977966308594,74.76848602294922,75.02323150634766,6.074845940645079,-7.98057028804681,177.9878801007017,26.924421,-16.954105,-14.792592,11.0641985,-12.885321,11.842562,-21.268158,-8.442634,2.8535037,6.3218045,-4.609264,15.000033,0.12333474,-5.450146,16.347803,-10.863344,15.131518,-36.053116,54.327324,-4.305835,7.452761,7.602062,5.8638983,-10.737231,9.245746,69.17606,-11.637062,5.245228,-2.5104263
1996,-164.9092254638672,74.8918228149414,74.94686889648438,5.985570625768738,-7.955307458666601,178.26118073162513,27.1624,-16.810879,-14.932301,12.002618,-12.947518,11.679825,-21.024796,-8.243765,2.5352309,6.32206,-4.444012,15.000033,0.1606725,-5.407137,16.32355,-10.781583,15.11233,-35.989887,54.326218,-4.3578353,7.383142,7.6984057,5.8560557,-10.706581,9.40029,69.11982,-11.554203,5.1730857,-2.40187
1997,-165.80393981933594,75.0069580078125,74.88998413085938,5.8336788022435915,-7.900706064770479,178.48913512149795,27.320059,-16.626318,-14.975191,13.037655,-12.9605,11.50794,-20.608099,-7.9668193,2.4466045,6.2984586,-3.9413207,15.000033,0.17354149,-5.309295,16.217377,-10.59501,15.072196,-35.849148,54.349087,-4.3946724,7.3349423,7.8243303,5.785105,-10.672962,9.637299,69.15448,-11.512763,5.118345,-2.3150349
1998,-166.69039916992188,75.11701965332031,74.84632873535156,5.585349011157999,-7.813959165233305,178.6677142757977,27.359398,-16.360481,-14.908217,14.241907,-12.982644,11.319516,-20.034563,-7.599878,2.4751563,6.2942944,-3.1453896,15.000033,0.23235777,-5.096364,16.067709,-10.334908,15.030034,-35.70757,54.35356,-4.4483886,7.298792,7.973615,5.7174606,-10.6614895,9.858672,69.18554,-11.518077,5.069253,-2.229085
1999,-167.58102416992188,75.23385620117188,74.82620239257812,5.247629836428217,-7.68358328726074,178.83680674225502,27.246372,-16.007496,-14.778734,15.659042,-13.012209,11.051097,-19.460894,-7.1321645,2.6253486,6.351263,-2.1213553,15.000033,0.24065939,-4.785337,15.847632,-10.028846,14.948922,-35.50424,54.397026,-4.488316,7.281656,8.109948,5.599021,-10.667335,10.126229,69.24925,-11.548412,5.0487595,-2.1791275
2000,-168.47274780273438,75.34333801269531,74.83123779296875,4.841928529958544,-7.510880813736745,179.04287338701738,27.008722,-15.571737,-14.661002,17.196676,-12.955181,10.638557,-18.984688,-6.5637565,2.8795753,6.4103475,-0.87543184,15.000033,0.2656069,-4.3895426,15.598038,-9.73526,14.887016,-35.39307,54.426025,-4.5592675,7.3029222,8.194341,5.522388,-10.678195,10.267303,69.225945,-11.655701,5.0712566,-2.1634068
2001,-169.3775634765625,75.46984100341797,74.85541534423828,4.336238962710794,-7.273391341609516,179.2996801723867,26.61715,-15.017558,-14.556925,18.88532,-12.860755,10.091012,-18.650188,-5.7882423,3.322153,6.438829,0.7792808,14.832329,0.25339803,-3.8864565,15.294176,-9.454294,14.829642,-35.322033,54.45055,-4.6398835,7.3895106,8.205909,5.453685,-10.683082,10.309853,69.1251,-11.889979,5.169433,-2.2005463
2002,-170.2931365966797,75.61632537841797,74.89905548095703,3.7270109107421705,-6.99175486152967,179.57774117679338,26.118526,-14.343313,-14.450861,20.69941,-12.735149,9.421303,-18.378252,-4.7949753,3.895389,6.451476,2.8084245,14.306022,0.23366757,-3.278313,14.951269,-9.161804,14.789486,-35.291157,54.461643,-4.737393,7.5277944,8.167787,5.3927603,-10.678277,10.274139,68.96893,-12.226843,5.3249545,-2.2801085
2003,-171.23451232910156,75.7509994506836,74.93403625488281,3.0923940796118017,-6.7139616429492595,179.861638673779,25.600002,-13.641393,-14.377681,22.534883,-12.442856,8.582304,-18.095907,-3.784755,4.4091773,6.4604063,4.8690047,13.87469,0.21959835,-2.6414938,14.595787,-8.86394,14.738473,-35.291836,54.523827,-4.8409734,7.6617217,8.1081705,5.330156,-10.6662655,10.215639,68.81929,-12.535342,5.485553,-2.3970819
2004,-172.2100067138672,75.87581634521484,74.95848846435547,2.471227435080533,-6.497618499078378,-179.88520018253305,25.12999,-12.9626875,-14.337058,24.350048,-11.903665,7.5171103,-18.196003,-2.8271444,4.6882706,7.507858,6.0668406,13.524374,0.23804188,-2.0201027,14.267023,-8.538634,14.685312,-35.320778,54.653263,-4.9550433,7.737815,8.0546055,5.2616954,-10.6579275,10.203007,68.72298,-12.676199,5.599152,-2.54423
2005,-173.17926025390625,75.99887084960938,75.00516510009766,1.8627383792194923,-6.3620890413116165,-179.67698236127865,24.743933,-12.313246,-14.330673,26.141539,-11.112793,6.1846867,-18.50133,-1.9823872,4.6226435,9.311126,6.516084,13.320016,0.2933448,-1.4091405,13.955293,-8.186428,14.597057,-35.38385,54.89269,-5.0867023,7.725013,8.012313,5.20384,-10.666507,10.252758,68.68427,-12.558573,5.6497297,-2.7318723
2006,-174.14559936523438,76.10623931884766,75.06634521484375,1.2526141081559745,-6.274793463749248,-179.50003533986074,24.387877,-11.687674,-14.360085,27.957748,-10.132161,4.620623,-18.643139,-1.2454969,4.3278904,10.974592,6.851048,13.209952,0.3689837,-0.7873857,13.649832,-7.798438,14.495618,-35.471603,55.18864,-5.234901,7.6583858,7.963967,5.154606,-10.701837,10.339782,68.66806,-12.269391,5.6636786,-2.953044
2007,-175.11570739746094,76.20416259765625,75.13435363769531,0.6608723512376709,-6.21810250133788,-179.3453738571441,23.983112,-11.126417,-14.426935,29.868965,-8.983702,2.883771,-18.72125,-0.5861677,3.9398208,12.62352,6.939541,12.996114,0.46135092,-0.17618881,13.370605,-7.3886414,14.393286,-35.54732,55.52035,-5.36659,7.5777802,7.911714,5.071908,-10.756427,10.471643,68.69445,-11.935394,5.6546564,-3.1872497
2008,-176.08029174804688,76.28875732421875,75.20527648925781,0.1130599951880815,-6.176857519915503,-179.2017822502844,23.459496,-10.6753435,-14.539782,31.935022,-7.683082,1.030121,-18.804941,0.035181828,3.5879276,14.313815,6.681538,12.5035305,0.5611476,0.40359193,13.136758,-6.9832697,14.281888,-35.572407,55.891655,-5.4482126,7.520452,7.859489,4.916163,-10.826457,10.659223,68.785194,-11.680819,5.6376247,-3.414231
2009,-177.0294189453125,76.35891723632812,75.27750396728516,-0.37593453530411375,-6.158195746263823,-179.09071893331057,22.811771,-10.37343,-14.706883,34.198807,-6.204996,-0.99340814,-18.945673,0.6543267,3.3227744,16.151953,5.938922,11.605958,0.672703,0.941451,12.951907,-6.5695076,14.152456,-35.537273,56.343365,-5.4964743,7.447337,7.827187,4.665644,-10.912603,10.939586,68.994316,-11.497548,5.5832834,-3.658248
2010,-177.94837951660156,76.42213439941406,75.34561157226562,-0.8102690984249318,-6.170824031968161,-179.00989343159426,22.076256,-10.230365,-14.9441595,36.641384,-4.5763645,-3.2149763,-19.096743,1.2408185,3.0917015,18.087307,4.790328,10.4404335,0.79781586,1.43652,12.808055,-6.1421347,14.008979,-35.460815,56.865814,-5.520338,7.354313,7.807369,4.3446045,-11.011531,11.298333,69.298645,-11.333362,5.495074,-3.9218087
2011,-178.8426055908203,76.48524475097656,75.4090576171875,-1.1983590405215276,-6.200756018688553,-178.91300955394752,21.233393,-10.235035,-15.26385,39.248764,-2.8825781,-5.5369344,-19.162933,1.7562375,2.859601,19.894272,3.4905999,9.235239,0.91990775,1.8907224,12.70718,-5.736999,13.855683,-35.337086,57.387383,-5.4673758,7.330373,7.7629476,3.9815335,-11.120988,11.671379,69.603294,-11.244217,5.438861,-4.150726
2012,-179.72262573242188,76.53227996826172,75.47456359863281,-1.5576899593139302,-6.2304501042306875,-178.75531178317306,20.259016,-10.35287,-15.667866,42.004913,-1.1932415,-7.8495493,-19.06057,2.170934,2.5748255,21.362854,2.2910342,8.211897,1.0257719,2.3142838,12.650074,-5.3914843,13.700923,-35.164604,57.83512,-5.2882795,7.4646564,7.6562343,3.6021187,-11.238198,11.991182,69.81252,-11.285985,5.4810734,-4.291472
2013,-180.57513427734375,76.57708740234375,75.54332733154297,-1.8985646811635748,-6.254423732584922,-178.53156169237033,19.129156,-10.598493,-16.19818,44.982647,0.6349739,-10.257494,-18.764992,2.4904425,2.2042456,22.432627,1.2197075,7.4038615,1.1108661,2.7139006,12.645008,-5.096624,13.54842,-34.894073,58.17304,-4.875847,7.835457,7.4492583,3.19797,-11.35647,12.223328,69.90658,-11.545788,5.6761603,-4.2977467
2014,-181.4084930419922,76.6146011352539,75.61674499511719,-2.2151929376442476,-6.280127955969992,-178.26692564839533,17.865023,-11.001157,-16.849636,48.186195,2.5797763,-12.788981,-18.332987,2.746663,1.7783071,23.233772,0.15353201,6.700387,1.1859562,3.0861592,12.6889715,-4.837901,13.398913,-34.543736,58.440487,-4.2865777,8.375321,7.166695,2.757652,-11.474746,12.409122,69.936775,-11.971601,5.9764147,-4.208101
2015,-182.22222900390625,76.6536865234375,75.69351959228516,-2.5077466489884706,-6.306728015133718,-177.96053420858402,16.498243,-11.475267,-17.455269,51.469215,4.359493,-15.000033,-17.801573,2.9455793,1.3261489,23.833517,-0.87907356,6.103589,1.2601058,3.4348977,12.764578,-4.639529,13.2577095,-34.21094,58.674,-3.7154448,8.956305,6.867282,2.3036468,-11.601464,12.592352,69.91015,-12.408532,6.2949343,-4.095698
2016,-183.0300750732422,76.66400146484375,75.77609252929688,-2.7691551519751063,-6.334499625034442,-177.6103430341649,14.966515,-11.639536,-17.266872,54.649654,5.7646604,-15.000033,-17.210693,3.0714917,0.8850848,24.317324,-1.8640764,5.628925,1.342119,3.769899,12.853783,-4.522773,13.132286,-33.99635,58.904907,-3.3621402,9.453754,6.6156445,1.8635058,-11.748066,12.812362,69.82624,-12.701379,6.546377,-4.0342774
2017,-183.8156280517578,76.66629791259766,75.85977935791016,-2.9492385617722228,-6.368796053136696,-177.1988426214142,13.336323,-11.794233,-17.02942,57.724678,6.854997,-15.000033,-16.60248,3.0666485,0.46076626,24.782957,-2.853265,5.3000956,1.430252,4.0268536,12.975023,-4.507253,13.028649,-33.932964,59.12277,-3.3172426,9.88026,6.418035,1.4467803,-11.922145,13.0654745,69.650505,-12.80866,6.734697,-4.0281715
2018,-184.5763397216797,76.65740203857422,75.94631958007812,-3.138378925517476,-6.392303410220023,-176.7188788522355,11.583964,-11.900233,-16.828312,60.799103,7.7025576,-15.000033,-15.898523,3.026191,-0.023166012,25.031118,-3.7694263,5.0820045,1.5085995,4.2950206,13.118459,-4.5728707,12.947881,-33.968967,59.30711,-3.467085,10.289627,6.2465706,1.0437157,-12.121325,13.332473,69.38332,-12.812283,6.896469,-4.0409913
2019,-185.3160400390625,76.65001678466797,76.03765869140625,-3.343782215323133,-6.4032502305972985,-176.21629762463337,9.765754,-11.908956,-16.608425,63.739567,8.137704,-15.000033,-15.115346,2.9959984,-0.5339689,25.071732,-4.5832367,4.9180346,1.6021622,4.5806518,13.26672,-4.6754756,12.887899,-34.070076,59.472126,-3.6985145,10.620308,6.117855,0.64745885,-12.345326,13.629553,69.083855,-12.741695,6.995222,-4.0881453
2020,-186.05079650878906,76.634033203125,76.14115142822266,-3.5359854414333296,-6.406977997521488,-175.74128930499367,7.9413667,-11.788413,-16.287664,66.3892,8.008714,-15.000033,-14.292316,2.9826868,-1.012311,24.979773,-5.299845,4.7634554,1.7387823,4.856374,13.408382,-4.773196,12.84426,-34.203697,59.63433,-3.9014742,10.8102,6.046514,0.25240955,-12.593591,13.973309,68.809204,-12.626856,6.994597,-4.183915
2021,-186.77413940429688,76.63298034667969,76.25188446044922,-3.7319251922224077,-6.403076367673708,-175.2971579268328,6.108461,-11.509624,-15.890443,68.754814,7.08383,-15.000033,-13.411666,3.0091352,-1.45925,24.71227,-5.8911624,4.619187,1.926802,5.138158,13.537633,-4.881468,12.818059,-34.415455,59.82251,-4.095016,10.807484,6.051203,-0.1380804,-12.869784,14.376166,68.55674,-12.445836,6.8565726,-4.342818
2022,-187.47987365722656,76.6271743774414,76.36785125732422,-3.9461701341419846,-6.389105757385787,-174.8644913858889,4.248395,-11.098527,-15.480821,70.90397,5.4982967,-15.000033,-12.459608,3.0764706,-1.8972553,24.241524,-6.3591704,4.505365,2.1551108,5.4415913,13.658378,-5.014851,12.809358,-34.704967,60.01928,-4.3226366,10.656529,6.1179566,-0.52515906,-13.17398,14.826347,68.30389,-12.193241,6.606466,-4.552441
2023,-188.1806182861328,76.61530303955078,76.49264526367188,-4.121401664791464,-6.3733572531821165,-174.45993229619575,2.3942204,-10.605232,-14.998214,72.761185,3.6615973,-15.000033,-11.4913645,3.1257558,-2.2875414,23.70793,-6.777811,4.4134355,2.4223042,5.7130575,13.777761,-5.129077,12.809404,-34.965363,60.177685,-4.5052295,10.439264,6.212904,-0.91692555,-13.498948,15.309019,68.06973,-11.922202,6.3117127,-4.786729
2024,-188.87953186035156,76.57728576660156,76.62451171875,-4.14550951384166,-6.374932972684379,-174.09830688788531,0.5850318,-10.113584,-14.327916,74.222,2.0129976,-15.000033,-10.601881,3.0275588,-2.5732543,23.365402,-7.2824097,4.3489027,2.7211313,5.844313,13.916525,-5.183256,12.805516,-35.08789,60.25982,-4.5648346,10.237313,6.3043394,-1.3282598,-13.83589,15.813934,67.88434,-11.683977,6.0391564,-5.0230126
2025,-189.5670166015625,76.53526306152344,76.7569808959961,-4.091829730171903,-6.381143679287985,-173.7868321008894,-1.1888982,-9.561322,-13.4947195,75.318054,0.5507517,-15.000033,-9.745622,2.8713734,-2.7829554,23.07593,-7.794818,4.282299,3.0580041,5.908969,14.052547,-5.1638117,12.786815,-35.03476,60.270653,-4.4320326,10.040025,6.4037027,-1.7647102,-14.1824255,16.365767,67.772545,-11.445518,5.7671824,-5.290964
2026,-190.26268005371094,76.46880340576172,76.8890380859375,-3.962814678510023,-6.396102193222516,-173.5186119852783,-2.9894474,-8.642836,-12.08688,76.06484,-0.8997493,-13.872016,-8.902092,2.645034,-2.9186518,22.809675,-8.302866,4.2380447,3.4320824,5.918817,14.187355,-5.098834,12.750928,-34.86214,60.24086,-4.1616597,9.814084,6.5238056,-2.2236736,-14.539483,16.967865,67.72184,-11.193954,5.4733377,-5.5926194
2027,-190.947509765625,76.4029541015625,77.01737213134766,-3.8108769695496743,-6.409130249227861,-173.2749112429996,-4.7236147,-7.665217,-10.605312,76.52003,-2.3545713,-12.593564,-8.058077,2.4020112,-3.0266173,22.5142,-8.784013,4.20998,3.8194335,5.915606,14.317937,-5.0103335,12.701238,-34.60526,60.170597,-3.8620458,9.607349,6.6343594,-2.7018063,-14.90005,17.573215,67.70349,-11.011637,5.2243752,-5.866034
2028,-191.62017822265625,76.33271026611328,77.14409637451172,-3.682449628893369,-6.409201304750856,-173.03626940408438,-6.3696847,-6.7359486,-9.247534,76.72802,-3.7903395,-11.392927,-7.196512,2.1867356,-3.1483228,22.13635,-9.216744,4.1970468,4.1959996,5.937767,14.438872,-4.9180665,12.645617,-34.299133,60.057053,-3.6412773,9.467374,6.7040386,-3.1974494,-15.2537565,18.133026,67.692474,-10.981543,5.0882316,-6.0518603
2029,-192.29095458984375,76.26261901855469,77.2637710571289,-3.583675264143446,-6.39458581363998,-172.80105543404156,-7.9359193,-5.872975,-8.030668,76.68688,-5.242691,-10.251653,-6.3110504,2.0073445,-3.2891593,21.661686,-9.591802,4.1989646,4.5649624,5.9880157,14.546231,-4.816458,12.588533,-33.93084,59.88603,-3.5144317,9.423337,6.7158675,-3.7152193,-15.59314,18.647789,67.70386,-11.162503,5.102628,-6.130938
2030,-192.9680633544922,76.18006134033203,77.3759994506836,-3.4915503256338223,-6.369753532620612,-172.57823034403884,-9.431208,-5.0513496,-6.8776097,76.37661,-6.7046275,-9.150541,-5.411928,1.8422858,-3.4294188,21.119572,-9.922409,4.21476,4.937069,6.042847,14.642347,-4.6967254,12.531205,-33.49126,59.659676,-3.4304504,9.444426,6.6886997,-4.2566857,-15.917792,19.138721,67.750725,-11.499585,5.225289,-6.137982
2031,-193.63372802734375,76.10059356689453,77.47936248779297,-3.407198085452503,-6.332586052965901,-172.3625538755892,-10.856061,-4.26498,-5.7772307,75.810555,-8.07618,-8.13932,-4.509314,1.6893523,-3.573238,20.527407,-10.222514,4.2419086,5.2983418,6.1005907,14.729422,-4.5707,12.478328,-33.02104,59.396736,-3.3973897,9.489033,6.644356,-4.8143206,-16.22879,19.587431,67.80367,-11.903072,5.404123,-6.094217
2032,-194.2989044189453,76.01850891113281,77.57432556152344,-3.3326664578012712,-6.280581475050381,-172.14921735438597,-12.210039,-3.5033133,-4.714655,75.00259,-9.258128,-7.264885,-3.614346,1.5480251,-3.7250223,19.90532,-10.507654,4.276888,5.639125,6.162322,14.81075,-4.4499106,12.436404,-32.565872,59.11353,-3.4249628,9.515065,6.604747,-5.3754888,-16.52672,19.96949,67.82678,-12.28395,5.587047,-6.02104
2033,-194.96095275878906,75.93421173095703,77.66242980957031,-3.272360578763735,-6.208574787719345,-171.9358211053486,-13.504858,-2.7461772,-3.668905,73.93975,-10.240975,-6.515623,-2.7258744,1.4229753,-3.8875015,19.237232,-10.767974,4.3172426,5.957829,6.231788,14.884699,-4.332138,12.41072,-32.119133,58.79206,-3.52784,9.5311985,6.559841,-5.9433417,-16.81234,20.268085,67.81467,-12.665104,5.7899957,-5.9056535
2034,-195.61895751953125,75.839599609375,77.74040222167969,-3.223462421191114,-6.118698372041814,-171.7250008091831,-14.737384,-2.0019274,-2.6387978,72.61665,-11.068075,-5.8678555,-1.840328,1.3133541,-4.057926,18.522343,-11.0013075,4.361801,6.260615,6.305851,14.950856,-4.2077312,12.403017,-31.664944,58.423065,-3.6977305,9.553664,6.5025477,-6.520724,-17.086401,20.496256,67.782486,-13.080337,6.029735,-5.7413983
2035,-196.2751007080078,75.73778533935547,77.80184936523438,-3.1776578114178977,-6.019549517310137,-171.5199439802245,-15.885302,-1.3006551,-1.6387452,71.05546,-11.715906,-5.3499193,-0.9600549,1.2102706,-4.232001,17.793186,-11.230025,4.409686,6.5500007,6.37525,15.014378,-4.0799837,12.413924,-31.236776,58.039585,-3.9119654,9.552645,6.4592776,-7.0975733,-17.350044,20.67555,67.727615,-13.454211,6.256739,-5.5615177
2036,-196.92929077148438,75.6297378540039,77.84909057617188,-3.1271854823254026,-5.919398535213195,-171.32339955362278,-16.928349,-0.66927904,-0.6845063,69.27726,-12.158351,-4.98602,-0.08908229,1.1053442,-4.406168,17.084663,-11.477428,4.4619174,6.8302083,6.431869,15.080181,-3.9542391,12.442768,-30.869377,57.676456,-4.1472263,9.497742,6.456593,-7.6616764,-17.604633,20.823427,67.64512,-13.71252,6.422496,-5.4001713
2037,-197.58457946777344,75.52110290527344,77.89183044433594,-3.0671107040092114,-5.818313403258002,-171.13657667073832,-17.863382,-0.12029893,0.2152933,67.252914,-12.352784,-4.8194075,0.77295345,0.99358267,-4.581173,16.394989,-11.74545,4.5217514,7.1005006,6.470219,15.150214,-3.8365345,12.491475,-30.580957,57.340816,-4.4402947,9.366302,6.5109444,-8.2152,-17.851912,20.934258,67.531425,-13.82502,6.517076,-5.2574077
2038,-198.2445831298828,75.41546630859375,77.92092895507812,-3.00288046624188,-5.712198883888489,-170.9577375750173,-18.702833,0.3684933,1.0761656,64.97835,-12.31938,-4.815653,1.6278152,0.880914,-4.758861,15.709042,-12.023134,4.587371,7.3607764,6.496388,15.221919,-3.7223604,12.560586,-30.351675,57.014202,-4.788835,9.178744,6.6039834,-8.760652,-18.092606,20.998919,67.387085,-13.834993,6.5661635,-5.118655
2039,-198.91026306152344,75.30227661132812,77.94202423095703,-2.942635656933781,-5.6029598429113046,-170.7851966486983,-19.450094,0.82271826,1.9146684,62.509026,-12.125263,-4.882956,2.4757938,0.7746096,-4.9375587,15.033148,-12.309124,4.6541967,7.6142116,6.5197597,15.292952,-3.6047435,12.645187,-30.159348,56.697586,-5.1132274,8.969308,6.7110057,-9.290084,-18.326664,21.032732,67.21791,-13.77549,6.575074,-4.9973783
2040,-199.57327270507812,75.17619323730469,77.95000457763672,-2.8942049410330095,-5.492633008430792,-170.61731218350437,-20.109419,1.2657169,2.747263,59.903023,-11.840225,-4.931407,3.3181336,0.68179166,-5.1151533,14.371088,-12.601124,4.718682,7.86306,6.548543,15.359062,-3.477973,12.736789,-29.979118,56.396324,-5.332005,8.772663,6.8091593,-9.798602,-18.554945,21.053247,67.034355,-13.679453,6.548923,-4.9072967
2041,-200.22811889648438,75.0496597290039,77.94246673583984,-2.8536790492289876,-5.3720165251724294,-170.45964480574875,-20.693111,1.7009228,3.580279,57.15387,-11.451055,-4.9455914,4.1430483,0.59794545,-5.2869735,13.721057,-12.900273,4.7845984,8.114058,6.5804696,15.412806,-3.3476906,12.830075,-29.808321,56.112453,-5.399513,8.588538,6.884332,-10.285547,-18.778992,21.060154,66.83593,-13.530551,6.469687,-4.8536305
2042,-200.8973846435547,74.9156265258789,77.92512512207031,-2.8187691778951995,-5.242793059679336,-170.31135130026306,-21.194237,2.1176045,4.4043517,54.234108,-10.930385,-4.9676867,4.9544644,0.5209107,-5.4553995,13.078931,-13.205531,4.854156,8.363272,6.613332,15.456468,-3.2191763,12.923802,-29.657288,55.851982,-5.36583,8.401503,6.953326,-10.755129,-19.00038,21.04668,66.62155,-13.319516,6.3412933,-4.8285484
2043,-201.5733642578125,74.76610565185547,77.89452362060547,-2.7995681801512484,-5.123587272704076,-170.16123694700326,-21.58897,2.5162797,5.2121563,51.16539,-10.327783,-4.9953065,5.7782083,0.46140733,-5.6281886,12.442116,-13.51067,4.9220605,8.598263,6.658758,15.501957,-3.088865,13.014573,-29.524338,55.62601,-5.295948,8.223342,7.039232,-11.203927,-19.21611,21.020834,66.39417,-13.087129,6.201608,-4.8258057
2044,-202.25271606445312,74.60868072509766,77.84828186035156,-2.8066566322910513,-5.032667658999865,-169.998164657616,-21.855198,2.8975406,5.9957504,47.97131,-9.6889305,-5.026051,6.6349425,0.43093613,-5.8133,11.820572,-13.811647,4.982783,8.804761,6.728086,15.560131,-2.9542294,13.098169,-29.406525,55.448715,-5.2551155,8.065826,7.165073,-11.63205,-19.42068,20.991608,66.16132,-12.876043,6.088699,-4.8405633
2045,-202.93544006347656,74.45381164550781,77.78564453125,-2.8415674619819176,-4.972495712411427,-169.81613640659208,-21.982435,3.2599568,6.7589355,44.6205,-9.013309,-5.0535946,7.5236025,0.43115115,-6.0147505,11.221628,-14.113485,5.027221,8.972915,6.821077,15.636564,-2.822905,13.172628,-29.310345,55.33438,-5.2619452,7.919813,7.3595414,-12.049797,-19.610682,20.960245,65.925316,-12.678108,6.01274,-4.8823285
2046,-203.61831665039062,74.28702545166016,77.70748138427734,-2.899230602209805,-4.933988904127747,-169.62327673994233,-21.980606,3.605258,7.5041075,41.10164,-8.274601,-5.0772314,8.438127,0.45676515,-6.2256093,10.632079,-14.411841,5.0624323,9.112732,6.932188,15.722901,-2.6965365,13.237609,-29.234396,55.277687,-5.280442,7.782652,7.603578,-12.457799,-19.785873,20.92445,65.68849,-12.476474,5.95324,-4.951507
2047,-204.30555725097656,74.10040283203125,77.61846160888672,-2.9821601787208603,-4.917977889132893,-169.42830045310237,-21.866175,3.938331,8.218891,37.474545,-7.488435,-5.104591,9.389594,0.5119526,-6.4382906,10.032819,-14.694374,5.106861,9.238531,7.067688,15.807963,-2.561539,13.291301,-29.162556,55.262386,-5.2941313,7.6761837,7.847963,-12.842373,-19.945745,20.886131,65.460556,-12.304161,5.902418,-5.0297356
2048,-205.01377868652344,73.90225982666016,77.5127182006836,-3.0933321985977713,-4.925249264394337,-169.24020350153504,-21.653748,4.2619553,8.892239,33.792755,-6.668136,-5.1456184,10.39019,0.6007467,-6.644968,9.402402,-14.947641,5.178687,9.364378,7.2333302,15.880046,-2.4033346,13.330793,-29.07638,55.2722,-5.284592,7.6222987,8.043756,-13.191944,-20.090334,20.848673,65.25305,-12.19409,5.8527236,-5.0989094
2049,-205.72531127929688,73.6962890625,77.38788604736328,-3.241255745451043,-4.963022939472114,-169.05665358176492,-21.310163,4.5710473,9.552714,29.97551,-5.74643,-5.227874,11.464086,0.7349972,-6.848027,8.711195,-15.168154,5.279644,9.489766,7.439211,15.937816,-2.2187424,13.353287,-28.972141,55.313904,-5.247988,7.6316066,8.185868,-13.502909,-20.219168,20.81558,65.07102,-12.179598,5.806642,-5.159164
2050,-206.44784545898438,73.48039245605469,77.24967956542969,-3.427096615093,-5.029567657757331,-168.87925727703015,-20.830315,4.868787,10.1982765,25.997992,-4.726079,-5.338551,12.604406,0.9150676,-7.042942,7.964144,-15.354145,5.4012947,9.612526,7.685603,15.985917,-2.0149875,13.357843,-28.857103,55.39413,-5.1917424,7.6908875,8.297986,-13.785269,-20.332417,20.785404,64.914955,-12.235397,5.7642946,-5.2192016
2051,-207.1767578125,73.25293731689453,77.10282135009766,-3.643750870104378,-5.112792955943925,-168.72472086545298,-20.274446,5.1705046,10.774069,21.999346,-3.7243862,-5.430628,13.682905,1.117101,-7.2117033,7.3969493,-15.603341,5.545068,9.746448,7.96601,16.02028,-1.7970873,13.345699,-28.735123,55.4996,-5.121939,7.785928,8.374386,-14.040613,-20.430843,20.757057,64.77347,-12.302126,5.722963,-5.271871
2052,-207.91024780273438,73.01969909667969,76.94639587402344,-3.884710812659238,-5.201471100476772,-168.60948812023076,-19.708532,5.493923,11.225787,18.129324,-2.8668466,-5.4592786,14.516673,1.3098127,-7.3398123,7.361205,-16.074568,5.711104,9.904113,8.273469,16.03785,-1.5677015,13.319485,-28.608479,55.614582,-5.0430794,7.90245,8.40931,-14.274545,-20.517284,20.731754,64.641,-12.319032,5.6774445,-5.310544
2053,-208.6587371826172,72.7703628540039,76.78284454345703,-4.165492145218142,-5.301784171648093,-168.54043415603857,-19.135014,5.8389487,11.476761,14.342869,-2.171443,-5.446647,15.362086,1.5457499,-7.423435,7.3242025,-16.490337,5.899283,10.100918,8.613383,16.033651,-1.3227044,13.294406,-28.48621,55.74256,-4.949913,8.047227,8.388065,-14.491615,-20.566635,20.700502,64.53258,-12.275323,5.624261,-5.3399796
2054,-209.41432189941406,72.5091781616211,76.61104583740234,-4.4961015927825985,-5.4214816908277585,-168.51808774999827,-18.505312,6.2194076,11.583615,10.543297,-1.557596,-5.408897,16.228119,1.835025,-7.456308,7.2850223,-16.85925,6.105095,10.32854,9.009414,16.017574,-1.0541024,13.26039,-28.35184,55.87598,-4.836487,8.224113,8.314131,-14.677892,-20.612959,20.675615,64.42138,-12.19318,5.566983,-5.354343
2055,-210.16416931152344,72.24564361572266,76.43836212158203,-4.8447592330663065,-5.546293438808608,-168.53402231571832,-17.818533,6.632719,11.692723,6.809828,-0.988816,-5.2973948,17.093765,2.132086,-7.431083,7.2509875,-17.169666,6.3241615,10.574111,9.431463,15.989296,-0.7660051,13.212588,-28.20668,55.997627,-4.724461,8.416889,8.2174425,-14.838818,-20.660498,20.655853,64.30898,-12.089397,5.509715,-5.3520303
2056,-210.92559814453125,71.9624252319336,76.26891326904297,-5.165305317630998,-5.656777371652631,-168.56569166760278,-18.683592,7.3719354,11.741591,6.666849,-2.2523406,-5.076632,17.932127,2.3752818,-7.3580284,7.231086,-17.41144,6.5548067,10.818465,9.826207,15.947465,-0.45966792,13.162361,-28.066565,56.081028,-4.6460013,8.611099,8.129697,-14.984335,-20.697075,20.630295,64.20817,-11.984797,5.4551454,-5.3358183
2057,-211.68118286132812,71.66349792480469,76.11262512207031,-5.438062892264529,-5.7393730354582235,-168.59254920665418,-19.481268,8.062054,11.914619,6.564737,-3.5625412,-4.632091,18.730833,2.5445943,-7.2604556,7.224463,-17.582481,6.798226,11.021009,10.180156,15.896385,-0.14419557,13.0828,-27.901648,56.12978,-4.5849404,8.816688,8.057624,-15.1310215,-20.740505,20.625273,64.11312,-11.88062,5.4124427,-5.2998843
2058,-212.4503173828125,71.35104370117188,75.95740509033203,-5.655467578929327,-5.795050023786811,-168.60032742169463,-20.264664,8.660565,12.141592,6.568575,-4.971974,-4.033888,19.501125,2.6326444,-7.166627,7.2341824,-17.701223,7.0666404,11.199092,10.465678,15.835501,0.18586366,13.018823,-27.753828,56.13097,-4.5546203,9.040005,7.98721,-15.259946,-20.763302,20.603481,64.02045,-11.775327,5.3761044,-5.2527065
2059,-213.2239990234375,71.02357482910156,75.8076400756836,-5.83716191307925,-5.842129230454801,-168.60917479369814,-20.948372,9.18248,12.468081,6.6347995,-6.2666135,-3.5096767,20.261753,2.6637387,-7.0542483,7.254997,-17.765818,7.3548584,11.345674,10.717079,15.768419,0.52210957,12.927497,-27.58569,56.1411,-4.5390735,9.24614,7.9099665,-15.374193,-20.779568,20.584953,63.945545,-11.655137,5.3320074,-5.195617
2060,-213.9942626953125,70.68980407714844,75.66183471679688,-5.989053495490502,-5.895627395211641,-168.63583853800696,-21.425852,9.64765,12.947322,6.679209,-7.190697,-3.2600617,21.02387,2.647144,-6.904985,7.28256,-17.769896,7.6565127,11.504275,10.931487,15.692309,0.87979156,12.848848,-27.440216,56.151833,-4.5669,9.408427,7.8199787,-15.435071,-20.775717,20.52362,63.88151,-11.520342,5.2644353,-5.1346607
2061,-214.7742462158203,70.32859802246094,75.52569580078125,-6.133482739967779,-5.964418063633395,-168.69883372860454,-21.654987,10.124988,13.696564,6.695553,-7.6523523,-3.471349,21.795294,2.6034322,-6.6970177,7.3190517,-17.725266,7.978329,11.676231,11.139165,15.602566,1.2439989,12.742955,-27.275368,56.20086,-4.6533217,9.513714,7.70631,-15.469253,-20.746054,20.447113,63.86728,-11.35107,5.1572046,-5.0730886
2062,-215.55972290039062,69.97191619873047,75.39234924316406,-6.2658460740840916,-6.03753446408523,-168.78454260071948,-21.677662,10.603812,14.655418,6.69225,-7.7628903,-3.966401,22.564953,2.5285923,-6.447592,7.3682556,-17.631802,8.320622,11.852569,11.327769,15.494328,1.6222538,12.626804,-27.1052,56.264954,-4.7925925,9.580681,7.577008,-15.483618,-20.682869,20.355766,63.90141,-11.157006,5.022232,-5.010107
2063,-216.35205078125,69.61205291748047,75.26854705810547,-6.346291218744521,-6.094181013169553,-168.8512844695867,-21.550589,10.980356,15.59936,6.6825356,-7.617602,-4.3839164,23.31859,2.382803,-6.2097154,7.4295816,-17.47349,8.6751995,12.00214,11.448336,15.380399,2.0282662,12.545951,-26.974684,56.30431,-4.9343867,9.621691,7.4490533,-15.435895,-20.610437,20.211441,63.910645,-10.975421,4.887874,-4.937698
2064,-217.16160583496094,69.22708892822266,75.1657943725586,-6.3307269764681315,-6.115388005995825,-168.8608801832209,-21.331427,11.149271,16.308931,6.677974,-7.3224225,-4.3681164,24.041891,2.1220927,-6.0343065,7.5031543,-17.23305,9.033729,12.084964,11.450403,15.241273,2.4075904,12.451006,-26.915823,56.424065,-5.0083723,9.640086,7.360409,-15.352326,-20.484789,19.994154,63.944065,-10.864924,4.7825933,-4.870511
2065,-217.9766845703125,68.83922576904297,75.07170104980469,-6.189338970199301,-6.110245769996249,-168.79127396866798,-20.99038,11.041534,16.575174,6.6890044,-6.945288,-3.7254512,24.666365,1.7070295,-5.9494014,7.775907,-17.025389,9.392988,12.089691,11.299166,15.090187,2.7549152,12.35509,-26.980474,56.646248,-5.0039697,9.610308,7.3370137,-15.221378,-20.29529,19.67705,64.00726,-10.847055,4.7065644,-4.807457
2066,-218.8048553466797,68.44206237792969,75.00115966796875,-5.930388982817879,-6.087853355130519,-168.6750490543329,-20.50835,10.717753,16.577562,6.7079167,-6.425613,-2.6720896,24.748978,1.1015635,-5.930601,9.199672,-17.353367,9.761075,12.042807,11.008676,14.940859,3.0988462,12.278047,-27.13151,56.912468,-4.953576,9.5396185,7.3515644,-15.035014,-20.066177,19.279047,64.07165,-10.888259,4.6469164,-4.740912
2067,-219.62844848632812,68.02348327636719,74.95307159423828,-5.582801581828998,-6.027561584541212,-168.5592580326225,-19.963356,10.282192,16.678194,6.726481,-5.6876817,-1.4698633,24.763002,0.38714314,-5.913709,10.689582,-17.609783,10.146787,11.9852085,10.610496,14.764508,3.444625,12.21306,-27.301609,57.183624,-4.873786,9.482354,7.3637905,-14.810942,-19.805271,18.83355,64.12728,-10.962566,4.612,-4.6774316
2068,-220.4224090576172,67.57220458984375,74.94023895263672,-5.1662241606579995,-5.9010882211243025,-168.482161338714,-19.486422,9.829082,17.239824,6.8366885,-4.713166,-0.37176982,24.641277,-0.42311665,-5.860624,12.292668,-17.778925,10.558836,11.94457,10.127358,14.5328045,3.7976305,12.14963,-27.418556,57.41771,-4.7771316,9.492802,7.331904,-14.562562,-19.529404,18.376822,64.15535,-11.04258,4.610651,-4.621991
2069,-221.2454376220703,67.11161041259766,74.92913818359375,-4.685997474849015,-5.6694425005805025,-168.47730142266442,-19.640657,9.595883,18.484049,8.231583,-3.9893706,0.5959501,24.354033,-1.3349329,-5.7290096,13.952702,-17.845304,11.021134,11.945775,9.570044,14.213234,4.165179,12.074881,-27.449139,57.583538,-4.61757,9.607644,7.2228513,-14.287956,-19.250908,17.902517,64.12892,-11.149132,4.670632,-4.5683455
2070,-222.09434509277344,66.63275146484375,74.9300765991211,-4.140240104918259,-5.3591774905222165,-168.5262711500293,-20.2134,9.539203,20.192894,10.595926,-3.4368358,1.5747254,23.93564,-2.3444757,-5.5233316,15.664889,-17.814356,11.514789,11.976088,8.941197,13.827349,4.5368485,11.983279,-27.4387,57.720566,-4.4022694,9.789546,7.066043,-13.974977,-18.970896,17.402592,64.05874,-11.284083,4.7791123,-4.5129356
2071,-222.93942260742188,66.12064361572266,74.9533462524414,-3.5940842738241905,-5.04379867402317,-168.60163250764538,-20.682173,9.498613,21.955038,12.832422,-2.7403395,2.537165,23.460236,-3.3565023,-5.253647,17.446217,-17.645418,11.968698,12.021103,8.31064,13.414399,4.9016767,11.876371,-27.434544,57.884888,-4.2248197,9.982104,6.913684,-13.614867,-18.68981,16.910534,63.980045,-11.3912735,4.884068,-4.46274
2072,-223.7974853515625,65.59280395507812,74.9799575805664,-3.108416697569564,-4.7958089407581745,-168.67369304427868,-21.054157,9.440077,23.258595,14.954415,-2.1586177,3.4208567,22.990515,-4.2821755,-4.939749,19.336784,-17.306713,12.31107,12.061733,7.7436156,13.013403,5.2500305,11.761638,-27.482134,58.12865,-4.181803,10.130228,6.8188443,-13.204831,-18.40809,16.464148,63.93184,-11.411313,4.93343,-4.4258533
2073,-224.67723083496094,65.05648803710938,75.00950622558594,-2.6762856700001953,-4.62736213385865,-168.76457685814577,-21.350054,9.299213,23.942581,16.948488,-1.6110312,4.1462955,22.53973,-5.1428814,-4.5441756,21.342585,-16.792854,12.50505,12.109566,7.237251,12.616838,5.609148,11.642813,-27.583076,58.442524,-4.3416066,10.22218,6.8089976,-12.739483,-18.127846,16.08856,63.920513,-11.308478,4.9049063,-4.3978877
2074,-225.57330322265625,64.51664733886719,75.04833221435547,-2.2595292394827853,-4.497091186711319,-168.872184488153,-21.577904,9.053575,24.284235,18.79401,-0.9865321,4.739516,22.05976,-5.991037,-4.0799093,23.45608,-16.125322,12.58822,12.16024,6.748411,12.209904,5.974105,11.520052,-27.717304,58.80327,-4.6401186,10.286582,6.8513002,-12.221689,-17.84851,15.760789,63.92239,-11.119549,4.8314037,-4.3759146
2075,-226.46763610839844,63.97602081298828,75.10082244873047,-1.8715865832954313,-4.398009456273681,-168.92936576092168,-21.73141,8.720217,24.417393,20.488472,-0.48196203,5.284931,21.532951,-6.7884903,-3.6523094,25.688574,-15.310874,12.597329,12.172091,6.2820168,11.819181,6.292167,11.398218,-27.890436,59.23485,-4.971326,10.3294115,6.9080863,-11.663368,-17.563946,15.43891,63.938572,-10.898255,4.7360086,-4.372052
2076,-227.3379364013672,63.43767547607422,75.16676330566406,-1.530330846199805,-4.325809967409182,-168.86831745642783,-21.800179,8.333726,24.470493,22.039648,-0.3071447,5.883068,20.944077,-7.495936,-3.3671215,28.060883,-14.360754,12.565707,12.104563,5.846893,11.471498,6.51179,11.285393,-28.10766,59.75771,-5.2307863,10.357185,6.941681,-11.074801,-17.264477,15.076272,63.966118,-10.700177,4.642964,-4.3988256
2077,-228.20574951171875,62.903873443603516,75.23603820800781,-1.2503968321443217,-4.275044840612381,-168.6417471251328,-21.83016,7.89146,24.396942,23.524729,-0.6001444,6.621416,20.291773,-8.0976,-3.2831721,30.612839,-13.259313,12.496608,11.928938,5.4476657,11.157477,6.6094527,11.189346,-28.404737,60.434822,-5.42767,10.323061,6.943863,-10.443324,-16.937267,14.646206,64.01829,-10.491803,4.530087,-4.499583
2078,-229.06964111328125,62.378597259521484,75.31458282470703,-1.0173304444980784,-4.250301515428807,-168.28968237831302,-21.825918,7.371873,24.137676,24.946203,-1.2352436,7.428207,19.578833,-8.64075,-3.3414764,33.34685,-12.021486,12.347593,11.67053,5.073301,10.867148,6.6210494,11.112896,-28.76844,61.228756,-5.6071744,10.240378,6.9336,-9.774043,-16.57849,14.171248,64.096306,-10.2629795,4.3911085,-4.6565576
2079,-229.9054412841797,61.88299560546875,75.39627075195312,-0.80809310570635,-4.2630665055937715,-167.8768526800909,-21.707367,6.7928114,23.802721,26.194492,-2.0369833,8.175709,18.800365,-9.168223,-3.473458,36.22506,-10.69681,12.087447,11.367708,4.7100573,10.62767,6.5865774,11.055404,-29.125034,62.00916,-5.71733,10.205369,6.914502,-9.10323,-16.198494,13.684043,64.17027,-10.100917,4.2817903,-4.7905374
2080,-230.72259521484375,61.39790344238281,75.4797134399414,-0.600288252857654,-4.324230419047233,-167.46940581241424,-21.392944,6.1775036,23.508568,27.157644,-2.8297684,8.736847,17.953966,-9.718448,-3.6109495,39.20178,-9.3297205,11.697461,11.060062,4.347626,10.468124,6.5435734,11.013088,-29.400028,62.64346,-5.705064,10.315166,6.88983,-8.4608345,-15.813781,13.218489,64.20488,-10.0896225,4.257413,-4.8208866
2081,-231.53121948242188,60.919864654541016,75.55707550048828,-0.4102496243895031,-4.4527525162555825,-167.0631465350901,-20.843113,5.54506,23.257698,27.811949,-3.6407907,9.053329,17.064821,-10.280711,-3.7888334,42.307255,-7.9559994,11.151043,10.740404,4.003617,10.411529,6.492837,10.980034,-29.558588,63.117783,-5.479789,10.6341715,6.845453,-7.8401885,-15.430626,12.752422,64.178986,-10.298949,4.3601623,-4.7098727
2082,-232.34353637695312,60.42658233642578,75.63752746582031,-0.24390918797221578,-4.637568923070064,-166.62950392176822,-20.109205,4.8793726,22.99534,28.22126,-4.5457444,9.207541,16.131073,-10.858332,-4.0367603,45.55214,-6.5484896,10.450783,10.392874,3.6794834,10.438342,6.4162664,10.953552,-29.645212,63.495224,-5.092152,11.098723,6.781955,-7.2265463,-15.048175,12.27786,64.10796,-10.666878,4.5507045,-4.5038176
2083,-233.1306915283203,59.93983840942383,75.71652221679688,-0.06465182344345971,-4.844197012449655,-166.19747885280358,-19.247137,4.1584353,22.753588,28.406494,-5.4438643,9.2822275,15.10736,-11.491054,-4.2786794,48.855206,-5.0488105,9.637997,10.0428705,3.3421443,10.513958,6.317259,10.935603,-29.701582,63.769867,-4.70193,11.607356,6.725812,-6.6345906,-14.67778,11.853394,64.01152,-11.076538,4.7627106,-4.2479973
2084,-233.906982421875,59.45410919189453,75.80384063720703,0.16436653828473496,-5.0381523534866695,-165.79740904691562,-18.312517,3.3633943,22.560602,28.386768,-6.2322516,9.355999,13.94521,-12.206228,-4.436206,52.13021,-3.3891358,8.763153,9.7154,2.9603336,10.604954,6.200661,10.930477,-29.766792,63.934288,-4.471242,12.056098,6.705855,-6.0775156,-14.338652,11.542035,63.909367,-11.408412,4.929345,-3.9875267
2085,-234.67681884765625,58.963497161865234,75.89009094238281,0.47665589482900994,-5.216871054093423,-165.4394765531299,-17.268204,2.453314,22.436604,28.08349,-6.8734074,9.434203,12.596653,-13.097158,-4.56479,55.449684,-1.384412,7.790999,9.420421,2.5043745,10.718618,6.0745797,10.939485,-29.825785,63.926727,-4.4329495,12.508,6.7424316,-5.5426445,-14.046643,11.362658,63.768677,-11.662706,5.06195,-3.700367
2086,-235.41636657714844,58.481658935546875,75.97335815429688,0.8532298209609628,-5.397577768151557,-165.11094314571184,-16.094015,1.4461858,22.359264,27.499142,-7.418011,9.48112,11.091155,-14.142385,-4.6823373,58.833183,0.8764822,6.6934505,9.147282,1.9944751,10.871244,5.9345016,10.960591,-29.865082,63.76845,-4.5051355,12.985065,6.815825,-5.0208793,-13.803787,11.283694,63.584343,-11.888835,5.184926,-3.3693984
2087,-236.14695739746094,57.984107971191406,76.05387878417969,1.2370068567104613,-5.57470657322551,-164.79859293036955,-14.864352,0.42018905,22.280262,26.763315,-7.8892274,9.508711,9.507701,-15.142725,-4.660151,62.086155,3.071382,5.574327,8.882888,1.4918613,11.038281,5.775258,10.994675,-29.929111,63.553078,-4.678082,13.338609,6.8988514,-4.5215545,-13.603256,11.290207,63.406994,-12.041963,5.2603183,-3.0473518
2088,-236.8530731201172,57.49319076538086,76.12613677978516,1.5682160823345466,-5.741448268306199,-164.49230886716717,-13.665742,-0.53606457,22.15919,26.033442,-8.323112,9.527668,7.918447,-15.849042,-4.359041,65.02948,4.87307,4.5903378,8.616901,1.0573919,11.194954,5.590605,11.044123,-30.06252,63.379147,-4.9411407,13.416451,6.962666,-4.0566654,-13.4345,11.365391,63.289753,-12.078166,5.2508836,-2.7883568
2089,-237.54803466796875,57.01908493041992,76.1917724609375,1.8392287494753077,-5.88514122679837,-164.19971502590954,-12.539318,-1.3989334,22.002178,25.35819,-8.728607,9.534355,6.2848253,-16.14995,-3.7066793,67.68784,6.3414087,3.8059502,8.353273,0.6995135,11.328558,5.3812847,11.110719,-30.281485,63.26029,-5.3595996,13.117856,7.00707,-3.6361756,-13.302262,11.5377655,63.248566,-11.945524,5.1175375,-2.6092415
2090,-238.23500061035156,56.55143737792969,76.26058197021484,2.0687796398515155,-6.011683929675176,-163.92775190502522,-11.43265,-2.1970932,21.827492,24.66477,-9.096765,9.519871,4.5957994,-16.105087,-2.7874973,70.12986,7.6201153,3.2073689,8.100514,0.3927931,11.453013,5.152115,11.2007885,-30.56235,63.145622,-5.9170523,12.542456,7.0398097,-3.2579424,-13.197541,11.803748,63.263695,-11.682807,4.890951,-2.482596
2091,-238.91390991210938,56.09577178955078,76.33316802978516,2.242912156770699,-6.141902639315194,-163.65148169500196,-10.33235,-2.918884,21.61289,23.982044,-9.449364,9.492367,2.937383,-15.714854,-1.696831,72.316734,8.4727745,2.858674,7.8412147,0.15146759,11.584018,4.900118,11.306781,-30.885937,63.039356,-6.4747925,11.842544,7.0447435,-2.904642,-13.114446,12.098804,63.318356,-11.378999,4.6377773,-2.3916774
2092,-239.59033203125,55.647499084472656,76.4053726196289,2.3507151757434155,-6.297442925722643,-163.34581744855333,-9.224331,-3.557646,21.338017,23.336975,-9.807335,9.462215,1.3944647,-15.002943,-0.530861,74.21602,8.650278,2.8022656,7.5606656,-0.019354697,11.73653,4.6165805,11.422493,-31.237183,62.9574,-6.8982334,11.167537,7.0132113,-2.5622516,-13.033495,12.354594,63.403973,-11.126055,4.424912,-2.3252134
2093,-240.26365661621094,55.20929718017578,76.47954559326172,2.378015284263823,-6.487680217476892,-163.01166449802489,-8.111125,-4.091218,21.00641,22.764038,-10.188935,9.434202,0.008773024,-13.789754,0.8386233,75.81325,7.8570447,3.2018943,7.254298,-0.10932977,11.916105,4.298829,11.54589,-31.624006,62.92448,-7.163222,10.476148,6.93778,-2.2375555,-12.944209,12.566318,63.53488,-10.917108,4.243903,-2.2982063
2094,-240.92755126953125,54.77372360229492,76.55414581298828,2.3428697137258623,-6.7029784647122925,-162.65774524837263,-6.9905705,-4.540237,20.633219,22.235258,-10.578525,9.403798,-1.2422726,-12.144329,2.3779538,77.15438,6.267734,3.9638553,6.924262,-0.12907586,12.116939,3.9373136,11.659522,-32.046173,62.95053,-7.336323,9.713307,6.8296046,-1.9367753,-12.859069,12.769703,63.715443,-10.713368,4.068013,-2.3124638
2095,-241.58656311035156,54.3517951965332,76.63134002685547,2.282020338783571,-6.9335608182735236,-162.27171319790259,-5.8428745,-4.9625573,20.21399,21.675566,-10.939943,9.369428,-2.4039567,-10.491501,3.77552,78.28615,4.357847,4.726188,6.5888233,-0.13868089,12.336662,3.54395,11.803865,-32.49945,62.97331,-7.432373,9.015773,6.710588,-1.6495829,-12.746272,12.930315,63.933567,-10.575401,3.9369495,-2.347576
2096,-242.24752807617188,53.92829132080078,76.70973205566406,2.2207189842302832,-7.165575807946391,-161.84506703894934,-4.6617236,-5.3967905,19.741835,21.031792,-11.246496,9.327474,-3.5532725,-9.214614,4.764686,79.23568,2.6386158,5.1713934,6.2423434,-0.15530677,12.564291,3.1078992,11.949821,-32.94601,62.98106,-7.4464536,8.514165,6.604731,-1.3679793,-12.622675,13.04677,64.174644,-10.547431,3.8877852,-2.375666
2097,-242.89593505859375,53.51055908203125,76.7825698852539,2.15168625713415,-7.401056315463825,-161.37160998471174,-3.4462376,-5.8355155,19.202255,20.308252,-11.498379,9.277851,-4.720255,-8.370074,5.297439,79.985596,1.2244748,5.2709613,5.8850336,-0.17298803,12.799851,2.6185458,12.095522,-33.395447,62.97857,-7.367546,8.252813,6.525629,-1.0865232,-12.483296,13.096959,64.438644,-10.671718,3.9520245,-2.3930912
2098,-243.5428924560547,53.09769058227539,76.85565948486328,2.063074678387166,-7.642495116026102,-160.85794490071467,-2.207398,-6.2559543,18.603365,19.540913,-11.713729,9.2232065,-5.883376,-7.7707725,5.537163,80.5176,-0.13289325,5.182452,5.5168557,-0.17946808,13.044734,2.079966,12.2405205,-33.858402,62.980972,-7.1977053,8.157669,6.45999,-0.8108037,-12.326531,13.092911,64.733,-10.912712,4.102575,-2.4126103
2099,-244.18980407714844,52.6888313293457,76.92607879638672,1.9653131301007505,-7.8756941216431535,-160.31791859076114,-0.95024383,-6.662967,17.967402,18.712841,-11.887892,9.160968,-7.050588,-7.3935905,5.5556226,80.84729,-1.4531666,4.9042006,5.152187,-0.18492757,13.2856865,1.5062087,12.382978,-34.324142,62.98059,-6.9642057,8.182846,6.391274,-0.5420051,-12.157897,13.064622,65.04922,-11.205792,4.2928777,-2.434309
2100,-244.83291625976562,52.28084182739258,76.98909759521484,1.8691927681615457,-8.087084923795926,-159.7647815588803,0.3181955,-7.0625205,17.3163,17.81033,-12.019043,9.088613,-8.225861,-7.2121124,5.421161,80.99264,-2.760166,4.435946,4.8032684,-0.1975673,13.5100765,0.9120027,12.520336,-34.779827,62.969074,-6.693428,8.282198,6.302597,-0.27875885,-11.986232,13.044566,65.374405,-11.484492,4.4774494,-2.4573994
2101,-245.47323608398438,51.87968444824219,77.05104064941406,1.7757179172632955,-8.276032945410227,-159.20332932498965,1.6139022,-7.456821,16.654745,16.801054,-12.097207,9.000918,-9.409754,-7.2590957,5.099215,80.958664,-4.082489,3.7256613,4.4745393,-0.21339594,13.71343,0.29434186,12.649549,-35.235508,62.948822,-6.3642797,8.499547,6.1803637,-0.015782898,-11.816827,13.028602,65.71451,-11.7468,4.6537666,-2.4781532
2102,-246.09828186035156,51.47385025024414,77.10293579101562,1.6750619889463902,-8.448585491579928,-158.62532987798608,2.9305832,-7.8330073,15.969309,15.714014,-12.133437,8.900121,-10.587545,-7.5094185,4.574715,80.72953,-5.4132147,2.8166118,4.157592,-0.22094674,13.90272,-0.35126337,12.768606,-35.694065,62.923607,-5.9697466,8.839818,6.034115,0.24816269,-11.649192,13.004854,66.06854,-12.020955,4.8429666,-2.49611
2103,-246.7358856201172,51.073490142822266,77.14996337890625,1.564073560603566,-8.60107591103447,-158.02522599431148,4.2295594,-8.178177,15.25629,14.620291,-12.1493225,8.795239,-11.741492,-7.8537,3.9401746,80.291565,-6.7196712,1.8453556,3.8450732,-0.22041175,14.082326,-1.0154852,12.878176,-36.131847,62.889904,-5.561029,9.199653,5.8834,0.50505924,-11.48618,12.993814,66.41732,-12.287827,5.0348196,-2.5173643
2104,-247.371337890625,50.66780471801758,77.19432830810547,1.4417982105125147,-8.73073935472033,-157.3978269645396,5.4751315,-8.4841585,14.51356,13.585071,-12.166523,8.696085,-12.860545,-8.193418,3.2859907,79.63341,-7.9610767,0.9383603,3.5272727,-0.21369821,14.25746,-1.6860967,12.98089,-36.520134,62.838596,-5.1887393,9.476274,5.74932,0.7474558,-11.330679,13.019189,66.73929,-12.526646,5.2194657,-2.5472257
2105,-247.9933319091797,50.2767448425293,77.2269287109375,1.3088735835403282,-8.836572180215029,-156.73237742867946,6.6571555,-8.753457,13.729444,12.622346,-12.182474,8.592818,-13.94793,-8.565682,2.566129,78.746086,-9.183204,0.087299,3.1933253,-0.20251693,14.435061,-2.3698957,13.07883,-36.84221,62.767647,-4.8528924,9.661559,5.6335387,0.96530664,-11.185182,13.084555,67.036415,-12.740748,5.4061747,-2.5867724
2106,-248.60411071777344,49.88896942138672,77.25646209716797,1.1657061989029807,-8.92000308734423,-156.03507270702582,7.7948394,-8.988515,12.910841,11.700637,-12.191474,8.484931,-14.995601,-8.987571,1.7462106,77.632744,-10.393665,-0.7449668,2.8488576,-0.18465959,14.611538,-3.0686276,13.173038,-37.113976,62.678444,-4.5319514,9.804145,5.5266,1.1647975,-11.050011,13.181239,67.316864,-12.936695,5.596362,-2.632676
2107,-249.19468688964844,49.49988555908203,77.27478790283203,1.0157177113749192,-8.980287464536948,-155.3269230096553,8.8735075,-9.182636,12.08982,10.858803,-12.223973,8.396842,-15.990484,-9.3500395,0.9344789,76.30248,-11.481601,-1.4961425,2.510637,-0.16048709,14.776065,-3.7618613,13.265199,-37.351814,62.565575,-4.2411485,9.887333,5.4343824,1.3616904,-10.9243965,13.313258,67.57001,-13.099617,5.7678313,-2.6846344
2108,-249.79539489746094,49.11809539794922,77.28842163085938,0.8639749400855786,-9.01796858836546,-154.6293849886477,9.883697,-9.335615,11.298261,10.12236,-12.303079,8.353435,-16.928205,-9.559476,0.24235724,74.766426,-12.330458,-2.1208577,2.1950893,-0.13268445,14.91856,-4.4285927,13.357505,-37.57208,62.422455,-3.9969156,9.8940935,5.3630095,1.5712817,-10.806592,13.485835,67.78497,-13.213973,5.8982797,-2.7425454
2109,-250.40109252929688,48.732723236083984,77.28551483154297,0.7112759034913365,-9.026354413560028,-153.94637931064779,10.810545,-9.446782,10.545908,9.512268,-12.437709,8.380221,-17.830376,-9.608991,-0.30501407,73.024025,-12.912782,-2.6671047,1.9080265,-0.10010812,15.029855,-5.062025,13.453051,-37.780712,62.242924,-3.7938347,9.797889,5.3178167,1.7970163,-10.698246,13.71853,67.96177,-13.254301,5.9760156,-2.8153334
2110,-251.00411987304688,48.34062194824219,77.28041076660156,0.559672754022499,-9.008187238641527,-153.2687321720528,11.664972,-9.526114,9.818023,9.005854,-12.612031,8.458902,-18.695705,-9.555489,-0.7675729,71.07212,-13.287047,-3.1548398,1.6415746,-0.05912158,15.1198015,-5.676947,13.542514,-37.96681,62.03507,-3.6250398,9.614896,5.295309,2.0365047,-10.608848,14.00134,68.097404,-13.234985,6.0142393,-2.8974118
2111,-251.60922241210938,47.958492279052734,77.26622009277344,0.41750180918245117,-8.975764539798277,-152.59701938240045,12.474582,-9.588911,9.108939,8.565504,-12.81277,8.548311,-19.492487,-9.411961,-1.1576128,68.9198,-13.460642,-3.5079298,1.3900205,-0.032160364,15.204063,-6.269901,13.645288,-38.123806,61.791748,-3.5119457,9.394775,5.2873907,2.2719703,-10.514132,14.300479,68.20655,-13.204313,6.029361,-2.978037
2112,-252.22265625,47.56554412841797,77.23820495605469,0.2931204831867409,-8.937996980601552,-151.9312375392775,13.27321,-9.648603,8.411301,8.139876,-13.022069,8.606888,-20.190702,-9.193942,-1.4858035,66.57354,-13.438334,-3.6524346,1.1514729,-0.019949578,15.299056,-6.85503,13.745451,-38.247356,61.530437,-3.4701629,9.184489,5.2865605,2.5071762,-10.421522,14.57249,68.280106,-13.208964,6.035262,-3.03704
2113,-252.82962036132812,47.18039321899414,77.2015609741211,0.18249013851435225,-8.897234536322621,-151.2583004465796,14.048558,-9.700309,7.712632,7.747842,-13.249656,8.617626,-20.78949,-8.910835,-1.7391566,64.014534,-13.205465,-3.55886,0.9172836,-0.028270861,15.409472,-7.4388123,13.850256,-38.325615,61.241837,-3.5233293,8.991868,5.288319,2.738972,-10.317967,14.819828,68.3119,-13.268248,6.0377674,-3.0819418
2114,-253.43783569335938,46.79204177856445,77.15575408935547,0.08115392885197478,-8.847104141558647,-150.5802254388408,14.784329,-9.737615,7.020222,7.4144254,-13.505792,8.604227,-21.306456,-8.565356,-1.9109564,61.245728,-12.762121,-3.2851143,0.691235,-0.050868586,15.524857,-8.018337,13.958957,-38.366196,60.929478,-3.655762,8.7927685,5.2975564,2.9662197,-10.205368,15.058185,68.311264,-13.355546,6.0276113,-3.1196449
2115,-254.04039001464844,46.40806579589844,77.09100341796875,-0.020224035022824438,-8.788033237643548,-149.91292882628747,15.357295,-9.738841,6.375222,7.412015,-13.931762,8.582852,-21.743881,-8.157345,-2.0300567,58.306213,-12.134752,-2.889533,0.4791005,-0.07139568,15.632685,-8.580495,14.064881,-38.391903,60.61494,-3.8283062,8.58912,5.3202815,3.1920547,-10.08875,15.271172,68.291435,-13.451339,6.005341,-3.1332986
2116,-254.64401245117188,46.023895263671875,77.01667785644531,-0.09525177346401137,-8.724009270277854,-149.28703056159196,15.898556,-9.751514,5.7882752,7.4845104,-14.391175,8.574005,-22.09359,-7.708781,-2.0937073,55.211773,-11.342687,-2.4244015,0.30295986,-0.11052237,15.724327,-9.113209,14.165051,-38.429085,60.320866,-4.0040383,8.382792,5.362898,3.4152238,-9.969636,15.441368,68.27162,-13.536533,5.971664,-3.108206
2117,-255.25045776367188,45.6319694519043,76.93124389648438,-0.14588357544409133,-8.653790524061874,-148.71309216152483,16.448086,-9.775174,5.268726,7.5414934,-14.844492,8.586347,-22.363346,-7.2155967,-2.064481,51.944435,-10.342264,-1.9429721,0.17679298,-0.16193235,15.800159,-9.622818,14.2561655,-38.48569,60.053867,-4.1983547,8.16807,5.438576,3.6400914,-9.846979,15.553248,68.245384,-13.621216,5.922809,-3.0363646
2118,-255.8647918701172,45.232460021972656,76.83707427978516,-0.17428854426274917,-8.578968063961709,-148.17720400661236,17.00408,-9.809586,4.8000493,7.581086,-15.288882,8.609232,-22.550694,-6.688062,-1.9316442,48.49366,-9.141892,-1.4121786,0.09039871,-0.21595944,15.866159,-10.122392,14.321849,-38.54833,59.81469,-4.421416,7.9443207,5.5404763,3.8794363,-9.740529,15.617442,68.18845,-13.707676,5.8592362,-2.9215698
2119,-256.49017333984375,44.826568603515625,76.73763275146484,-0.16716133050796084,-8.502672094444254,-147.668961389421,17.585154,-9.875459,4.3576026,7.5876617,-15.699129,8.631594,-22.638887,-6.159611,-1.7473152,44.894096,-7.8357506,-0.75736713,0.03137014,-0.31394935,15.914571,-10.590029,14.394588,-38.619213,59.592735,-4.632742,7.725418,5.6450176,4.099599,-9.602612,15.652817,68.15841,-13.77779,5.789288,-2.7881896
2120,-257.1207275390625,44.40637969970703,76.62564086914062,-0.11529120375954974,-8.431055660000931,-147.17523419322794,18.206413,-9.9898815,3.9153783,7.5512047,-16.051506,8.641383,-22.608131,-5.664501,-1.5664932,41.166096,-6.510177,0.09548494,-0.029942747,-0.44027665,15.949379,-11.018614,14.443005,-38.680878,59.393124,-4.783753,7.5198407,5.728118,4.328394,-9.497557,15.687593,68.119514,-13.795242,5.719442,-2.6293657
2121,-257.75970458984375,43.98469543457031,76.50054931640625,-0.006079225982358121,-8.369199986902888,-146.6984771414188,18.881845,-10.167412,3.4782972,7.4566836,-16.340431,8.638798,-22.425703,-5.2453723,-1.3788371,37.209805,-5.126419,1.1654344,-0.084120326,-0.63380176,15.967462,-11.401089,14.494555,-38.74143,59.211147,-4.852693,7.3231916,5.7856703,4.5365257,-9.372257,15.72291,68.12045,-13.745275,5.6500845,-2.4545329
2122,-258.398193359375,43.543792724609375,76.35839080810547,0.1533907818891648,-8.316976767204043,-146.2383428904069,19.60746,-10.396987,3.0487516,7.3027635,-16.572187,8.627541,-22.09515,-4.8940945,-1.1511148,33.00387,-3.6452827,2.4034424,-0.13439816,-0.8775084,15.973156,-11.741401,14.541735,-38.79472,59.043026,-4.8647413,7.132067,5.828879,4.73556,-9.247428,15.752603,68.136086,-13.6429,5.578034,-2.2551877
2123,-259.05999755859375,43.088905334472656,76.20894622802734,0.35286729050532967,-8.265629128066703,-145.7752077644236,20.340603,-10.660311,2.599049,7.1627564,-16.773043,8.60099,-21.643528,-4.586606,-0.9054985,28.66314,-2.1467283,3.7756114,-0.2049805,-1.1363941,15.969089,-12.043671,14.564346,-38.83748,58.888775,-4.8567195,6.9626184,5.859647,4.9594755,-9.177839,15.773391,68.111534,-13.518249,5.506773,-2.029057
2124,-259.7288818359375,42.62150955200195,76.04911804199219,0.586000980909347,-8.21089924874831,-145.28639113151763,21.018929,-10.945625,2.1021166,7.1535506,-16.992031,8.553413,-21.104406,-4.318605,-0.66611683,24.315807,-0.7224045,5.2417994,-0.29269525,-1.4526047,15.937099,-12.317338,14.597647,-38.908783,58.7694,-4.8771677,6.8368564,5.8839016,5.1575465,-9.057215,15.761595,68.1307,-13.426418,5.442055,-1.819291
2125,-260.4142150878906,42.14266586303711,75.8775634765625,0.8881502699717747,-8.158128500761647,-144.75032044825133,21.71937,-11.299915,1.5125817,7.1370544,-17.153088,8.4904785,-20.44552,-4.1599917,-0.434181,19.868494,0.61798173,6.8582706,-0.43550357,-1.8381503,15.882687,-12.547979,14.624898,-38.983967,58.66503,-4.9213176,6.769292,5.893089,5.3649125,-8.945426,15.718551,68.14541,-13.3675995,5.3788004,-1.6003159
2126,-261.1030578613281,41.65345001220703,75.6982192993164,1.2861907236564107,-8.120226242556296,-144.1519566172726,22.456654,-11.751648,0.81616545,7.1135926,-17.258728,8.420621,-19.621069,-4.1955953,-0.20941454,15.222619,1.9211074,8.599642,-0.64560246,-2.323477,15.814585,-12.738012,14.646312,-39.065495,58.578747,-4.972861,6.746634,5.8871484,5.5870457,-8.84237,15.650252,68.150826,-13.320468,5.316806,-1.3680465
2127,-261.8080139160156,41.157527923583984,75.50453186035156,1.760966155455292,-8.100686365642515,-143.48500909487638,23.22941,-12.2683935,0.009934628,7.0813255,-17.302923,8.344384,-18.64851,-4.426294,-0.02249511,10.502468,3.1851602,10.313271,-0.9212467,-2.8958282,15.745109,-12.903195,14.667193,-39.16445,58.526863,-5.040701,6.7422333,5.8764014,5.8169036,-8.742332,15.571879,68.14205,-13.280965,5.2658114,-1.1468863
2128,-262.5210266113281,40.64976119995117,75.31121826171875,2.254274069720002,-8.09236809030767,-142.7728149310753,24.018337,-12.77353,-0.8691083,7.0472164,-17.28907,8.253104,-17.86838,-4.7645607,0.1197037,6.488445,4.0863357,11.855928,-1.2471331,-3.4862332,15.684218,-13.053717,14.686328,-39.275875,58.51576,-5.133403,6.728586,5.871383,6.051317,-8.669297,15.513715,68.09667,-13.236309,5.2352896,-0.9537362
2129,-263.23944091796875,40.13969421386719,75.12859344482422,2.72147953209104,-8.078111573153745,-142.03796681287128,24.801485,-13.2106,-1.7932817,7.0149336,-17.228703,8.13065,-18.811018,-5.058501,0.407736,6.3155193,2.9708757,13.275137,-1.5954515,-4.053682,15.623203,-13.200681,14.708071,-39.419373,58.555912,-5.2786865,6.6855783,5.8778596,6.2779717,-8.604326,15.466717,68.02542,-13.195896,5.233345,-0.8031974
2130,-263.9681396484375,39.62553024291992,74.95661926269531,3.1507134237605947,-8.05508548697343,-141.30126829980156,25.57687,-13.571185,-2.7362816,6.984823,-17.126451,7.973827,-19.707666,-5.319151,0.6878704,6.1998086,1.7967497,14.607834,-1.9132301,-4.6004996,15.552835,-13.349595,14.751577,-39.63739,58.64191,-5.4826107,6.634441,5.8947396,6.4855366,-8.493981,15.386382,67.965195,-13.177072,5.25221,-0.694271
2131,-264.7098083496094,39.122310638427734,74.80712127685547,3.4787816594808394,-8.04033652497718,-140.65207333487066,26.359459,-13.779862,-3.5800467,6.965474,-16.999212,7.7620406,-20.490808,-5.433195,0.8037313,6.1611347,0.6292131,15.000033,-2.1733224,-5.0321064,15.500922,-13.464285,14.790801,-39.819664,58.747997,-5.663982,6.602763,5.912903,6.660413,-8.411553,15.339675,67.90758,-13.148018,5.2787933,-0.60208243
2132,-265.4759216308594,38.63477325439453,74.68370819091797,3.7112240633803926,-8.018461464712072,-140.09351303193546,27.128174,-13.861153,-4.302964,6.9501595,-16.8242,7.5159645,-21.081343,-5.501504,0.6541109,6.1411266,-0.39966682,15.000033,-2.3493795,-5.3504634,15.455502,-13.547348,14.829523,-39.976574,58.86403,-5.7864347,6.623387,5.933592,6.7929935,-8.339406,15.3066,67.87384,-13.108675,5.2986183,-0.5189511
2133,-266.2270202636719,38.132938385009766,74.5841293334961,3.848720951629726,-7.966824705349283,-139.6140070547163,27.85476,-13.825956,-4.9010105,6.938544,-16.605862,7.2503,-21.471437,-5.5463715,0.08899493,6.121256,-1.3142834,15.000033,-2.454486,-5.555433,15.404255,-13.605617,14.86747,-40.10528,58.9922,-5.8359075,6.7092853,5.9471984,6.86667,-8.276412,15.285199,67.872284,-13.04779,5.306992,-0.4431842
2134,-266.97882080078125,37.629615783691406,74.50025939941406,3.9428235989139435,-7.88242271712459,-139.1872071096216,28.536745,-13.734821,-5.4211082,6.923891,-16.331213,6.9692926,-21.723673,-5.571702,-0.7861502,6.146793,-2.1391072,15.000033,-2.5104673,-5.7075396,15.335363,-13.64053,14.910382,-40.22151,59.138493,-5.841536,6.843547,5.956464,6.8964086,-8.214209,15.274032,67.893105,-12.973449,5.3132453,-0.38290864
2135,-267.7373962402344,37.106876373291016,74.42903137207031,3.990892347656569,-7.7765857396205185,-138.8100137465527,29.185854,-13.588531,-5.876923,6.9075894,-15.974676,6.6576657,-21.80628,-5.554085,-1.7603953,6.164088,-2.7085247,15.000033,-2.5372765,-5.785394,15.247348,-13.634996,14.9333725,-40.28381,59.304085,-5.7904105,7.007262,5.9779963,6.89735,-8.186496,15.2834,67.9273,-12.906514,5.3187704,-0.32820898
2136,-268.49395751953125,36.57620620727539,74.37279510498047,4.001495454734973,-7.640953441551353,-138.48314478558316,29.793068,-13.401857,-6.2812963,6.8878055,-15.506931,6.3016763,-21.741081,-5.489646,-2.6008868,6.1729627,-2.8844686,15.000033,-2.495475,-5.8218274,15.107792,-13.572609,14.967245,-40.357815,59.471363,-5.732707,7.1892705,6.0438437,6.8930492,-8.150703,15.303737,67.988594,-12.862221,5.329616,-0.29248804
2137,-269.25347900390625,36.026275634765625,74.33651733398438,3.977396263886465,-7.4882055036020505,-138.21849800466302,30.380278,-13.185529,-6.6169157,6.86534,-14.946326,5.9170465,-21.441946,-5.392945,-3.3394983,6.17473,-2.6216867,15.000033,-2.392043,-5.7992606,14.929558,-13.438327,14.984897,-40.385757,59.64541,-5.6220202,7.3929725,6.165053,6.8802447,-8.136061,15.340037,68.082344,-12.857717,5.331055,-0.2629769
2138,-270.02667236328125,35.45280838012695,74.32398986816406,3.8821672377990244,-7.322520909070737,-138.02881456841985,30.954771,-12.899328,-6.8562155,6.842835,-14.31398,5.4941196,-20.93467,-5.225365,-4.053314,6.218786,-2.0425138,15.000033,-2.2312615,-5.696906,14.713394,-13.216761,15.012644,-40.381824,59.81264,-5.481009,7.624686,6.336255,6.832786,-8.122023,15.433307,68.23284,-12.856719,5.3302765,-0.25223812
2139,-270.8142395019531,34.88438034057617,74.33442687988281,3.675503194371869,-7.1480931960014065,-137.94696925142622,31.48798,-12.491209,-6.96952,6.8752446,-13.621374,4.970633,-20.371475,-4.7949915,-4.567849,6.2920766,-1.1977544,14.024566,-1.9863923,-5.4716697,14.495612,-12.948469,15.049314,-40.320713,59.970425,-5.3050957,7.8687463,6.508233,6.748932,-8.120743,15.540789,68.39667,-12.878086,5.3499928,-0.25790364
2140,-271.60711669921875,34.32684326171875,74.37657165527344,3.337209201752548,-6.94755340845437,-137.90095589497722,31.935675,-11.937583,-7.033273,6.9698014,-12.8144865,4.3159485,-19.888575,-4.147109,-4.7930617,6.3296614,-0.10842901,12.646307,-1.6884682,-5.0931816,14.280251,-12.695818,15.082875,-40.255756,60.13202,-5.1281333,8.1092415,6.6474166,6.651535,-8.133946,15.582859,68.51834,-12.942085,5.41407,-0.28002328
2141,-272.3946533203125,33.76043701171875,74.4397964477539,2.839839685417639,-6.6659135955769315,-137.8627838320004,32.12656,-11.213243,-7.0408063,7.3557477,-12.033764,3.5306547,-19.607529,-3.2511623,-4.5953774,6.3651295,1.3694657,10.828969,-1.366434,-4.534059,14.0233,-12.467779,15.117026,-40.19301,60.279263,-4.924575,8.370421,6.749296,6.5321307,-8.154874,15.531885,68.5778,-13.09459,5.5536623,-0.3160453
2142,-273.189697265625,33.202186584472656,74.53658294677734,2.1977344750581174,-6.317377592895161,-137.82247008318922,31.36691,-10.4223,-6.876996,9.55738,-12.096276,2.626433,-19.432724,-2.1590369,-4.1415343,6.3940973,3.237358,8.644307,-1.0279803,-3.8141794,13.726045,-12.238455,15.164679,-40.131413,60.39992,-4.696941,8.652011,6.8279214,6.401631,-8.188785,15.404601,68.58608,-13.321749,5.7462416,-0.36101395
2143,-273.9964599609375,32.643402099609375,74.63925170898438,1.5096451709339787,-5.966055884617963,-137.7366279035926,30.534868,-9.583235,-6.8076434,11.885378,-12.045612,1.5915089,-19.263035,-1.0598588,-3.730381,6.424948,5.1898146,6.5489545,-0.7193305,-3.041036,13.41434,-11.977508,15.22579,-40.06854,60.51039,-4.5082393,8.907243,6.885635,6.271044,-8.239896,15.265082,68.59083,-13.52256,5.939846,-0.42824158
2144,-274.82275390625,32.058006286621094,74.7181167602539,0.8778200468671419,-5.68487796414598,-137.59067367637684,29.76155,-8.817661,-6.9059567,14.217055,-11.754017,0.41844454,-20.083635,-0.19837977,-3.585992,8.809281,5.643559,4.970882,-0.4715778,-2.3240302,13.12475,-11.6585655,15.290567,-39.983486,60.64278,-4.4155707,9.086626,6.9251184,6.134437,-8.312771,15.192073,68.65396,-13.592535,6.084124,-0.5338594
2145,-275.6565856933594,31.469282150268555,74.7883071899414,0.3274639339895495,-5.504828522994963,-137.39361926711976,29.096567,-8.153326,-7.1887856,16.531712,-11.192618,-0.8739401,-20.566961,0.44352984,-3.765346,10.854832,5.9797177,4.128337,-0.27055627,-1.681293,12.87131,-11.277699,15.3519745,-39.8914,60.82078,-4.4683614,9.147227,6.937949,6.006979,-8.412753,15.182639,68.789665,-13.466548,6.1475186,-0.6947382
2146,-276.4844665527344,30.86777114868164,74.87004089355469,-0.18934890243113855,-5.3866852851003335,-137.17538509214344,28.47303,-7.5465636,-7.6022615,18.87737,-10.426265,-2.2878337,-20.808348,0.9517753,-4.0908957,12.638392,6.3100677,3.7296126,-0.08299623,-1.0593901,12.637987,-10.853022,15.405646,-39.79241,61.03388,-4.621333,9.124068,6.927479,5.883948,-8.538298,15.207113,68.96337,-13.211057,6.165823,-0.89786035
2147,-277.3017578125,30.251907348632812,74.95188903808594,-0.6752215957817241,-5.304813203865272,-136.96879095129668,27.836437,-7.022047,-8.091028,21.269182,-9.482427,-3.8537898,-20.944614,1.3776412,-4.458209,14.345837,6.474817,3.4373994,0.10532916,-0.45899513,12.427034,-10.389219,15.447293,-39.63847,61.257046,-4.7878103,9.084037,6.9134426,5.7155952,-8.685106,15.298685,69.18941,-12.919494,6.1730437,-1.118099
2148,-278.09918212890625,29.6408748626709,75.0341796875,-1.122900550697011,-5.237489023690209,-136.8000670863878,27.135881,-6.614259,-8.612399,23.727694,-8.388401,-5.6011186,-21.07289,1.7776192,-4.773819,16.073889,6.3484354,2.9379387,0.29673162,0.10862636,12.244536,-9.8829565,15.476031,-39.37148,61.457226,-4.8778377,9.094348,6.915477,5.4551277,-8.852522,15.497304,69.47572,-12.683111,6.2058296,-1.3290877
2149,-278.88720703125,29.028377532958984,75.11058807373047,-1.518635153985834,-5.189605194182772,-136.68558170623317,26.37814,-6.3532214,-9.172686,26.27903,-7.134371,-7.623068,-21.239834,2.1773775,-4.9967456,17.907084,5.855912,2.1262844,0.48792154,0.63122386,12.090811,-9.301517,15.489092,-38.936237,61.62846,-4.855405,9.163559,6.9497533,5.078828,-9.040799,15.860945,69.87702,-12.480445,6.2531033,-1.5542719
2150,-279.6583557128906,28.411418914794922,75.18199920654297,-1.8581081253946137,-5.176046575034271,-136.61651268142566,25.56358,-6.2412834,-9.796473,28.975767,-5.7460957,-9.866991,-21.38603,2.5453644,-5.155496,19.783112,5.0708866,1.1963043,0.6796435,1.1064279,11.969685,-8.654992,15.487376,-38.36575,61.783062,-4.771881,9.258633,7.001784,4.6130695,-9.249686,16.364607,70.374466,-12.275558,6.302146,-1.797073
2151,-280.4073181152344,27.815776824951172,75.2623291015625,-2.1482820508053604,-5.188587112048428,-136.57529221898568,24.634596,-6.270751,-10.469918,31.871912,-4.2926073,-12.148405,-21.425259,2.870809,-5.2730007,21.511778,4.1177654,0.29848105,0.8801711,1.5368612,11.891949,-8.001467,15.476064,-37.73372,61.91235,-4.6605024,9.384421,7.0451965,4.087755,-9.475385,16.916214,70.86386,-12.139051,6.388404,-2.001687
2152,-281.1392517089844,27.22821807861328,75.34284210205078,-2.4068297259425697,-5.215433987541607,-136.54239036788005,23.551046,-6.421535,-11.1733055,34.975254,-2.8250346,-14.297078,-21.27648,3.156754,-5.387704,22.905554,3.1274276,-0.41901532,1.099376,1.9350362,11.864664,-7.401909,15.463662,-37.125744,62.01251,-4.5607095,9.545532,7.054196,3.5310073,-9.712565,17.416557,71.24138,-12.142075,6.5480137,-2.1128316
2153,-281.8503723144531,26.628368377685547,75.42213439941406,-2.5607922906330645,-5.269485540430019,-136.53775156669718,22.317848,-6.7604628,-11.552422,38.289074,-1.135561,-15.000033,-20.972292,3.3366876,-5.4573627,24.06878,1.9894024,-0.87399375,1.3617084,2.2409632,11.908541,-6.852487,15.45503,-36.52049,62.062313,-4.428704,9.77499,7.0127964,2.932406,-9.958137,17.836632,71.48909,-12.367094,6.8278565,-2.0784338
2154,-282.49114990234375,26.037681579589844,75.50310516357422,-2.495841542315007,-5.356681590814256,-136.57054661320848,20.968058,-7.3034277,-11.588632,41.69011,0.8362914,-15.000033,-20.658356,3.3034081,-5.4009557,25.31127,0.5596206,-1.1227674,1.6651672,2.3364143,12.024012,-6.3277864,15.450452,-35.893795,62.066616,-4.2648664,10.060304,6.937281,2.283881,-10.211128,18.224989,71.65839,-12.75864,7.1958985,-1.9383495
2155,-283.14788818359375,25.45289421081543,75.59850311279297,-2.451648592569387,-5.440252566189733,-136.58509048381262,19.445717,-7.7779903,-11.542559,45.223274,2.649114,-15.000033,-20.198298,3.295103,-5.384976,26.246357,-0.8245082,-1.2808704,1.9615463,2.447248,12.161738,-5.851713,15.453198,-35.32669,62.06337,-4.169288,10.337535,6.8517327,1.6105591,-10.471569,18.5928,71.75415,-13.181454,7.5703397,-1.7781214
2156,-283.8041687011719,24.877197265625,75.705322265625,-2.48105208843485,-5.487396636816954,-136.54097514258044,17.77364,-8.143408,-11.562961,48.735317,3.9912918,-15.000033,-19.634636,3.3354456,-5.442656,26.872293,-2.0181172,-1.4106191,2.2233613,2.622225,12.278114,-5.450249,15.465836,-34.90857,62.0916,-4.2445445,10.543686,6.781515,0.94334835,-10.739015,18.943274,71.775444,-13.499963,7.8708706,-1.6850588
2157,-284.44830322265625,24.319250106811523,75.8126220703125,-2.6259271644472375,-5.475540103712304,-136.41769389616783,15.9249115,-8.459112,-11.814838,52.281384,4.8381658,-15.000033,-18.963972,3.4541864,-5.6144156,27.130102,-2.9774776,-1.5222678,2.4366148,2.8998175,12.350687,-5.1428647,15.492805,-34.686436,62.165085,-4.5935388,10.657749,6.741623,0.28221998,-11.014238,19.28061,71.70757,-13.701656,8.099121,-1.6756228
2158,-285.0765380859375,23.781232833862305,75.92385864257812,-2.8510920227398775,-5.423459623677239,-136.2427323130136,13.934322,-8.79151,-12.245492,55.869877,5.343551,-15.000033,-18.187782,3.6377378,-5.876167,27.060053,-3.7894783,-1.5930535,2.6246285,3.248668,12.403041,-4.9117994,15.535329,-34.611134,62.26139,-5.138106,10.71534,6.716553,-0.38336912,-11.296764,19.595312,71.55142,-13.851829,8.290874,-1.706196
2159,-285.6763000488281,23.2657413482666,76.03561401367188,-3.0974133944592466,-5.361721120822232,-136.04851026938525,11.913031,-9.1147995,-12.70342,59.28517,5.460483,-15.000033,-17.342129,3.8458726,-6.1597447,26.791,-4.4954286,-1.6310391,2.8161786,3.6130912,12.458925,-4.728729,15.58902,-34.62751,62.37026,-5.710014,10.737421,6.686677,-1.0446682,-11.586578,19.871368,71.336975,-13.930347,8.417488,-1.7781268
2160,-286.2745056152344,22.76128387451172,76.15570068359375,-3.3101098947761827,-5.320105972242713,-135.8647528743461,9.948701,-9.369409,-13.041317,62.33522,5.134901,-15.000033,-16.457441,4.0393763,-6.400213,26.448957,-5.1365404,-1.6396973,3.0379295,3.9416955,12.539996,-4.566553,15.64535,-34.67871,62.48319,-6.1389174,10.746659,6.6329904,-1.6921712,-11.88415,20.092848,71.095,-13.917116,8.449951,-1.8923551
2161,-286.8629150390625,22.263248443603516,76.28221130371094,-3.501371392256282,-5.30038380409365,-135.67985861588937,8.040995,-9.546785,-13.32486,65.01082,4.190851,-15.000033,-15.505775,4.22907,-6.6052637,25.989214,-5.6893144,-1.604366,3.2855098,4.244862,12.647193,-4.4457,15.700406,-34.793175,62.63025,-6.3970194,10.724763,6.536056,-2.323652,-12.192047,20.247974,70.8222,-13.780355,8.352989,-2.0548723
2162,-287.444580078125,21.769805908203125,76.41771697998047,-3.696724677572835,-5.285022726294547,-135.48348754780346,6.1381335,-9.673824,-13.630052,67.419815,2.7048938,-15.000033,-14.478087,4.43365,-6.8010783,25.35686,-6.1366143,-1.526946,3.548826,4.5482516,12.764296,-4.376104,15.75339,-34.987392,62.811325,-6.5680704,10.668561,6.4112477,-2.9423633,-12.512028,20.346506,70.50605,-13.540089,8.150307,-2.2628
2163,-288.013671875,21.25815200805664,76.56063079833984,-3.8627440081332627,-5.275575710163561,-135.30176764100835,4.241748,-9.704949,-13.821478,69.52756,1.0301852,-15.000033,-13.414823,4.6238894,-6.9549394,24.64105,-6.5221996,-1.4298763,3.837781,4.824488,12.888392,-4.3167205,15.798351,-35.18527,62.98422,-6.652284,10.615365,6.2917404,-3.5474045,-12.841825,20.408094,70.163795,-13.254974,7.902324,-2.5037572
2164,-288.574462890625,20.752321243286133,76.70567321777344,-3.9670661458760477,-5.275822947964103,-135.16266518513046,2.3582213,-9.592286,-13.768965,71.299934,-0.4994044,-15.000033,-12.35915,4.77074,-7.035791,23.941874,-6.8957767,-1.3363887,4.1602554,5.047839,13.018007,-4.2242937,15.8271475,-35.305553,63.108322,-6.64669,10.601589,6.2105923,-4.1423717,-13.176206,20.458643,69.81693,-12.980727,7.670454,-2.7669868
2165,-289.12176513671875,20.249380111694336,76.8524398803711,-3.980395663997484,-5.295773147198238,-135.0826701527504,0.48371387,-9.315229,-13.409908,72.71101,-1.8228549,-15.000033,-11.31969,4.8476243,-7.0120654,23.300346,-7.274143,-1.2428222,4.5290284,5.1905837,13.160253,-4.0885396,15.832166,-35.327347,63.18417,-6.5072412,10.638263,6.1867495,-4.7268586,-13.51359,20.511343,69.46688,-12.702722,7.450373,-3.0761905
2166,-289.6673583984375,19.74551773071289,77.00289154052734,-3.928977483937321,-5.334089449676042,-135.04892290472793,-1.3800882,-8.874651,-12.821773,73.78796,-3.1198742,-15.000033,-10.2715025,4.876288,-6.9049907,22.65968,-7.6291537,-1.1376305,4.937844,5.2774363,13.314563,-3.9339056,15.811571,-35.28961,63.240013,-6.2478175,10.702976,6.1994014,-5.305053,-13.853839,20.556425,69.11435,-12.400029,7.213333,-3.429277
2167,-290.2131652832031,19.231718063354492,77.15149688720703,-3.8633473958660765,-5.379343204391177,-135.04528231123047,-3.2134106,-8.255161,-12.081523,74.56808,-4.40901,-15.000033,-9.201988,4.901747,-6.762469,21.967392,-7.942188,-1.0348178,5.366871,5.3578715,13.467822,-3.766628,15.767991,-35.200863,63.270977,-5.951413,10.787675,6.2228637,-5.8844523,-14.193376,20.584524,68.77053,-12.120073,6.9926233,-3.7773297
2168,-290.75970458984375,18.71860694885254,77.29792022705078,-3.7857636091557816,-5.426026114138077,-135.05127833226794,-4.9907913,-7.478675,-11.226116,75.06007,-5.682297,-15.000033,-8.133914,4.9078684,-6.61769,21.26886,-8.247419,-0.9370476,5.7898407,5.4330606,13.618872,-3.59022,15.707113,-35.06818,63.269268,-5.7015295,10.882757,6.2308226,-6.4738846,-14.524719,20.58656,68.44911,-11.909829,6.820778,-4.0724664
2169,-291.2864685058594,18.193721771240234,77.43710327148438,-3.629170098154033,-5.488052119113563,-135.05914071471187,-6.69424,-6.527487,-10.123541,75.21963,-6.968865,-14.900059,-7.1108394,4.8023014,-6.4594703,20.705776,-8.626938,-0.832778,6.197352,5.436679,13.790522,-3.3953364,15.630918,-34.87376,63.216793,-5.484941,11.009754,6.2173634,-7.082624,-14.843549,20.551022,68.169174,-11.79027,6.707998,-4.3121595
2170,-291.7972412109375,17.668914794921875,77.56084442138672,-3.4610841169048494,-5.558102485596719,-135.08285395329116,-8.360967,-5.093123,-8.357476,75.0833,-8.301014,-13.254594,-6.0649915,4.6719356,-6.2878046,20.107666,-8.984342,-0.7244029,6.6069846,5.448439,13.96183,-3.1808798,15.540439,-34.62119,63.11979,-5.270884,11.165835,6.1953897,-7.7071533,-15.14789,20.487455,67.9237,-11.733737,6.6374655,-4.5200334
2171,-292.3070983886719,17.149110794067383,77.68243408203125,-3.30227941445494,-5.621178242570443,-135.11693300696078,-9.910832,-3.5956624,-6.552685,74.681206,-9.617976,-11.649053,-5.016515,4.549034,-6.118798,19.473166,-9.314019,-0.617685,7.010363,5.469599,14.118897,-2.9596372,15.440533,-34.343475,63.003895,-5.110129,11.305055,6.168517,-8.345097,-15.438584,20.419382,67.69602,-11.7134495,6.600978,-4.6896715
2172,-292.8143310546875,16.623077392578125,77.79039764404297,-3.1603998102882573,-5.663276138425723,-135.15429425925186,-11.34588,-2.147596,-4.8152976,74.027504,-10.803066,-10.169188,-3.9921403,4.4387155,-5.961055,18.825825,-9.62494,-0.5043009,7.3985286,5.502442,14.247664,-2.744089,15.338833,-34.077206,62.8916,-5.0569477,11.3817425,6.140737,-8.990028,-15.716492,20.368715,67.46345,-11.701845,6.5900207,-4.813841
2173,-293.3192138671875,16.096288681030273,77.8891830444336,-3.0395024089889433,-5.678973816253444,-135.18977813898104,-12.681433,-0.71300834,-3.0966737,73.11278,-11.871986,-8.777857,-2.9903693,4.346582,-5.819685,18.152573,-9.908556,-0.3904463,7.7673583,5.5477242,14.341497,-2.5285916,15.24198,-33.82483,62.77386,-5.1571217,11.376592,6.1142735,-9.639598,-15.980815,20.33608,67.216255,-11.715074,6.628192,-4.8828864
2174,-293.82086181640625,15.563492774963379,77.97624206542969,-2.9332920598170076,-5.675665917718646,-135.22763506748075,-13.908251,0.7308218,-1.3391302,71.92932,-12.869181,-7.455968,-1.998398,4.26764,-5.688718,17.446087,-10.16542,-0.2810096,8.121042,5.599837,14.409405,-2.3035111,15.152394,-33.569687,62.633404,-5.372434,11.318097,6.085771,-10.298242,-16.231812,20.311384,66.9673,-11.760018,6.7112455,-4.9032426
2175,-294.3210754394531,15.032328605651855,78.0501937866211,-2.8355956192467584,-5.657103259119535,-135.2726437602987,-15.017536,2.0697045,0.3693617,70.49645,-13.701862,-6.2918544,-1.0317545,4.1920714,-5.5631223,16.748432,-10.41864,-0.16582805,8.462608,5.653992,14.461337,-2.0762155,15.069495,-33.316795,62.48446,-5.6283183,11.228086,6.05057,-10.964164,-16.4708,20.297976,66.72042,-11.79512,6.7894015,-4.8910913
2176,-294.81658935546875,14.497867584228516,78.10904693603516,-2.7417466636719725,-5.626589431417757,-135.32940608005592,-16.014605,3.2043855,1.9368322,68.83313,-14.264368,-5.357397,-0.105289765,4.111627,-5.4391327,16.097254,-10.690016,-0.03325262,8.795665,5.7076287,14.505521,-1.8544855,14.990781,-33.071198,62.33839,-5.848976,11.132645,6.0048146,-11.634855,-16.700317,20.297176,66.47992,-11.779723,6.8127236,-4.862781
2177,-295.2984313964844,13.96213436126709,78.1492919921875,-2.647313179004034,-5.576835426376816,-135.40121446599252,-16.927406,4.1537523,3.3877215,66.929146,-14.481119,-4.6289587,0.7669767,4.019467,-5.317074,15.4967985,-10.977919,0.13106358,9.119971,5.756992,14.539006,-1.642219,14.914927,-32.832794,62.195324,-6.0329275,11.026181,5.941183,-12.316812,-16.923468,20.30821,66.25139,-11.6936035,6.7560124,-4.814518
2178,-295.7799072265625,13.431244850158691,78.17538452148438,-2.5573098647864074,-5.507570471150906,-135.48415544389803,-17.761118,4.9687467,4.7678766,64.77616,-14.406065,-4.0609903,1.5960261,3.9230752,-5.2004895,14.926312,-11.2723675,0.3170677,9.434306,5.806712,14.558392,-1.435722,14.841317,-32.600937,62.050728,-6.2146072,10.89975,5.863691,-13.004793,-17.1401,20.327253,66.02627,-11.562272,6.649912,-4.7394133
2179,-296.2682800292969,12.888842582702637,78.19100189208984,-2.480967051518668,-5.431859378841863,-135.5725401075952,-18.502975,5.611278,6.0052075,62.399204,-14.1192045,-3.678422,2.4088595,3.8361201,-5.0895147,14.373698,-11.574913,0.5020905,9.740151,5.866176,14.569444,-1.2336489,14.767686,-32.379898,61.91528,-6.371903,10.771411,5.7864547,-13.686391,-17.349737,20.358437,65.79482,-11.408456,6.5287204,-4.650684
2180,-296.7552795410156,12.352325439453125,78.19708251953125,-2.428098575749924,-5.3630682187853225,-135.66053643215278,-19.142849,6.049738,7.017,59.818604,-13.698003,-3.50363,3.2295966,3.771687,-4.9836035,13.831841,-11.889265,0.66373473,10.039358,5.9461846,14.577841,-1.03629,14.69066,-32.174038,61.801037,-6.483121,10.659581,5.724092,-14.346361,-17.550669,20.402592,65.54527,-11.257607,6.426875,-4.561348
2181,-297.2466125488281,11.802552223205566,78.18637084960938,-2.4004718947634984,-5.296563599877572,-135.75088064658246,-19.703236,6.2686434,7.7347646,57.01861,-13.094897,-3.5279977,4.059545,3.7343276,-4.87968,13.2838545,-12.210351,0.8007495,10.335158,6.0488753,14.580657,-0.8517616,14.607993,-31.990213,61.716515,-6.53843,10.564515,5.674204,-14.99017,-17.742846,20.46382,65.27128,-11.1092825,6.3591385,-4.4629846
2182,-297.7297668457031,11.254230499267578,78.16218566894531,-2.3950045939051097,-5.227777965552886,-135.845680506036,-20.191628,6.318721,8.195272,53.988594,-12.284917,-3.7185178,4.883462,3.7186446,-4.7782335,12.745057,-12.5389,0.92358506,10.626399,6.170781,14.5746,-0.6794406,14.518885,-31.823626,61.657547,-6.5499716,10.477794,5.631938,-15.62169,-17.926928,20.537613,64.97894,-10.954455,6.306393,-4.3526993
2183,-298.2143249511719,10.70397663116455,78.12474060058594,-2.414102073167822,-5.170828655801688,-135.93844161550595,-20.57439,6.2668295,8.471168,50.756985,-11.37853,-4.061743,5.7225738,3.7258523,-4.6845584,12.212582,-12.872048,1.0288545,10.90873,6.3148065,14.565808,-0.50980204,14.422485,-31.663252,61.619267,-6.530912,10.403463,5.6080627,-16.227713,-18.101137,20.618258,64.68221,-10.797983,6.2486367,-4.2532706
2184,-298.69586181640625,10.146641731262207,78.07250213623047,-2.4598799243628306,-5.140184723184029,-136.02323926912908,-20.811361,6.170973,8.641882,47.336456,-10.482007,-4.549319,6.5978765,3.7571254,-4.6020265,11.684384,-13.2061205,1.1125048,11.177716,6.48321,14.56046,-0.3304628,14.317695,-31.494625,61.59518,-6.4912133,10.345866,5.613279,-16.797863,-18.262596,20.70002,64.39937,-10.645867,6.164295,-4.18795
2185,-299.1872863769531,9.58682632446289,78.0044937133789,-2.534843117516773,-5.1391209670116895,-136.10396040866567,-20.862919,6.012242,8.684837,43.62671,-9.597302,-5.263199,7.5157375,3.8162987,-4.5287356,11.151876,-13.537758,1.1668725,11.436455,6.678559,14.561003,-0.1405334,14.203477,-31.31298,61.589874,-6.415032,10.303586,5.6603537,-17.332502,-18.410536,20.780561,64.12655,-10.492565,6.043991,-4.1587234
2186,-299.6768798828125,9.015833854675293,77.91754150390625,-2.640467000794671,-5.161757879585003,-136.18467747995408,-20.74099,5.802367,8.556716,39.621803,-8.670154,-6.1567616,8.470112,3.9072607,-4.459024,10.609504,-13.864437,1.1954894,11.687951,6.902913,14.563629,0.05420271,14.079814,-31.125006,61.605755,-6.302592,10.275094,5.7404966,-17.839304,-18.545404,20.864218,63.86181,-10.337098,5.899323,-4.1550136
2187,-300.17376708984375,8.427542686462402,77.8222885131836,-2.7769727395027455,-5.208616888643611,-136.25978682257542,-20.487936,5.625221,8.322134,35.478218,-7.7140374,-7.0420218,9.466329,4.0306244,-4.39245,10.0532055,-14.179298,1.2136673,11.927422,7.156656,14.564249,0.2548097,13.948026,-30.934526,61.63368,-6.189933,10.265044,5.832215,-18.312027,-18.664576,20.954174,63.613823,-10.194427,5.747002,-4.179741
2188,-300.6760559082031,7.823150634765625,77.71283721923828,-2.942859751351709,-5.279410118840367,-136.32262589960254,-20.155539,5.543364,8.0576105,31.363844,-6.739329,-7.7481165,10.508955,4.18477,-4.329087,9.479415,-14.475741,1.2381347,12.148955,7.437085,14.558212,0.46334246,13.810925,-30.745039,61.664658,-6.1138935,10.277422,5.9139714,-18.747816,-18.764456,21.055183,63.395428,-10.079337,5.603701,-4.2366962
2189,-301.1811218261719,7.208895683288574,77.58504486083984,-3.1540103756702225,-5.386954285586356,-136.37211303798637,-19.729347,5.5499244,7.764123,27.245064,-5.7170305,-8.260894,11.631706,4.3863516,-4.2627354,8.853127,-14.746743,1.2745037,12.3507,7.761344,14.547586,0.690186,13.669527,-30.542978,61.69465,-6.0887747,10.321668,5.9876304,-19.144653,-18.842457,21.183739,63.214565,-9.99188,5.4672084,-4.350831
2190,-301.6871032714844,6.59181022644043,77.43583679199219,-3.412773989805425,-5.529015468700021,-136.41797563024326,-19.181473,5.629902,7.417009,23.038168,-4.636398,-8.6659775,12.8335705,4.6382494,-4.1845927,8.165651,-14.984737,1.3149701,12.540342,8.132143,14.532576,0.93371135,13.524229,-30.328833,61.726624,-6.0935435,10.392809,6.0619783,-19.507734,-18.897367,21.334766,63.067223,-9.926252,5.3308043,-4.5127053
2191,-302.1944580078125,5.967241287231445,77.26866149902344,-3.6979211041541427,-5.682726761924169,-136.46964821470382,-18.56056,5.8047414,7.066726,18.853016,-3.543558,-8.964996,14.066132,4.9150105,-4.091503,7.4536657,-15.184143,1.3573215,12.7278595,8.524842,14.506981,1.1786983,13.377688,-30.127619,61.759354,-6.111143,10.474224,6.125964,-19.843485,-18.928133,21.477623,62.947083,-9.8877325,5.204147,-4.6740713
2192,-302.70635986328125,5.337008953094482,77.09245300292969,-3.9881152152109047,-5.825826816926491,-136.53494955163754,-17.928692,6.0797963,6.766553,14.821012,-2.4871032,-9.171419,15.010851,5.1728945,-4.007336,7.3280406,-15.643135,1.3984486,12.92351,8.915906,14.465753,1.4094818,13.233971,-29.967255,61.79104,-6.1251707,10.549002,6.1681895,-20.155582,-18.934366,21.57793,62.844643,-9.882674,5.0970573,-4.7868204
2193,-303.2194519042969,4.697831153869629,76.91503143310547,-4.282838421216582,-5.949970730319928,-136.61313598627186,-17.299194,6.4298844,6.4726095,10.888901,-1.4268317,-9.272898,15.882148,5.4304276,-3.9276493,7.3125052,-16.118006,1.4288388,13.127103,9.302577,14.40411,1.623718,13.095916,-29.857405,61.820545,-6.1393433,10.621588,6.186933,-20.445078,-18.916273,21.620378,62.759605,-9.935497,5.006617,-4.8403373
2194,-303.738037109375,4.048739433288574,76.74098205566406,-4.591711235686778,-6.069271410084522,-136.7008592222276,-16.54346,6.818288,6.205539,6.7855453,-0.23157677,-9.293254,16.749378,5.6979623,-3.842243,7.3007126,-16.560976,1.453633,13.345682,9.689079,14.337773,1.8560842,13.006768,-29.793911,61.788025,-6.167583,10.705511,6.181201,-20.686167,-18.887918,21.607082,62.658253,-10.033877,4.929151,-4.854439
2195,-304.2472229003906,3.3994619846343994,76.57434844970703,-4.893337180824511,-6.191283262557263,-136.79228342173985,-17.529127,7.3996916,5.8583264,6.579982,-1.0697871,-9.297257,17.618422,5.9439654,-3.737585,7.296275,-16.949705,1.4931401,13.555908,10.068553,14.259609,2.0560546,12.882999,-29.749365,61.805634,-6.1834517,10.772858,6.162366,-20.91907,-18.825542,21.578955,62.604267,-10.137012,4.873837,-4.8446574
2196,-304.76123046875,2.740980386734009,76.41173553466797,-5.167289219876581,-6.321250499191755,-136.8796832818529,-18.389679,7.950436,5.765522,6.440048,-1.9299369,-9.357363,18.495668,6.142447,-3.603685,7.298942,-17.260763,1.5643326,13.769551,10.409135,14.202239,2.2721922,12.805699,-29.732895,61.764153,-6.1863675,10.817432,6.116011,-21.09083,-18.771885,21.52256,62.507717,-10.191278,4.849369,-4.8037467
2197,-305.2810363769531,2.0770976543426514,76.2492904663086,-5.407347151800764,-6.45888814025779,-136.95848117002348,-19.123362,8.492347,6.0696745,6.3760986,-2.9045837,-9.517414,19.38307,6.2876897,-3.4458022,7.3116975,-17.50152,1.6698431,13.965019,10.705373,14.137853,2.4346657,12.676819,-29.73267,61.806274,-6.142775,10.823489,6.0470214,-21.273676,-18.656805,21.465332,62.47504,-10.217187,4.8796587,-4.743688
2198,-305.7977600097656,1.3896952867507935,76.09181213378906,-5.612634135848121,-6.596870006564244,-137.01841753384082,-19.772049,9.004664,6.6653953,6.412508,-3.9666154,-9.74979,20.279737,6.377443,-3.2867384,7.336382,-17.690954,1.8076175,14.143264,10.953393,14.107333,2.6167588,12.603803,-29.753258,61.76513,-6.072234,10.810901,5.9355483,-21.38513,-18.57085,21.384533,62.358147,-10.205856,4.9538713,-4.6403933
2199,-306.3149108886719,0.7042055726051331,75.94639587402344,-5.77458614253231,-6.734840168870919,-137.0570790216573,-20.274115,9.436883,7.3266745,6.4444027,-4.8913827,-10.000529,21.173624,6.4084277,-3.1306632,7.3626933,-17.797546,1.9739367,14.303796,11.147378,14.070205,2.7663512,12.516139,-29.806643,61.7738,-6.019348,10.776871,5.832912,-21.47584,-18.437105,21.261131,62.30779,-10.171332,5.024186,-4.533848
2200,-306.833984375,0.004927635192871094,75.82090759277344,-5.883683297752994,-6.860216905282368,-137.0528881834504,-20.625507,9.729082,7.8029428,6.4662876,-5.5147862,-10.177929,22.051987,6.36574,-3.0027385,7.392253,-17.812677,2.1781619,14.427027,11.277118,14.025687,2.893716,12.430613,-29.888384,61.817635,-6.027618,10.727454,5.76536,-21.531048,-18.268358,21.08287,62.333103,-10.092608,5.044423,-4.4419937
2201,-307.3494873046875,-0.69221431016922,75.71217346191406,-5.940322001541437,-6.9716353351619045,-136.9942356101392,-20.815489,9.881056,8.048097,6.476492,-5.785807,-10.272774,22.915638,6.245257,-2.916296,7.426279,-17.745783,2.4421754,14.505605,11.350344,13.99416,3.0052168,12.368391,-30.01395,61.85916,-6.156474,10.646316,5.7496295,-21.52092,-18.106218,20.838255,62.38661,-9.927172,4.985743,-4.359972
2202,-307.8590393066406,-1.3949575424194336,75.61534881591797,-5.954653486646075,-7.07073670464721,-136.89171778137236,-20.852112,9.935703,8.182156,6.478068,-5.7990646,-10.303289,23.767473,6.0666213,-2.862657,7.4660683,-17.602747,2.7569969,14.55568,11.360227,13.947757,3.0747664,12.303884,-30.192854,61.95984,-6.3722334,10.534464,5.7765636,-21.49213,-17.882204,20.523727,62.540855,-9.715168,4.876832,-4.292865
2203,-308.3701477050781,-2.112715482711792,75.5304946899414,-5.930567603930202,-7.147773035765629,-136.75685718863872,-20.763702,9.897616,8.200673,6.474723,-5.6125374,-10.212227,24.597649,5.8464713,-2.8341222,7.5139537,-17.36988,3.0857985,14.577098,11.320084,13.885632,3.1461556,12.252114,-30.373474,62.058865,-6.5614457,10.432338,5.797444,-21.402443,-17.650112,20.171206,62.71031,-9.496136,4.764066,-4.2222905
2204,-308.8851013183594,-2.8480117321014404,75.4581069946289,-5.872746147500192,-7.196367682572717,-136.602179064312,-20.577227,9.7706,8.1008415,6.470746,-5.284427,-9.945802,25.085136,5.579415,-2.8497348,8.229806,-17.378086,3.3912861,14.592842,11.22624,13.777659,3.2243755,12.202885,-30.536264,62.170673,-6.6201944,10.380722,5.7807713,-21.244007,-17.389019,19.77486,62.89874,-9.344176,4.691168,-4.14832
2205,-309.4022216796875,-3.5971105098724365,75.4014663696289,-5.773429181333098,-7.2186317581834265,-136.40836161548498,-20.270586,9.518557,7.7515635,6.4698453,-4.825055,-9.387962,25.364273,5.2641664,-2.901901,9.351342,-17.499636,3.6553864,14.592631,11.073835,13.623088,3.3028715,12.155092,-30.694984,62.317196,-6.4853473,10.3872385,5.689872,-20.997656,-17.10077,19.314919,63.10631,-9.254005,4.6645555,-4.093828
2206,-309.91754150390625,-4.345916271209717,75.36347198486328,-5.616004373851908,-7.220616547780879,-136.18202331914307,-19.833427,9.14191,7.2088485,6.467647,-4.200459,-8.606195,25.57054,4.8822284,-2.9753864,10.594358,-17.583899,3.9001086,14.578538,10.8477745,13.436605,3.37519,12.108071,-30.859402,62.497192,-6.2250137,10.431428,5.553907,-20.680258,-16.78026,18.794333,63.34522,-9.200376,4.66221,-4.054029
2207,-310.4345397949219,-5.100332736968994,75.33505249023438,-5.399813478854548,-7.195994764493692,-135.97625819720784,-19.315514,8.70727,6.7481236,6.459988,-3.4071329,-7.819012,25.671919,4.4252157,-3.0396016,11.980196,-17.614368,4.1455927,14.576192,10.548456,13.223885,3.46338,12.059574,-30.979137,62.667076,-5.926521,10.504087,5.430603,-20.329195,-16.43936,18.27579,63.597275,-9.203661,4.6868243,-3.978649
2208,-310.9720764160156,-5.886815071105957,75.30455017089844,-5.1096077555226085,-7.1259043467608665,-135.83310267853304,-18.824076,8.254831,6.64015,6.5451403,-2.5062172,-7.2302003,25.582005,3.8618531,-3.0809746,13.647611,-17.64493,4.4218216,14.601174,10.160278,12.990953,3.5835485,12.00702,-31.001593,62.778145,-5.674326,10.600973,5.377921,-19.974798,-16.098227,17.822588,63.832684,-9.279885,4.7409167,-3.8172581
2209,-311.49151611328125,-6.685172080993652,75.3081283569336,-4.778642228540799,-7.010363839999905,-135.80232226393338,-18.283255,7.859517,7.051278,6.617915,-1.5048485,-7.0636654,25.349686,3.232388,-3.0316741,15.4481125,-17.5978,4.7177324,14.702651,9.727712,12.72394,3.7502697,11.941616,-30.907192,62.80679,-5.4539275,10.744354,5.419778,-19.606766,-15.771466,17.439766,64.0427,-9.456862,4.8476267,-3.546254
2210,-312.0113525390625,-7.496464252471924,75.317138671875,-4.394993490516636,-6.851867647859839,-135.85128939014658,-17.685528,7.4599056,7.8074093,6.689121,-0.38712823,-7.1457973,24.983871,2.5248897,-2.9103649,17.384964,-17.483837,5.020215,14.860821,9.240213,12.425687,3.9457521,11.858929,-30.727503,62.78671,-5.23086,10.929189,5.521706,-19.204498,-15.459907,17.100077,64.22899,-9.71485,4.998447,-3.192212
2211,-312.5364990234375,-8.332308769226074,75.33830261230469,-3.9503318808875387,-6.659732602589113,-135.93233261215246,-17.73762,7.0798874,8.602783,8.102392,0.25245443,-7.107037,24.472437,1.7328668,-2.7668417,19.508621,-17.289528,5.323788,15.019156,8.68321,12.109432,4.1626654,11.763263,-30.48986,62.742878,-5.064459,11.110073,5.653607,-18.78133,-15.165111,16.824255,64.39277,-10.000632,5.144927,-2.7742102
2212,-313.0522155761719,-9.169650077819824,75.37628173828125,-3.4454866283580317,-6.447068591428128,-136.00457533181142,-18.138536,6.642005,9.279647,10.075534,0.94435716,-6.5887327,23.822142,0.8639196,-2.6402407,21.844923,-16.988535,5.6225696,15.125419,8.053617,11.786793,4.4030976,11.66459,-30.217377,62.69016,-5.0115633,11.242431,5.7850666,-18.350153,-14.889131,16.635046,64.53138,-10.261078,5.243142,-2.3111546
2213,-313.55902099609375,-10.02531623840332,75.42475128173828,-2.866953417665555,-6.196977741761407,-136.09469032685809,-18.706945,6.1302304,9.896523,12.098085,2.3989851,-5.3782353,23.013672,-0.099193096,-2.5166624,24.413141,-16.58609,5.90171,15.192766,7.3314776,11.4316025,4.704409,11.568867,-29.866175,62.592213,-5.098144,11.324666,5.919728,-17.91264,-14.634615,16.578384,64.63965,-10.495391,5.294311,-1.7654918
2214,-314.0709228515625,-10.889389038085938,75.46649932861328,-2.2415226202711387,-5.914570825508571,-136.21780510204525,-19.363289,5.6048875,10.602316,14.1043825,4.472719,-3.716302,22.085804,-1.1248504,-2.356896,27.130333,-16.056885,6.162998,15.242969,6.548612,11.04532,5.06668,11.475224,-29.438932,62.439312,-5.2899623,11.379429,6.0685325,-17.464535,-14.401522,16.6335,64.7229,-10.726373,5.317554,-1.1402887
2215,-314.59051513671875,-11.763509750366211,75.50965118408203,-1.6280856538774493,-5.647317414931633,-136.31244910589302,-19.969406,5.068184,11.333945,16.003391,6.3808928,-1.9077286,21.124014,-2.135287,-2.17325,29.894773,-15.344777,6.4304094,15.238764,5.776659,10.679453,5.4242697,11.385037,-29.034286,62.302086,-5.558443,11.389804,6.212689,-17.008606,-14.189424,16.719028,64.79202,-10.934551,5.295767,-0.5164314
2216,-315.1009521484375,-12.636414527893066,75.54488372802734,-1.0666470833930837,-5.439198477066869,-136.31132856150197,-20.391354,4.466154,11.950707,17.725447,7.3050866,-0.2421307,20.188173,-3.073422,-1.9957701,32.658222,-14.417718,6.734312,15.143265,5.0689025,10.387323,5.703393,11.302815,-28.755283,62.253483,-5.8756194,11.338599,6.333613,-16.537857,-13.998221,16.741386,64.84707,-11.104241,5.2125564,0.025358045
2217,-315.5559387207031,-13.503101348876953,75.60662841796875,-0.5330535055790799,-5.2828117199420985,-136.18070152234796,-20.65318,3.7013638,12.31985,19.376398,6.7327967,1.3247983,19.270527,-3.9724627,-1.8700829,35.456356,-13.276001,7.1478734,14.92711,4.39828,10.170264,5.8954816,11.233749,-28.620064,62.308887,-6.2874966,11.183025,6.439832,-16.049335,-13.834934,16.687046,64.87522,-11.247691,5.0434537,0.5011062
2218,-316.02947998046875,-14.371347427368164,75.65635681152344,4.128566025594129e-06,-5.156542864310799,-135.94890535168676,-20.827024,2.7926798,12.457687,21.024223,5.13082,2.8992808,18.326336,-4.856365,-1.7826507,38.340984,-11.958262,7.649376,14.61343,3.7330115,10.001455,6.028881,11.180122,-28.584227,62.4289,-6.791952,10.944406,6.5344844,-15.535257,-13.70145,16.588888,64.86506,-11.36823,4.8043823,0.9427814
2219,-316.51214599609375,-15.23906421661377,75.68690490722656,0.5078260141810608,-5.0806199478367,-135.64137357059636,-20.852499,1.831615,12.424323,22.53443,3.1609008,4.28375,17.354616,-5.6704664,-1.6851946,41.293922,-10.494561,8.124035,14.238638,3.1096706,9.897145,6.0894003,11.149327,-28.651089,62.59458,-7.2921734,10.70343,6.590242,-14.981981,-13.606535,16.434473,64.810104,-11.42879,4.540446,1.2963586
2220,-316.9902648925781,-16.094757080078125,75.72901153564453,0.960504732595301,-5.077061058743888,-135.2889420834021,-20.670061,0.91941184,12.33714,23.751024,1.5208459,5.3066964,16.355045,-6.36472,-1.5307407,44.292072,-8.906348,8.442954,13.851894,2.5541792,9.86043,6.040306,11.133704,-28.836624,62.835777,-7.697086,10.539045,6.593187,-14.405078,-13.505315,16.192358,64.76352,-11.412861,4.296934,1.4924301
2221,-317.474853515625,-16.950979232788086,75.78954315185547,1.3401901063422847,-5.169197689037531,-134.85783834525205,-20.242064,0.054143947,12.207917,24.605936,0.3729705,5.852115,15.352045,-6.9290547,-1.3463198,47.37821,-7.201543,8.48967,13.414936,2.0822165,9.913627,5.875872,11.142012,-29.168943,63.177643,-8.028687,10.449685,6.525352,-13.783176,-13.408979,15.856663,64.701706,-11.2817545,4.072377,1.4918214
2222,-317.93548583984375,-17.771425247192383,75.8478012084961,1.667915824617652,-5.338627649234849,-134.34558702204487,-19.615423,-0.80511516,11.993141,25.20431,-0.63746154,6.037751,14.3298435,-7.4084234,-1.1610818,50.557648,-5.3684034,8.34248,12.966728,1.6467241,10.034475,5.5850515,11.186699,-29.692783,63.63428,-8.341948,10.401978,6.410106,-13.115197,-13.278851,15.37024,64.63927,-11.089872,3.8452644,1.327183
2223,-318.38397216796875,-18.542051315307617,75.90633392333984,1.9697413503281096,-5.546947670981545,-133.83506812751557,-18.851892,-1.6219025,11.764535,25.609556,-1.5606885,6.0616484,13.224878,-7.8328886,-0.92516756,53.760235,-3.3986022,8.155911,12.512183,1.2440393,10.213906,5.2549567,11.254784,-30.239504,64.05365,-8.526589,10.430536,6.2553797,-12.4615,-13.157466,14.86497,64.58085,-10.852382,3.6359446,1.0750028
2224,-318.8285217285156,-19.300222396850586,75.96212005615234,2.266607125325729,-5.756005286938896,-133.40671745786233,-18.00685,-2.3712246,11.589091,25.86031,-2.4387796,6.122501,11.980292,-8.21388,-0.581061,56.906075,-1.2766491,8.093918,12.121187,0.8690109,10.428875,4.9161124,11.331707,-30.724937,64.34856,-8.49709,10.565615,6.0833583,-11.852055,-13.056592,14.380199,64.541374,-10.619205,3.463472,0.80478823
2225,-319.2541809082031,-20.046472549438477,76.02544403076172,2.56646005830513,-5.969747208733,-133.08498634987737,-17.065876,-3.0600734,11.5044,25.92661,-3.277167,6.2562203,10.53929,-8.580308,-0.13934529,60.082138,1.2305198,8.186412,11.81302,0.527352,10.697046,4.548544,11.406783,-31.144415,64.52011,-8.147964,10.862015,5.8622293,-11.28831,-12.984831,13.903759,64.5101,-10.379393,3.3329918,0.5118814
2226,-319.67950439453125,-20.7686710357666,76.09318542480469,2.856084229565986,-6.204190944380854,-132.82384442785377,-16.010246,-3.7176445,11.474903,25.774717,-4.0369077,6.372715,8.940466,-8.914191,0.37614557,63.30394,4.0425982,8.333321,11.53713,0.23198283,11.02232,4.139526,11.466615,-31.525211,64.62709,-7.543427,11.2826605,5.5909133,-10.760373,-12.94679,13.4380245,64.487625,-10.108076,3.2343807,0.16665244
2227,-320.0856628417969,-21.478309631347656,76.16223907470703,3.118824468862604,-6.438093885124512,-132.60138295439896,-14.908717,-4.340569,11.4575815,25.488314,-4.7282043,6.479224,7.2704954,-9.118647,1.0155655,66.395546,6.693463,8.544383,11.311097,-0.018374205,11.363981,3.7151852,11.52867,-31.889547,64.65593,-6.87442,11.727878,5.3412247,-10.24834,-12.935158,12.975936,64.48606,-9.856425,3.1628509,-0.19700873
2228,-320.48590087890625,-22.18956756591797,76.24138641357422,3.333855394020076,-6.651885206691098,-132.40032838167122,-13.817748,-4.9084992,11.406665,25.1527,-5.3679013,6.572254,5.634852,-9.072728,1.8279546,69.161896,8.717082,8.862767,11.08315,-0.21074042,11.682015,3.340691,11.589341,-32.16434,64.56807,-6.3038015,12.100049,5.1838055,-9.776601,-12.958381,12.611058,64.541,-9.643942,3.1166716,-0.5466144
2229,-320.8741455078125,-22.876808166503906,76.32361602783203,3.500062886086481,-6.832953955736687,-132.2468005320574,-12.7427435,-5.3986707,11.337715,24.768171,-5.9573584,6.635703,4.037886,-8.686984,2.8829527,71.588455,10.060926,9.434416,10.831189,-0.34639043,11.9614525,3.0360627,11.626486,-32.26638,64.34297,-5.816682,12.419481,5.1391473,-9.400707,-13.005202,12.411739,64.70943,-9.4558325,3.1000962,-0.8916723
2230,-321.2557067871094,-23.556106567382812,76.40756225585938,3.6255636411016114,-6.99378304700115,-132.14162144072858,-11.653412,-5.8169265,11.267425,24.30345,-6.494798,6.6729655,2.452352,-8.003192,4.1231365,73.778076,10.937562,10.235109,10.6217985,-0.413443,12.240108,2.7609334,11.670268,-32.295757,63.974327,-5.357578,12.727586,5.1649876,-9.041851,-13.112599,12.270506,64.89887,-9.290443,3.1110759,-1.2271006
2231,-321.63763427734375,-24.223543167114258,76.50508880615234,3.70147689183464,-7.155232125144752,-132.02550337638854,-10.556324,-6.1832967,11.1492195,23.807669,-6.995345,6.7042003,0.9301908,-7.110998,5.4002,75.72425,11.271544,11.051445,10.381276,-0.41658005,12.512406,2.5105472,11.7105875,-32.27626,63.544334,-4.984727,12.948317,5.2592406,-8.701477,-13.258426,12.208531,65.12402,-9.163297,3.1464226,-1.5528022
2232,-322.0092468261719,-24.882179260253906,76.6093521118164,3.7235264576970812,-7.336330172968163,-131.8396205997475,-9.454563,-6.5205107,10.936349,23.322836,-7.4703126,6.7493677,-0.48762155,-6.125321,6.5710917,77.41135,10.997123,11.652407,10.089046,-0.36660454,12.776986,2.2556312,11.752101,-32.29454,63.140923,-4.772289,13.007022,5.4222655,-8.341994,-13.416422,12.176719,65.371666,-9.108854,3.199188,-1.8635408
2233,-322.3946533203125,-25.537357330322266,76.71656799316406,3.6818550699522103,-7.544336731063365,-131.56877096829902,-8.350007,-6.8262353,10.609691,22.866226,-7.9227858,6.811289,-1.7831635,-4.942354,7.7171803,78.82819,9.859499,11.951873,9.73562,-0.26028877,13.034007,1.9962738,11.804229,-32.377777,62.77867,-4.810374,12.832531,5.6887016,-7.9615927,-13.580208,12.178901,65.65512,-9.140876,3.2667406,-2.1671832
2234,-322.77301025390625,-26.202465057373047,76.82611083984375,3.5894744359249033,-7.768207478089985,-131.2428404167987,-7.2339144,-7.0947914,10.198683,22.406145,-8.34332,6.8780656,-2.97905,-3.5777943,8.870797,79.98956,7.975101,12.058837,9.338954,-0.10951204,13.286854,1.7468078,11.870664,-32.486378,62.408157,-5.0362487,12.483149,6.0470424,-7.5772066,-13.7501545,12.225325,65.98056,-9.243633,3.353091,-2.465576
2235,-323.1553649902344,-26.847087860107422,76.9359130859375,3.47207252305452,-7.999380631990237,-130.87176550458716,-6.0984387,-7.34519,9.729809,21.910168,-8.723247,6.949545,-4.122629,-2.327535,9.832678,80.91015,5.8489957,12.031655,8.915426,0.056319915,13.538094,1.5008569,11.951114,-32.603592,62.023544,-5.2993193,12.070988,6.426876,-7.175897,-13.92439,12.281291,66.30965,-9.407583,3.466264,-2.7417166
2236,-323.5350036621094,-27.487030029296875,77.04463195800781,3.3509285933519033,-8.22941766013581,-130.46702858667203,-4.9436984,-7.590206,9.229453,21.359856,-9.060549,7.0271497,-5.2718277,-1.4767963,10.411269,81.595406,3.987327,11.9458885,8.48659,0.21547787,13.787042,1.249344,12.042256,-32.715755,61.621063,-5.451181,11.711445,6.7616053,-6.7430363,-14.099367,12.30996,66.6034,-9.621935,3.6141102,-2.9784317
2237,-323.9205322265625,-28.125835418701172,77.1591567993164,3.2193354801327763,-8.464713691655932,-130.01809028224653,-3.7517138,-7.827813,8.686662,20.736494,-9.343969,7.1163216,-6.42744,-1.1205897,10.516541,82.00373,2.5035129,11.903337,8.043246,0.3719857,14.040453,0.9869999,12.143445,-32.827286,61.211136,-5.468046,11.4053545,7.0516567,-6.276051,-14.273377,12.312362,66.8553,-9.931518,3.8216066,-3.171161
2238,-324.30078125,-28.765913009643555,77.26970672607422,3.067066072091179,-8.706454561383032,-129.52327858157855,-2.5348504,-8.046204,8.092669,20.06823,-9.583667,7.2151227,-7.5725746,-1.1015259,10.275028,82.13692,1.1396024,11.846163,7.5797577,0.53618884,14.294851,0.718723,12.255172,-32.943398,60.79411,-5.4234476,11.101983,7.327837,-5.7822003,-14.4464245,12.303154,67.08609,-10.326952,4.0773315,-3.3283043
2239,-324.675048828125,-29.392295837402344,77.36730194091797,2.903799049065877,-8.933221672267537,-129.00882130568863,-1.3361176,-8.242363,7.476375,19.398441,-9.810684,7.313725,-8.731429,-1.3101921,9.823132,82.055695,-0.16249403,11.62888,7.1228185,0.6995624,14.533211,0.44830328,12.37453,-33.05336,60.355225,-5.3208013,10.84072,7.5719347,-5.26232,-14.617936,12.267177,67.29912,-10.715829,4.333826,-3.4537652
2240,-325.0565185546875,-30.029085159301758,77.4638671875,2.7422563396794457,-9.12295845617997,-128.50128507602602,-0.20363075,-8.413535,6.868148,18.781227,-10.05432,7.401277,-9.927995,-1.6282707,9.2996645,81.82201,-1.4663526,11.109687,6.700086,0.85570794,14.737128,0.17803285,12.49629,-33.14518,59.882404,-5.1616964,10.661149,7.7659287,-4.7173095,-14.787538,12.188053,67.49817,-11.007163,4.5431447,-3.5526536
2241,-325.4419250488281,-30.660686492919922,77.55107116699219,2.5750062098761175,-9.269503667830165,-127.99896573697269,0.8436276,-8.553202,6.2643466,18.239801,-10.323987,7.4754725,-11.175207,-2.0406132,8.697405,81.4488,-2.815435,10.216384,6.315502,1.0129162,14.893747,-0.0948193,12.615832,-33.21272,59.374443,-4.923905,10.595066,7.900112,-4.140171,-14.954822,12.055631,67.68537,-11.183084,4.6927576,-3.6143587
2242,-325.818359375,-31.280941009521484,77.62344360351562,2.397924234263705,-9.384753290675235,-127.48994858939811,1.8301136,-8.661693,5.65291,17.751263,-10.607303,7.5407915,-12.438893,-2.5722349,7.96138,80.90146,-4.1888614,9.068836,5.9553156,1.177427,15.014934,-0.37322184,12.731815,-33.263138,58.843178,-4.613019,10.614352,7.986258,-3.5325737,-15.119806,11.880456,67.85981,-11.290358,4.807499,-3.641262
2243,-326.1905517578125,-31.901750564575195,77.68446350097656,2.22097573136205,-9.477449914108169,-126.98576142977115,2.771365,-8.747825,5.052788,17.300936,-10.905269,7.595993,-13.677964,-3.166579,7.156674,80.168335,-5.5545025,7.80568,5.6214666,1.3407605,15.118389,-0.6575229,12.845137,-33.30822,58.297436,-4.2778807,10.666956,8.038239,-2.9067063,-15.281127,11.677844,68.01885,-11.334525,4.895723,-3.6583524
2244,-326.56719970703125,-32.50472640991211,77.72455596923828,2.059041828810031,-9.553610688278843,-126.49884086639514,3.6873646,-8.822027,4.4827785,16.864248,-11.213529,7.640846,-14.861119,-3.7763906,6.3442054,79.242775,-6.8691998,6.5543776,5.316071,1.4925771,15.221392,-0.945507,12.958018,-33.357464,57.74251,-3.9651222,10.7012825,8.070361,-2.2758203,-15.436782,11.462815,68.16095,-11.321905,4.9656534,-3.6909328
2245,-326.9493103027344,-33.11038589477539,77.76107788085938,1.9136059530021317,-9.61267279605283,-126.03786899996473,4.585777,-8.885801,3.960647,16.41633,-11.527853,7.668227,-16.000326,-4.4229374,5.5065885,78.129295,-8.193138,5.254413,5.049333,1.6279346,15.320478,-1.2388829,13.068195,-33.403675,57.176067,-3.6677532,10.721389,8.075023,-1.6381502,-15.583371,11.253316,68.28518,-11.230337,5.0080624,-3.7532377
2246,-327.3232421875,-33.7191276550293,77.78856658935547,1.7794592711834958,-9.650693651166577,-125.59558340848501,5.4584026,-8.934109,3.472904,15.969912,-11.851024,7.68098,-17.096125,-5.0978804,4.6148767,76.82831,-9.539499,3.8881335,4.8187847,1.7583013,15.412666,-1.5301502,13.184691,-33.44746,56.57855,-3.3692868,10.749337,8.04679,-0.9803248,-15.732293,11.03467,68.37974,-11.063333,5.0216618,-3.825248
2247,-327.694091796875,-34.32658767700195,77.80958557128906,1.6489571161863465,-9.676798581928082,-125.15822293102607,6.291873,-8.968912,2.9927375,15.5755625,-12.191289,7.6950436,-18.108337,-5.732839,3.7068536,75.31712,-10.77269,2.6255426,4.6002464,1.8849471,15.502171,-1.822404,13.303251,-33.49712,55.979683,-3.0956748,10.75835,8.007778,-0.32967737,-15.86971,10.787643,68.47412,-10.867869,5.0282683,-3.8945532
2248,-328.0671691894531,-34.92530059814453,77.82171630859375,1.5207233599212147,-9.69813817307235,-124.7123501389044,7.078003,-8.996497,2.492916,15.272685,-12.55617,7.7277975,-19.005156,-6.2813,2.8175473,73.57596,-11.744639,1.6167476,4.374685,2.007492,15.596492,-2.1158984,13.426394,-33.56833,55.397957,-2.875853,10.722582,7.98004,0.29660875,-15.98724,10.485731,68.584755,-10.691372,5.0495048,-3.9462168
2249,-328.435791015625,-35.50978088378906,77.81864929199219,1.395425116025137,-9.719170950501674,-124.2509619077435,7.8152785,-9.019433,1.9596802,15.07457,-12.943643,7.791623,-19.792484,-6.7734103,1.9237572,71.59454,-12.4131365,0.8488679,4.135803,2.1253514,15.703186,-2.414549,13.558007,-33.670135,54.825996,-2.7174292,10.638687,7.9708934,0.89330995,-16.078524,10.102233,68.71676,-10.53953,5.0844607,-3.9677787
2250,-328.8163757324219,-36.09006881713867,77.8004150390625,1.272353957523672,-9.735338487151648,-123.78254404723019,8.510186,-9.039213,1.4104844,14.9544525,-13.348405,7.877389,-20.48628,-7.234045,1.00366,69.385506,-12.846702,0.24214132,3.8904889,2.2324533,15.810545,-2.7241347,13.685645,-33.78666,54.277405,-2.601432,10.518422,7.970486,1.4601307,-16.138172,9.666536,68.87399,-10.389706,5.127241,-3.9754794
2251,-329.1893005371094,-36.6924934387207,77.78314208984375,1.1606508204688157,-9.738407152632863,-123.31661896849262,9.171713,-9.061974,0.8635327,14.880152,-13.766308,7.9691176,-21.077627,-7.623463,0.10012244,66.957954,-13.0489855,-0.16389804,3.667901,2.3286278,15.917008,-3.0224001,13.839551,-33.933655,53.72281,-2.536559,10.363681,7.9679446,2.027967,-16.179544,9.188772,69.02404,-10.25447,5.1805887,-3.9811463
2252,-329.5606994628906,-37.301788330078125,77.75431823730469,1.0659843516814322,-9.72322254192083,-122.86209426604442,9.811471,-9.093092,0.33615205,14.812367,-14.189313,8.049871,-21.56143,-7.907057,-0.73785156,64.320175,-13.021922,-0.3349066,3.4527078,2.401637,15.999854,-3.3039336,13.993945,-34.07021,53.212997,-2.5067985,10.170928,7.958991,2.566792,-16.192059,8.746095,69.207184,-10.134615,5.2516823,-4.017102
2253,-329.93634033203125,-37.89576721191406,77.71000671386719,0.9832733104315824,-9.682335445870274,-122.41975887565172,10.418367,-9.125112,-0.17021307,14.749822,-14.6191225,8.111002,-21.952656,-8.104035,-1.5119383,61.457634,-12.705076,-0.25139967,3.2488372,2.4595616,16.053625,-3.583328,14.137265,-34.19562,52.76298,-2.5193458,9.920325,7.946987,3.0729747,-16.180235,8.346817,69.429146,-10.015432,5.345892,-4.098077
2254,-330.3123779296875,-38.49443817138672,77.65875244140625,0.9140342034602649,-9.62052456056785,-121.98473668955259,10.991768,-9.159666,-0.6644912,14.706957,-15.057126,8.161862,-22.255617,-8.234313,-2.2360702,58.36807,-12.106444,0.048349813,3.063927,2.5017834,16.090862,-3.855302,14.293498,-34.33137,52.337284,-2.580974,9.620687,7.9320602,3.561614,-16.141851,7.9496474,69.668785,-9.904081,5.4579196,-4.205419
2255,-330.6932678222656,-39.0919075012207,77.5986099243164,0.870062893494856,-9.550234894254475,-121.55721481115054,11.563143,-9.215082,-1.1460341,14.656481,-15.488171,8.212006,-22.451582,-8.274853,-2.8687289,55.065964,-11.329864,0.50781626,2.882497,2.513713,16.109468,-4.109554,14.444809,-34.461033,51.960644,-2.6656635,9.30792,7.9082503,4.027037,-16.079338,7.570355,69.93218,-9.824409,5.5802827,-4.320938
2256,-331.0726013183594,-39.69498825073242,77.52698516845703,0.86845728398014,-9.482373192286516,-121.1377675821446,12.157078,-9.308198,-1.6137975,14.585375,-15.905104,8.270111,-22.524902,-8.213067,-3.3643873,51.56858,-10.4826,1.0651554,2.7029886,2.483255,16.110304,-4.3373265,14.581251,-34.584892,51.64806,-2.7522566,9.018813,7.869671,4.4798617,-15.997532,7.2023497,70.20879,-9.806996,5.705035,-4.422731
2257,-331.451904296875,-40.30831527709961,77.44576263427734,0.9050875226487269,-9.419054182000332,-120.73043572713725,12.776905,-9.435771,-2.064927,14.490099,-16.313297,8.340267,-22.46032,-8.0702715,-3.6944013,47.823376,-9.554221,1.6825851,2.5291302,2.4150107,16.093939,-4.534246,14.704319,-34.70548,51.40038,-2.8474393,8.746152,7.8178368,4.917819,-15.892443,6.829846,70.5088,-9.8828745,5.830193,-4.51393
2258,-331.83819580078125,-40.933433532714844,77.3540267944336,0.975719124180479,-9.356147644722679,-120.3324458186464,13.4106245,-9.591674,-2.5030656,14.378171,-16.714384,8.41591,-22.271156,-7.8790956,-3.8651764,43.828674,-8.505007,2.375777,2.3584886,2.3142662,16.058397,-4.710887,14.807959,-34.82003,51.221046,-2.9560096,8.475187,7.7555537,5.336543,-15.769497,6.4619193,70.833374,-10.026794,5.9601665,-4.6018724
2259,-332.2267150878906,-41.57545471191406,77.24758911132812,1.0954452926482425,-9.293674896461187,-119.93429885183075,14.073046,-9.791526,-2.9390588,14.226549,-17.08086,8.490784,-21.989458,-7.6607704,-3.8809662,39.682236,-7.4114423,3.1557288,2.2019083,2.1576757,16.005312,-4.877819,14.904483,-34.948635,51.103287,-3.0675461,8.234515,7.6786,5.755872,-15.616047,6.1032457,71.14859,-10.1965,6.0965858,-4.6761084
2260,-332.61981201171875,-42.22844696044922,77.12300872802734,1.2746335081038733,-9.234763165084784,-119.52368571479933,14.781497,-10.050388,-3.3863952,14.009255,-17.383295,8.559836,-21.639372,-7.44086,-3.7510996,35.46344,-6.342721,4.030785,2.0447412,1.9325963,15.9351225,-5.038586,14.985726,-35.083305,51.047195,-3.162279,8.050136,7.5814557,6.184682,-15.449369,5.7858386,71.426125,-10.337949,6.240134,-4.7185693
2261,-333.02313232421875,-42.884090423583984,76.98393249511719,1.5371300190565031,-9.180783186555288,-119.09400223924526,15.556199,-10.395479,-3.8510904,13.689903,-17.607292,8.625814,-21.181095,-7.2742057,-3.452293,31.063766,-5.29844,4.976238,1.8837992,1.6127955,15.841018,-5.190969,15.054096,-35.22942,51.059143,-3.2458656,7.9291363,7.458615,6.630833,-15.270385,5.5181437,71.662346,-10.448155,6.4052463,-4.7216353
2262,-333.42388916015625,-43.55213165283203,76.82765197753906,1.8749031379271923,-9.13449091684987,-118.64548308686382,16.389528,-10.817836,-4.3369246,13.286655,-17.766521,8.691586,-20.593533,-7.1987295,-2.978976,26.44112,-4.2465057,5.957551,1.7148558,1.2068783,15.727293,-5.3299556,15.110396,-35.382668,51.134678,-3.3232975,7.8573084,7.313541,7.086951,-15.077827,5.2880177,71.86991,-10.550138,6.586228,-4.6937666
2263,-333.82562255859375,-44.23667907714844,76.66378021240234,2.2675518843639892,-9.10206352060914,-118.17473130372221,17.284426,-11.284876,-4.8617883,12.804361,-17.844687,8.753558,-19.918293,-7.2186284,-2.3719714,21.757378,-3.2035,6.9760604,1.5368932,0.7428293,15.614935,-5.4634013,15.154804,-35.54299,51.25595,-3.379554,7.830282,7.155644,7.549579,-14.872814,5.0770164,72.03775,-10.634437,6.754495,-4.6446714
2264,-334.2279052734375,-44.93025588989258,76.4861068725586,2.6944936012303433,-9.092100754367461,-117.67486998647625,18.244066,-11.771733,-5.4464045,12.250177,-17.826418,8.8103285,-19.205008,-7.332829,-1.6744599,17.194239,-2.1863778,8.047699,1.3458866,0.24231824,15.527061,-5.5989757,15.186856,-35.709305,51.4053,-3.3985806,7.843945,6.994044,8.016881,-14.657655,4.8650174,72.15405,-10.693107,6.8812284,-4.583809
2265,-334.6322021484375,-45.645851135253906,76.30180358886719,3.1973684497878643,-9.120540574332876,-117.12865443790315,19.324928,-12.3211775,-6.1258163,11.555249,-17.67016,8.866093,-18.456894,-7.5566597,-0.7761181,12.72302,-1.2289834,9.176871,1.1266494,-0.33351925,15.472413,-5.7323527,15.205689,-35.89085,51.580784,-3.3685381,7.910893,6.8283124,8.506706,-14.43269,4.6444874,72.20717,-10.732681,6.9662557,-4.5093865
2266,-335.048583984375,-46.3699951171875,76.11711883544922,3.790328567097097,-9.190217340439009,-116.52345350931976,20.536867,-12.9464035,-6.916556,10.706408,-17.375486,8.924603,-17.573229,-7.9817305,0.2810741,8.142073,-0.27074814,10.327459,0.8669103,-1.0066409,15.443468,-5.8621287,15.212311,-36.087017,51.792862,-3.300182,8.028688,6.6536837,9.020243,-14.196698,4.425591,72.20241,-10.755166,7.0224204,-4.41758
2267,-335.4634704589844,-47.08888626098633,75.93840026855469,4.398137651146232,-9.279055316417622,-115.87811011872495,21.775394,-13.555577,-7.7786064,9.849248,-17.020157,8.979138,-17.980556,-8.559977,1.4315422,6.556939,-0.84735006,11.490317,0.5817055,-1.703514,15.435203,-5.9991217,15.209203,-36.279823,52.038452,-3.2116096,8.170218,6.4729743,9.526708,-13.949069,4.219936,72.15662,-10.742398,7.040676,-4.314001
2268,-335.8835754394531,-47.79804992675781,75.77796173095703,4.938628076098765,-9.360145895533494,-115.2257700155036,22.921532,-14.056965,-8.64348,9.144735,-16.693369,9.022069,-18.893131,-9.1674595,2.3268743,6.389441,-1.9958597,12.729657,0.30050287,-2.3388073,15.441666,-6.1559076,15.199694,-36.45157,52.314995,-3.1238167,8.308045,6.2896447,9.99119,-13.691674,4.039396,72.089096,-10.676457,7.0121837,-4.2046185
2269,-336.31329345703125,-48.51350021362305,75.6259765625,5.411460929939646,-9.417341899599467,-114.56115853967573,23.941994,-14.449902,-9.506009,8.629014,-16.42491,9.057617,-19.701958,-9.762854,2.749338,6.284489,-2.9855227,14.3403635,0.0050294227,-2.8946204,15.466432,-6.330483,15.187133,-36.5845,52.595898,-3.0295386,8.447691,6.0851207,10.407235,-13.457056,3.8891647,71.980194,-10.522354,6.922071,-4.083475
2270,-336.770263671875,-49.21671676635742,75.48051452636719,5.74384603308391,-9.492407541885932,-113.97451087434436,24.796247,-14.654753,-10.235209,8.523218,-16.374653,9.042082,-20.429718,-10.016859,2.8858898,6.3325186,-3.898058,15.000033,-0.23064883,-3.2938108,15.550887,-6.502797,15.174919,-36.67548,52.870846,-2.9216642,8.598198,5.861465,10.783991,-13.260564,3.7748954,71.82908,-10.294066,6.7781153,-3.9398642
2271,-337.23736572265625,-49.901615142822266,75.36152648925781,5.931795022122735,-9.578921540520355,-113.46547670228689,25.540314,-14.689859,-10.835654,8.660622,-16.41922,8.981702,-20.938105,-10.023228,2.867569,6.3226795,-4.554789,15.000033,-0.38248596,-3.552886,15.6679735,-6.6727433,15.159787,-36.749416,53.17391,-2.821724,8.740673,5.658096,11.118108,-13.045184,3.6906075,71.68254,-10.054655,6.606935,-3.7841945
2272,-337.6875305175781,-50.58135986328125,75.25581359863281,6.06775770610309,-9.63444656994766,-113.02259864706599,26.211422,-14.67374,-11.34856,8.856215,-16.421001,8.8991165,-21.299707,-10.033135,2.8505793,6.378721,-4.9489145,15.000033,-0.4690756,-3.7597773,15.753924,-6.8041754,15.138675,-36.79581,53.50012,-2.7468805,8.855799,5.508616,11.392452,-12.813009,3.6563632,71.58693,-9.855421,6.4318223,-3.6075883
2273,-338.12872314453125,-51.25352096557617,75.17951965332031,6.11553605156021,-9.654332329200733,-112.66707984456565,26.786263,-14.571352,-11.740545,9.141734,-16.406519,8.773585,-21.430897,-10.05064,2.7454817,6.3904276,-4.9291515,15.000033,-0.46940148,-3.8782287,15.813623,-6.9087086,15.105994,-36.804867,53.870216,-2.7019475,8.927562,5.416928,11.592901,-12.559644,3.6850674,71.55767,-9.677174,6.2332926,-3.3997095
2274,-338.56341552734375,-51.945411682128906,75.1220703125,6.093846079482151,-9.639161905522519,-112.38071044897148,27.270676,-14.399343,-12.034281,9.511338,-16.377209,8.614588,-21.371227,-10.060439,2.5014486,6.377595,-4.5584383,15.000033,-0.4039869,-3.9299736,15.849776,-6.995382,15.056909,-36.773247,54.28638,-2.6709633,8.971061,5.3682237,11.723805,-12.284264,3.7737596,71.578094,-9.500298,6.009018,-3.1723626
2275,-338.9864807128906,-52.64512252807617,75.08007049560547,6.029176426917432,-9.59595165894823,-112.1371266016014,27.673534,-14.1936455,-12.255892,9.974979,-16.322514,8.446754,-21.167974,-10.046275,2.2632892,6.368879,-4.022348,15.000033,-0.32878637,-3.8996327,15.86158,-6.992775,15.013704,-36.70532,54.63587,-2.6679232,9.008005,5.3552527,11.816514,-12.095668,3.9032342,71.600426,-9.3669615,5.796595,-2.8965273
2276,-339.42529296875,-53.36293029785156,75.04922485351562,5.939794649049794,-9.536871857344682,-111.90982441834413,28.00917,-13.974268,-12.430028,10.543632,-16.234236,8.2927265,-20.83581,-9.968145,2.159034,6.333608,-3.4632924,15.000033,-0.2581253,-3.8848286,15.8171015,-6.959642,14.948428,-36.612896,55.04897,-2.6663275,9.057333,5.3932767,11.840865,-11.847278,4.098907,71.69265,-9.327574,5.6518245,-2.6646278
2277,-339.87115478515625,-54.09244155883789,75.02853393554688,5.845046997658597,-9.47462957515972,-111.70861153612513,28.317802,-13.760389,-12.560763,11.175575,-16.10072,8.174696,-20.33068,-9.83037,2.2255578,6.3085976,-2.9145932,15.000033,-0.18438926,-3.8691735,15.725202,-6.841161,14.877697,-36.517117,55.463497,-2.7047868,9.112826,5.5085263,11.826594,-11.604733,4.3468237,71.83846,-9.417973,5.576656,-2.4367912
2278,-340.3164978027344,-54.819725036621094,75.02811431884766,5.711170070112799,-9.398642678194992,-111.54282540301712,28.55951,-13.514657,-12.626125,11.923073,-15.956205,8.0730295,-19.683508,-9.627178,2.4003227,6.3412676,-2.3268116,15.000033,-0.105438024,-3.805113,15.594236,-6.6350417,14.808092,-36.399815,55.85454,-2.7789953,9.168129,5.687159,11.766489,-11.392849,4.649831,72.02574,-9.602768,5.5462875,-2.1955485
2279,-340.7738342285156,-55.56949996948242,75.03162384033203,5.483916546209579,-9.287019944797343,-111.38207140127619,28.633034,-13.18179,-12.620238,12.941258,-15.867561,7.94693,-18.992516,-9.291973,2.6451297,6.362936,-1.6785691,15.000033,-0.027026614,-3.6819143,15.41225,-6.4451394,14.707166,-36.261723,56.30983,-2.8310666,9.242633,5.8787794,11.631305,-11.117797,4.979414,72.25678,-9.840073,5.5655355,-2.0032544
2280,-341.228759765625,-56.32471466064453,75.06085205078125,5.208202550357371,-9.114384128852386,-111.17260176422246,28.51295,-12.804265,-12.609046,14.173438,-15.751291,7.776809,-18.452372,-8.87915,2.9631836,6.4614997,-1.023197,15.000033,0.030524874,-3.4775662,15.201828,-6.2612596,14.620308,-36.15392,56.672516,-2.854935,9.3622675,6.0065174,11.496686,-10.901037,5.214485,72.383,-10.098843,5.620884,-1.8066107
2281,-341.6851806640625,-57.07609176635742,75.11299896240234,4.843639903700624,-8.854899078701672,-110.8989413230584,28.168913,-12.338964,-12.602024,15.624144,-15.628623,7.563207,-18.05748,-8.316907,3.3989584,6.526979,-0.31157124,15.000033,0.040032856,-3.1713393,14.952173,-6.096116,14.550551,-36.04841,56.9355,-2.809302,9.562999,6.0543756,11.337932,-10.720215,5.351084,72.38647,-10.4335985,5.753598,-1.603376
2282,-342.145751953125,-57.83454895019531,75.175537109375,4.4134891181531515,-8.525877780623203,-110.5814380935529,27.657883,-11.804705,-12.60039,17.236483,-15.479155,7.316776,-17.74958,-7.620462,3.9410565,6.59192,0.45325726,15.000033,0.021698747,-2.8017113,14.659069,-5.9464493,14.486166,-35.9482,57.15564,-2.7164617,9.822637,6.059222,11.145945,-10.53332,5.425638,72.32231,-10.846194,5.95404,-1.4097039
2283,-342.60748291015625,-58.57869338989258,75.27168273925781,3.9457632990976554,-8.177050370423048,-110.24168253233945,27.047192,-11.234564,-12.594566,18.984978,-15.246808,7.0125365,-17.466337,-6.868466,4.4362535,6.6493373,1.2902658,15.000033,-0.0018862104,-2.3836792,14.349094,-5.78697,14.434574,-35.8755,57.338867,-2.635388,10.077355,6.0313096,10.944043,-10.36859,5.478559,72.22718,-11.199675,6.1426773,-1.2503372
2284,-343.0813293457031,-59.3253059387207,75.36409759521484,3.4679654800164377,-7.859467738521183,-109.90268255709141,26.406252,-10.661343,-12.573092,20.837814,-14.876084,6.6241074,-17.141914,-6.150154,4.7342606,6.696467,2.212465,15.000033,-0.01014263,-1.9377849,14.044431,-5.598425,14.394782,-35.844715,57.50822,-2.6198058,10.263129,5.982753,10.747921,-10.241622,5.559257,72.148865,-11.355119,6.2424026,-1.1575956
2285,-343.55462646484375,-60.10457992553711,75.44276428222656,2.9740543559857513,-7.576099350576062,-109.56029295263919,25.74198,-10.087409,-12.553257,22.811024,-14.380764,6.1689606,-17.03009,-5.4583383,4.8300004,7.280418,3.0431185,15.000033,0.0014781365,-1.4714869,13.726723,-5.398031,14.358242,-35.88429,57.700363,-2.6931095,10.362319,5.8981214,10.568853,-10.128466,5.65641,72.09777,-11.226023,6.220403,-1.1509625
2286,-344.0184020996094,-60.89787292480469,75.5282974243164,2.4576771612266994,-7.303191563532613,-109.21145909116525,25.032797,-9.502249,-12.53808,24.892477,-13.773925,5.6508436,-17.101824,-4.764902,4.788734,8.282104,3.8011055,15.000033,0.017921828,-0.9567081,13.399687,-5.166167,14.338279,-35.971046,57.851685,-2.8270106,10.410201,5.772016,10.4019,-10.071107,5.7522335,72.03138,-10.900217,6.1190906,-1.1919742
2287,-344.47821044921875,-61.687721252441406,75.63832092285156,1.9430833787920616,-7.0530625794703745,-108.87955744295421,24.27927,-8.927306,-12.490161,27.063883,-13.015085,5.0264826,-17.04214,-4.120661,4.599437,9.077615,4.582807,15.000033,0.068654306,-0.4209018,13.101222,-4.912948,14.325469,-36.059948,57.974384,-2.9752765,10.419049,5.6450915,10.211032,-10.046085,5.867558,71.97887,-10.522626,5.9837365,-1.283206
2288,-344.9329528808594,-62.4680290222168,75.75227355957031,1.4566360740612239,-6.838492841107963,-108.58821941389593,23.478743,-8.387617,-12.372736,29.315538,-12.068466,4.253731,-16.889666,-3.5407557,4.290147,9.79128,5.0895123,15.000033,0.16966994,0.088006474,12.833294,-4.6502275,14.301179,-36.129494,58.132645,-3.1241946,10.398196,5.577918,9.962262,-10.028775,6.0951624,71.99653,-10.184305,5.8646617,-1.4448907
2289,-345.3704528808594,-63.250732421875,75.86527252197266,1.0028467834524109,-6.672857098244909,-108.3606866373014,22.63635,-7.8956914,-12.156158,31.683552,-10.91202,3.301513,-16.639048,-3.0367296,3.8062005,10.457114,5.233362,15.000033,0.3215566,0.585608,12.620097,-4.3462553,14.25858,-36.140926,58.308804,-3.2792177,10.310438,5.591693,9.636818,-10.043065,6.44493,72.11337,-9.88919,5.73495,-1.697196
2290,-345.7861633300781,-64.03046417236328,75.97663879394531,0.572257547294369,-6.54528306514608,-108.18434819758677,21.739977,-7.452518,-11.872137,34.190582,-9.591233,2.1940978,-16.30314,-2.606474,3.1677673,11.07282,5.1489573,15.000033,0.48762932,1.094979,12.436386,-4.001041,14.174276,-36.084076,58.509693,-3.4394507,10.160003,5.6575217,9.246719,-10.124051,6.9273934,72.31021,-9.568369,5.5813737,-2.021678
2291,-346.1903381347656,-64.80826568603516,76.08809661865234,0.16448524689760696,-6.438845927203196,-108.02495137783006,20.754234,-7.065858,-11.576589,36.828667,-8.170858,0.97691345,-15.914818,-2.236891,2.5099564,11.641737,4.8982735,15.000033,0.6969372,1.6070715,12.292183,-3.6647823,14.075157,-35.99415,58.682114,-3.5462399,10.027021,5.717852,8.820406,-10.248875,7.4329495,72.49701,-9.329279,5.4630218,-2.344864
2292,-346.5757141113281,-65.57649993896484,76.20428466796875,-0.21424691846324828,-6.3368473879497484,-107.84651938102358,19.649258,-6.739119,-11.324004,39.58447,-6.7126403,-0.29600847,-15.494922,-1.9026062,1.9620985,12.139328,4.5494285,15.000033,0.9139024,2.1039674,12.191084,-3.3660629,13.966102,-35.827354,58.79138,-3.5153208,9.98896,5.7162013,8.347774,-10.40814,7.935718,72.61757,-9.251202,5.4441247,-2.6021454
2293,-346.9413757324219,-66.3294677734375,76.32244110107422,-0.5545660772659515,-6.243875510051761,-107.65099941750157,18.410133,-6.491398,-11.133957,42.51209,-5.164731,-1.6645029,-15.043836,-1.5876731,1.5744097,12.557298,4.0684934,15.000033,1.1391913,2.5741067,12.146864,-3.0955527,13.849177,-35.533413,58.809906,-3.2403464,10.089648,5.6142406,7.817607,-10.59402,8.418643,72.66085,-9.419284,5.576306,-2.7678256
2294,-347.2913818359375,-67.04759216308594,76.43810272216797,-0.8549958745442556,-6.167003964425352,-107.4534019426824,17.047825,-6.3292093,-10.980738,45.627834,-3.5286298,-3.1331477,-14.55012,-1.2952948,1.2709919,12.897741,3.4389007,15.000033,1.3793054,3.0182073,12.153582,-2.839395,13.724523,-35.137344,58.760967,-2.7900038,10.279318,5.448712,7.231832,-10.803697,8.915279,72.66429,-9.766241,5.816307,-2.882007
2295,-347.6235656738281,-67.75330352783203,76.54866790771484,-1.1331985834313634,-6.096171817675078,-107.2347023930005,15.575498,-6.219564,-10.844644,48.843765,-1.9289317,-4.591209,-14.017413,-1.0255058,0.98793024,13.148368,2.753394,15.000033,1.6230259,3.4420793,12.18976,-2.6284614,13.598859,-34.732483,58.684612,-2.3536482,10.496083,5.276366,6.6079354,-11.041628,9.4466715,72.63261,-10.1505785,6.0849547,-2.9759963
2296,-347.9554443359375,-68.45059204101562,76.65715789794922,-1.4069823375101784,-6.01871684332366,-106.9757749370125,14.005066,-6.113461,-10.698071,52.065937,-0.48270124,-5.9201655,-13.457142,-0.782247,0.6623164,13.3179865,2.091374,15.000033,1.8606553,3.8567061,12.234115,-2.4888768,13.482576,-34.414394,58.61464,-2.1219769,10.680126,5.155611,5.965581,-11.312837,10.029938,72.56609,-10.430732,6.302128,-3.0810192
2297,-348.27276611328125,-69.13256072998047,76.7619857788086,-1.6997980376479829,-5.925773385640706,-106.65807215604164,12.289639,-5.9772377,-10.54768,55.37294,0.97269255,-7.175987,-12.858279,-0.5629642,0.26147214,13.378207,1.46123,15.000033,2.0819004,4.2826085,12.282812,-2.4324448,13.385318,-34.211906,58.537834,-2.1708834,10.849998,5.0965137,5.30426,-11.620138,10.684822,72.43638,-10.582147,6.473002,-3.191227
2298,-348.56536865234375,-69.79386901855469,76.86251068115234,-1.996571455741324,-5.823637155180355,-106.29483881234428,10.434652,-5.824488,-10.3952055,58.785213,2.446249,-8.368036,-12.228799,-0.3668347,-0.1798589,13.352229,0.81678677,15.000033,2.293592,4.711057,12.3486395,-2.4357293,13.309821,-34.074688,58.430237,-2.3928843,11.02746,5.069658,4.6148834,-11.960664,11.395929,72.247574,-10.675716,6.630639,-3.292794
2299,-348.84967041015625,-70.43631744384766,76.96196746826172,-2.268681082056733,-5.723071257390681,-105.91484264884436,8.532585,-5.651501,-10.190346,62.1016,3.5951796,-9.306312,-11.568787,-0.20165935,-0.6247011,13.248837,0.19663225,15.000033,2.511633,5.113465,12.433894,-2.4729593,13.253809,-33.979195,58.311234,-2.7031648,11.158413,5.075786,3.9043736,-12.32779,12.124294,72.04549,-10.714935,6.7370634,-3.4072611
2300,-349.12518310546875,-71.0762939453125,77.06587982177734,-2.4914894379387365,-5.635734570569151,-105.5487442526076,6.671401,-5.4433856,-9.872706,65.12346,4.072915,-9.8093195,-10.8905525,-0.07301396,-1.0327325,13.099937,-0.37218624,15.000033,2.7576625,5.464374,12.539315,-2.5238476,13.211387,-33.905865,58.20742,-3.0175843,11.188153,5.1152883,3.1806142,-12.7140665,12.828093,71.877335,-10.70342,6.7543974,-3.5575595
2301,-349.3961181640625,-71.7056655883789,77.1729736328125,-2.6710234344968202,-5.564419385682015,-105.18685561318976,4.8642282,-5.14751,-9.415372,67.82326,3.6281428,-9.74114,-10.17007,0.02274355,-1.4098781,12.871506,-0.86888456,15.000033,3.036427,5.7649536,12.66669,-2.609759,13.180898,-33.877663,58.146435,-3.3665998,11.068036,5.1945186,2.4456446,-13.120904,13.523836,71.74276,-10.610009,6.638941,-3.7520862
2302,-349.650390625,-72.3194580078125,77.28018188476562,-2.821347842350975,-5.5030966381026545,-104.8186160867851,3.0706322,-4.7674637,-8.856711,70.291855,2.4980786,-9.236456,-9.406213,0.08827073,-1.7723992,12.558635,-1.312922,15.000033,3.3391867,6.0302978,12.813803,-2.7369816,13.162279,-33.89756,58.112797,-3.7765808,10.837373,5.3101535,1.6933255,-13.548842,14.221636,71.62021,-10.444747,6.421492,-3.9784808
2303,-349.89532470703125,-72.92882537841797,77.39518737792969,-2.9235060446685353,-5.449812143688999,-104.46832103434696,1.3110096,-4.381785,-8.24005,72.483696,1.0774279,-8.533439,-8.624977,0.11120135,-2.098584,12.209865,-1.731759,15.000033,3.6635091,6.2513385,12.974623,-2.8640456,13.149618,-33.916348,58.072807,-4.156996,10.574487,5.4494486,0.9217552,-13.987846,14.868219,71.52703,-10.274858,6.176445,-4.2303195
2304,-350.12298583984375,-73.54820251464844,77.51607513427734,-2.9605039649033573,-5.403567874748224,-104.15940379904136,-0.3979521,-4.0639915,-7.591457,74.35082,-0.23246048,-7.856451,-7.8554635,0.07874463,-2.3680472,11.879327,-2.155035,15.000033,4.007735,6.417465,13.141296,-2.95303,13.133675,-33.885674,58.000626,-4.4162054,10.35776,5.6021075,0.1299716,-14.422136,15.410482,71.48511,-10.167017,5.979185,-4.5039954
2305,-350.34002685546875,-74.1623306274414,77.63711547851562,-2.912532528489791,-5.373017497601398,-103.90659558502266,-2.0488346,-3.8329022,-6.874807,75.863884,-1.4100908,-7.204672,-7.0945587,-0.026989926,-2.560758,11.575568,-2.5897353,15.000033,4.3880677,6.5081367,13.313371,-3.0016394,13.107215,-33.800003,57.906513,-4.5120487,10.194552,5.7810965,-0.6839525,-14.8491,15.854099,71.52382,-10.124753,5.814874,-4.8248377
2306,-350.5535888671875,-74.77706146240234,77.76732635498047,-2.7939030818882897,-5.357492333969059,-103.69460509795094,-3.6513028,-3.6571681,-6.0876083,77.05443,-2.6401694,-6.490866,-6.3288307,-0.1960886,-2.6927333,11.270643,-3.0216777,15.000033,4.8011823,6.5341086,13.492595,-3.033912,13.068728,-33.68319,57.812706,-4.497452,10.047573,5.9892454,-1.5207447,-15.271383,16.22016,71.63195,-10.119416,5.6555886,-5.189323
2307,-350.75830078125,-75.39678955078125,77.89576721191406,-2.6482667486267237,-5.34123790224019,-103.50329811066945,-5.216247,-3.5156894,-5.297221,77.96076,-3.8236985,-5.7990994,-5.5691442,-0.3879205,-2.8018496,10.9574,-3.4391057,14.959394,5.219304,6.5345697,13.67229,-3.054653,13.0194235,-33.536083,57.716236,-4.428922,9.928575,6.202352,-2.3818116,-15.680377,16.481348,71.779236,-10.165174,5.557848,-5.5525975
2308,-350.9482116699219,-75.99310302734375,78.0198974609375,-2.5176382799230486,-5.3075113963404,-103.31349161985472,-6.7568803,-3.380098,-4.5700107,78.62374,-4.863227,-5.2089667,-4.816879,-0.5498449,-2.9254901,10.605855,-3.8203034,14.782311,5.616993,6.5474014,13.842716,-3.0687792,12.963499,-33.361248,57.61569,-4.364116,9.848914,6.3962083,-3.2715764,-16.062775,16.607693,71.94211,-10.278708,5.578135,-5.8721423
2309,-351.1380310058594,-76.59939575195312,78.13935852050781,-2.397157556730273,-5.255475465407398,-103.12228876685762,-8.277884,-3.280412,-3.9190416,79.027626,-5.7012725,-4.7468014,-4.0773273,-0.70077133,-3.059589,10.228419,-4.172685,14.564539,5.9870334,6.562502,14.001345,-3.0685916,12.902675,-33.15113,57.509308,-4.296777,9.821511,6.5703115,-4.209628,-16.408571,16.578,72.16014,-10.4885845,5.751804,-6.138075
2310,-351.3163146972656,-77.20539855957031,78.2484130859375,-2.26892209719656,-5.192719978384238,-102.93886147134546,-9.774619,-3.216238,-3.3044477,79.15796,-6.3970404,-4.365343,-3.3489707,-0.858068,-3.1879961,9.836984,-4.5053434,14.320675,6.343367,6.560892,14.150443,-3.0541549,12.837783,-32.909023,57.400757,-4.205214,9.837343,6.736218,-5.1972413,-16.719269,16.41548,72.44835,-10.7786255,6.042374,-6.374672
2311,-351.49420166015625,-77.79424285888672,78.34774780273438,-2.1478405805183094,-5.117092557416154,-102.75498952334745,-11.243142,-3.1313717,-2.7089088,79.04514,-7.0167723,-4.023488,-2.6460092,-1.005016,-3.323908,9.455569,-4.829618,14.024135,6.6851196,6.5554566,14.289626,-3.038117,12.772635,-32.650234,57.290134,-4.120872,9.875833,6.8864975,-6.2068214,-16.998556,16.154303,72.73906,-11.099236,6.399008,-6.5890694
2312,-351.6733703613281,-78.39065551757812,78.44520568847656,-2.047358839326312,-5.02647065121369,-102.5620959757271,-12.678127,-2.974606,-2.1159265,78.72022,-7.627333,-3.6811998,-1.9801345,-1.1261544,-3.479639,9.10441,-5.1542954,13.648011,7.011128,6.5582027,14.419635,-3.0316682,12.712924,-32.39007,57.173885,-4.07483,9.916173,7.013765,-7.2091846,-17.25186,15.827649,72.96064,-11.399166,6.7707195,-6.7889843
2313,-351.84429931640625,-78.97838592529297,78.5294418334961,-1.9759435625754107,-4.915271238518093,-102.35967875806573,-14.087842,-2.7424057,-1.5303841,78.18456,-8.262202,-3.336462,-1.3654076,-1.212896,-3.654545,8.795177,-5.4779234,13.15719,7.3188596,6.5742674,14.538967,-3.0276303,12.662409,-32.11472,57.034798,-4.067595,9.967644,7.1127014,-8.208217,-17.480633,15.411621,73.10344,-11.698208,7.18854,-6.9709096
2314,-352.0073547363281,-79.55182647705078,78.60272979736328,-1.923804858243011,-4.786748277359786,-102.1514164102165,-15.467756,-2.461396,-0.95730466,77.421616,-8.88069,-3.008597,-0.7892693,-1.2737712,-3.842466,8.512061,-5.796898,12.573411,7.608309,6.59682,14.648966,-3.0180976,12.622109,-31.82049,56.871952,-4.085375,10.036673,7.1874847,-9.217011,-17.685553,14.898851,73.20184,-12.013028,7.664759,-7.1309977
2315,-352.1711730957031,-80.13081359863281,78.67206573486328,-1.8851221447040132,-4.652259822063686,-101.93512155641037,-16.7918,-2.1266863,-0.38372248,76.43635,-9.442034,-2.695392,-0.23744985,-1.3179452,-4.0468955,8.264693,-6.1267285,11.955027,7.881564,6.622048,14.755721,-3.0142267,12.593962,-31.538574,56.707275,-4.139065,10.098131,7.245189,-10.219422,-17.873617,14.350249,73.24765,-12.283378,8.119397,-7.2791686
2316,-352.3376770019531,-80.7274169921875,78.73522186279297,-1.8537448582847678,-4.523493526255194,-101.7089365179227,-18.03331,-1.7368172,0.20681334,75.23336,-9.905028,-2.3946338,0.31305292,-1.3573363,-4.2712245,8.041416,-6.478643,11.36376,8.139743,6.645168,14.866712,-3.0264974,12.580362,-31.30006,56.56128,-4.241084,10.126549,7.292368,-11.1943445,-18.054354,13.824223,73.22621,-12.450979,8.472652,-7.42582
2317,-352.49359130859375,-81.31340789794922,78.77548217773438,-1.8281435044195278,-4.397176311639257,-101.4717322781652,-19.20316,-1.2876318,0.8269373,73.81546,-10.266083,-2.0936897,0.8556595,-1.3948185,-4.5206537,7.8440866,-6.855539,10.789084,8.380954,6.6666245,14.983586,-3.0582123,12.583465,-31.103676,56.42631,-4.4176826,10.11921,7.3162866,-12.136206,-18.23188,13.307707,73.114784,-12.500807,8.722553,-7.575955
2318,-352.64727783203125,-81.89935302734375,78.8087158203125,-1.8089781725382152,-4.2692804953747805,-101.22450764459795,-20.304293,-0.7903886,1.4716778,72.177155,-10.546735,-1.8034801,1.3808721,-1.4263412,-4.7912235,7.6805124,-7.256459,10.209795,8.605235,6.6886606,15.104513,-3.10153,12.603682,-30.936226,56.29124,-4.655156,10.088533,7.31736,-13.05151,-18.406776,12.777194,72.92015,-12.462569,8.904386,-7.723288
2319,-352.79547119140625,-82.49826049804688,78.83375549316406,-1.7947392430489892,-4.1498637701385706,-100.96944661269784,-21.297483,-0.2697352,2.1363616,70.30627,-10.741886,-1.5540862,1.9254394,-1.4531846,-5.0721445,7.5077195,-7.665016,9.672746,8.816398,6.7091966,15.233011,-3.1496,12.638927,-30.809223,56.168873,-4.9030533,10.0314455,7.3216696,-13.931351,-18.580835,12.273652,72.66571,-12.345313,8.994676,-7.8605185
2320,-352.9429016113281,-83.0888900756836,78.8506088256836,-1.782661809459968,-4.04869755058576,-100.70888042256523,-22.145578,0.25215346,2.814257,68.19158,-10.845792,-1.3752238,2.5270448,-1.4754814,-5.3534455,7.2813115,-8.064142,9.224495,9.016739,6.7269273,15.371977,-3.1970482,12.685555,-30.733152,56.07483,-5.1111927,9.944835,7.3557453,-14.768569,-18.756588,11.839685,72.37594,-12.158967,8.969773,-7.9800005
2321,-353.0905456542969,-83.68840026855469,78.86507415771484,-1.7676000229738071,-3.9723725149467235,-100.44123338738866,-22.83008,0.7829695,3.523347,65.80887,-10.872782,-1.2820226,3.169434,-1.502132,-5.6340513,7.0585313,-8.487614,8.889421,9.205334,6.7395363,15.530222,-3.2509828,12.742965,-30.724522,56.017998,-5.278592,9.804959,7.428235,-15.554232,-18.936073,11.4751835,72.04411,-11.8938675,8.788663,-8.070055
2322,-353.2271728515625,-84.31292724609375,78.8676528930664,-1.751038046233186,-3.9136601550660783,-100.16685811870921,-23.36937,1.3178957,4.2702813,63.163784,-10.817553,-1.2623024,3.74259,-1.5437174,-5.9159327,7.047185,-9.041375,8.642662,9.38265,6.7479744,15.703793,-3.3139694,12.810688,-30.773085,55.99052,-5.426606,9.620903,7.5243716,-16.289652,-19.118748,11.158315,71.65645,-11.549522,8.475306,-8.135471
2323,-353.3533020019531,-84.93645477294922,78.85842895507812,-1.7382635337571326,-3.86095908296056,-99.89006201046924,-23.784456,1.8219787,5.027805,60.289005,-10.644382,-1.2994343,4.3295445,-1.584692,-6.1992273,7.0346417,-9.607431,8.455761,9.552502,6.7556696,15.876154,-3.375312,12.88325,-30.84923,55.985184,-5.5408664,9.438201,7.6359105,-16.98677,-19.301132,10.904975,71.2301,-11.144475,8.103486,-8.193879
2324,-353.47381591796875,-85.5661849975586,78.83616638183594,-1.7350102757090877,-3.8023450857810133,-99.61551875846769,-24.09986,2.269311,5.7624764,57.219612,-10.320909,-1.3711245,4.9106464,-1.6157209,-6.481035,7.028103,-10.184099,8.296222,9.715676,6.7672625,16.02947,-3.4245825,12.952459,-30.92002,55.99903,-5.6056523,9.302527,7.7553535,-17.661386,-19.477716,10.733429,70.78732,-10.699228,7.746423,-8.264672
2325,-353.5952453613281,-86.18644714355469,78.8033218383789,-1.7384374345763511,-3.7305282471941075,-99.338099161398,-24.323576,2.6650746,6.4809136,53.933437,-9.79874,-1.4491938,5.477965,-1.6428382,-6.7656145,7.02551,-10.769407,8.1604395,9.864583,6.774463,16.162043,-3.4732053,13.013801,-30.987064,56.0469,-5.6059384,9.219998,7.892234,-18.328205,-19.646648,10.666654,70.33251,-10.169616,7.3998494,-8.356387
2326,-353.7098388671875,-86.82356262207031,78.75675201416016,-1.7455936576368447,-3.652505946895322,-99.05810234409208,-24.439453,3.0219352,7.1939764,50.41308,-9.107871,-1.5477589,6.041321,-1.6675856,-7.0530252,7.0278997,-11.365676,8.061918,9.999788,6.778677,16.280699,-3.5262527,13.0663805,-31.062868,56.13369,-5.5536013,9.167988,8.047965,-18.978302,-19.806295,10.691633,69.85805,-9.561326,7.032088,-8.45715
2327,-353.818115234375,-87.47367095947266,78.69866180419922,-1.768966234797293,-3.5782768930448285,-98.78835593125287,-24.44082,3.3345103,7.8692746,46.70274,-8.327255,-1.7012893,6.6127257,-1.6732132,-7.3339133,7.0330057,-11.968023,7.993539,10.134996,6.7974834,16.378988,-3.5597873,13.106706,-31.12641,56.240402,-5.467464,9.148996,8.20304,-19.597216,-19.952606,10.777135,69.37237,-8.965948,6.6770735,-8.559559
2328,-353.9198913574219,-88.13453674316406,78.62245178222656,-1.8241611517724412,-3.518104718079168,-98.54200408564591,-24.317326,3.600926,8.471791,42.832565,-7.5338674,-1.9429289,7.2044625,-1.6434219,-7.5978475,7.0396595,-12.5730505,7.948358,10.283878,6.849174,16.44983,-3.5515912,13.130202,-31.157804,56.350975,-5.3679013,9.16477,8.338023,-20.169788,-20.079231,10.893436,68.88359,-8.472995,6.3703704,-8.65819
2329,-354.0121765136719,-88.80374145507812,78.53067779541016,-1.9172955555264617,-3.4723955309732535,-98.31926206643352,-24.029364,3.8211486,9.021659,38.68737,-6.682097,-2.2985487,7.8166013,-1.5697991,-7.843922,7.04809,-13.182111,7.9341426,10.450682,6.9396863,16.485235,-3.5010333,13.132425,-31.156353,56.475956,-5.241532,9.227362,8.448088,-20.694035,-20.179886,11.044986,68.40053,-8.099703,6.117434,-8.769707
2330,-354.1051330566406,-89.49007415771484,78.42230987548828,-2.043549421060671,-3.4374285647599097,-98.11812928538299,-23.579268,4.0145717,9.519763,34.25524,-5.736725,-2.7317038,8.445457,-1.4567739,-8.073193,7.057486,-13.7954645,7.949205,10.630634,7.066361,16.490406,-3.4194582,13.112332,-31.130224,56.62187,-5.0832906,9.331655,8.543024,-21.175508,-20.261536,11.246009,67.91333,-7.7983303,5.9027467,-8.891411
2331,-354.1805419921875,-90.19745635986328,78.29653930664062,-2.1994303932137895,-3.41860744981509,-97.95062563284597,-23.016584,4.206644,9.908517,29.709143,-4.7812,-3.1847818,9.094321,-1.3086447,-8.275715,7.0676365,-14.408236,7.9732976,10.837541,7.2149205,16.473194,-3.3082047,13.083234,-31.088161,56.776897,-4.931246,9.454329,8.630387,-21.621141,-20.308073,11.461128,67.43487,-7.5760584,5.7204,-9.002064
2332,-354.24700927734375,-90.91136169433594,78.1561050415039,-2.381862048847125,-3.422291794835631,-97.82918877264316,-22.396618,4.419334,10.134982,25.230923,-3.9021358,-3.607572,9.767598,-1.127997,-8.440432,7.080481,-15.012186,7.9869204,11.04963,7.403262,16.450357,-3.1470523,13.031878,-30.992538,56.910725,-4.80553,9.570029,8.709775,-22.056482,-20.346342,11.712676,66.97611,-7.412272,5.5656137,-9.068479
2333,-354.3160095214844,-91.64544677734375,78.00043487548828,-2.618274236377905,-3.4577572654455313,-97.7712604617534,-21.684639,4.648804,10.161014,20.698904,-3.0647695,-4.077489,10.47527,-0.88004917,-8.548151,7.093051,-15.616132,7.978487,11.316561,7.6493015,16.412874,-2.9346979,12.977333,-30.872381,57.024483,-4.721657,9.67693,8.793492,-22.450695,-20.3604,11.942122,66.5234,-7.3555593,5.449538,-9.089228
2334,-354.3647155761719,-92.3884048461914,77.82659912109375,-2.9279795984075605,-3.5306254797385073,-97.78362099238521,-20.835869,4.937324,10.027502,16.01982,-2.2187724,-4.5909443,11.221148,-0.54454166,-8.587996,7.106333,-16.218117,7.954834,11.625473,7.979295,16.359013,-2.662306,12.907906,-30.70629,57.119858,-4.6561446,9.786438,8.874032,-22.822588,-20.356363,12.196333,66.08987,-7.385419,5.371523,-9.077022
2335,-354.41064453125,-93.13200378417969,77.64079284667969,-3.2821355628887154,-3.635559109166941,-97.85405542208181,-19.927511,5.3339095,9.812224,11.466375,-1.4415555,-4.997339,12.000174,-0.16238636,-8.569731,7.1168127,-16.799805,7.9266024,11.94708,8.364302,16.300348,-2.3639047,12.804483,-30.497896,57.218967,-4.6099443,9.895936,8.939035,-23.200314,-20.326775,12.5080595,65.69704,-7.436114,5.3064146,-9.034622
2336,-354.4549255371094,-93.8878402709961,77.45768737792969,-3.6182856507347485,-3.7544157827523796,-97.94563742205601,-18.994696,5.7983813,9.601757,7.17951,-0.73798096,-5.160557,12.792883,0.1861435,-8.5318365,7.1307554,-17.344776,7.910063,12.296631,8.724752,16.259623,-2.0765953,12.722702,-30.330921,57.283825,-4.6144843,10.009037,8.972608,-23.524378,-20.290789,12.804567,65.27309,-7.4650207,5.2276483,-8.949918
2337,-354.4968566894531,-94.64319610595703,77.28414154052734,-3.869920602573383,-3.85873343134697,-98.02830651330382,-19.740362,6.497874,9.087793,6.6724186,-2.041404,-4.893173,13.569478,0.42054194,-8.520828,7.1510344,-17.86191,7.9103317,12.613703,8.98853,16.245054,-1.7958825,12.651536,-30.154505,57.300682,-4.665804,10.135555,8.963423,-23.827354,-20.24767,13.151431,64.81836,-7.444395,5.134791,-8.839204
2338,-354.5243835449219,-95.40559387207031,77.11746978759766,-4.044724979890406,-3.9498957362618077,-98.09755792117882,-20.624044,7.099559,8.42006,6.5769153,-3.589377,-4.3434906,14.335106,0.55404115,-8.54067,7.178474,-18.35962,7.9261026,12.846276,9.1641245,16.244022,-1.4985343,12.557706,-29.90694,57.29937,-4.739208,10.268207,8.922385,-24.174234,-20.166006,13.605449,64.40851,-7.3935447,5.038807,-8.7136345
2339,-354.5399169921875,-96.17796325683594,76.95330047607422,-4.170306179601905,-4.043937905650857,-98.13975966898104,-21.412392,7.5840135,7.9018984,6.554015,-5.0362573,-3.8791025,15.115925,0.6145224,-8.585138,7.2125845,-18.820932,7.9754844,13.104332,9.284127,16.263275,-1.2297097,12.507227,-29.761572,57.270786,-4.8629427,10.389766,8.862534,-24.402237,-20.101309,13.945726,63.91826,-7.353178,4.933089,-8.521807
2340,-354.54010009765625,-96.96705627441406,76.7813949584961,-4.304878573639697,-4.167858983086283,-98.15814532378008,-22.005877,8.044891,7.81975,6.6025085,-6.1835637,-3.8495119,15.948858,0.6625319,-8.6267605,7.2494993,-19.227236,8.070089,13.337121,9.417453,16.30069,-0.96858746,12.473271,-29.68551,57.246304,-5.001813,10.473689,8.793895,-24.575245,-20.033083,14.206918,63.439243,-7.3115215,4.8119984,-8.248685
2341,-354.5323791503906,-97.76304626464844,76.61096954345703,-4.481601749733137,-4.353200745878116,-98.18479043037863,-22.28291,8.619459,8.471911,6.6229444,-6.9314547,-4.5307903,16.855658,0.75033545,-8.633824,7.2828135,-19.572773,8.1969185,13.490661,9.585728,16.34902,-0.6785411,12.42408,-29.606602,57.256264,-5.1666126,10.509275,8.728303,-24.839052,-19.859037,14.488376,63.145924,-7.278746,4.6689,-7.888902
2342,-354.5265197753906,-98.5610580444336,76.4410171508789,-4.672505794886506,-4.575909572927998,-98.20840738908568,-22.305878,9.264516,9.634937,6.622879,-7.3508344,-5.658408,17.81085,0.8467295,-8.628311,7.315011,-19.86706,8.352267,13.674635,9.767021,16.413633,-0.4116418,12.4043,-29.63426,57.267757,-5.3838034,10.514532,8.65509,-25.020899,-19.676815,14.640192,62.842266,-7.277438,4.507295,-7.4282784
2343,-354.5193786621094,-99.37140655517578,76.27857208251953,-4.826274727048718,-4.790348707193073,-98.18051384156871,-22.168415,9.821672,10.827736,6.608332,-7.435441,-6.7539167,18.7708,0.88968194,-8.649143,7.3496904,-20.090513,8.544342,13.821531,9.9030485,16.46812,-0.15887599,12.405518,-29.734978,57.298706,-5.591517,10.496116,8.571153,-25.128485,-19.483892,14.723442,62.536053,-7.255215,4.340343,-6.946346
2344,-354.5103454589844,-100.19529724121094,76.13008117675781,-4.891065423976063,-4.955221835382985,-98.05563234178688,-21.968714,10.132753,11.569998,6.5935493,-7.2253895,-7.3412285,19.69594,0.81655145,-8.734676,7.393181,-20.22589,8.780817,13.892627,9.927623,16.484283,0.06544199,12.420231,-29.904913,57.39032,-5.7357383,10.460202,8.477662,-25.150032,-19.263409,14.754839,62.230854,-7.1820083,4.1807365,-6.523259
2345,-354.48089599609375,-101.030517578125,76.01044464111328,-4.835338707381224,-5.077937439851145,-97.79296098623512,-21.68935,10.11075,11.607137,6.5825453,-6.739173,-7.163644,20.605286,0.5915758,-8.923836,7.4473944,-20.284836,9.081288,13.854435,9.813843,16.476482,0.23710363,12.446464,-30.193745,57.582268,-5.8120694,10.375297,8.370376,-25.070286,-19.021812,14.725269,61.922028,-7.0299144,4.020111,-6.1805
2346,-354.4305114746094,-101.86368560791016,75.90733337402344,-4.682271505635931,-5.17970078963465,-97.42967304212961,-21.28781,9.840819,11.248656,6.568918,-5.9629736,-6.5254016,21.515205,0.24957988,-9.192892,7.5116034,-20.272762,9.436997,13.736489,9.58451,16.455887,0.36764562,12.485323,-30.585302,57.853203,-5.846252,10.248671,8.251871,-24.91055,-18.749397,14.632167,61.626923,-6.825366,3.8559358,-5.8788424
2347,-354.3766784667969,-102.71356964111328,75.82547760009766,-4.4707443811073295,-5.241346683315084,-97.03798443963773,-20.826288,9.436605,10.856524,6.5464673,-4.9055166,-5.7988467,22.383137,-0.16006267,-9.481513,7.5884748,-20.162024,9.8132,13.601086,9.278463,16.397179,0.49342388,12.527887,-30.981886,58.14036,-5.8276715,10.14485,8.130584,-24.680912,-18.457561,14.501079,61.330956,-6.610082,3.711019,-5.5933566
2348,-354.29412841796875,-103.56327056884766,75.7761001586914,-4.225121774803692,-5.231804945322033,-96.67429259540022,-20.411741,9.003583,10.777055,6.5813446,-3.637376,-5.3278747,23.161165,-0.6122976,-9.74472,7.68438,-19.932074,10.183654,13.495022,8.925776,16.274244,0.64100033,12.556814,-31.282463,58.38804,-5.7405763,10.127061,8.014404,-24.38383,-18.169962,14.357289,61.006283,-6.423812,3.6078603,-5.298325
2349,-354.1889953613281,-104.42657470703125,75.74560546875,-3.966938921895001,-5.124796495161762,-96.36986544416783,-20.029436,8.609939,11.221309,6.63423,-2.123601,-5.306553,23.616413,-1.1270081,-9.937114,8.200975,-19.796274,10.530706,13.449264,8.551877,16.059757,0.80490494,12.555542,-31.472065,58.596516,-5.5444856,10.22574,7.896523,-24.018349,-17.891384,14.198615,60.638496,-6.2662344,3.5706806,-4.9943686
2350,-354.0849304199219,-105.31730651855469,75.71796417236328,-3.6743949623385177,-4.9402878914047355,-96.09455518296672,-19.642921,8.182831,11.961547,6.686955,-0.3502764,-5.5076137,23.509119,-1.7778392,-10.069891,9.717525,-20.071114,10.8690605,13.4366,8.141313,15.769438,0.96538615,12.518408,-31.600319,58.808254,-5.2555184,10.400848,7.776053,-23.581928,-17.620834,14.021534,60.243988,-6.11749,3.5817258,-4.6908402
2351,-353.96240234375,-106.20492553710938,75.70903015136719,-3.3442955722942456,-4.721881341766065,-95.8277631337653,-19.765993,7.776707,12.622884,7.7902946,1.0735962,-5.6393647,23.323044,-2.4835312,-10.174175,11.320102,-20.244974,11.2018,13.434525,7.693224,15.428911,1.1377975,12.448374,-31.670868,59.026035,-4.947225,10.61067,7.6707563,-23.076344,-17.359074,13.847814,59.85468,-5.9904814,3.6005332,-4.375323
2352,-353.81121826171875,-107.11370849609375,75.71996307373047,-2.9830919070933186,-4.517101435718612,-95.55705473625781,-20.429049,7.3743796,12.921627,9.969901,2.0835733,-5.4302444,23.10566,-3.2291927,-10.2656555,13.039062,-20.306656,11.528304,13.424251,7.215508,15.064093,1.3458158,12.354409,-31.684494,59.244606,-4.6950088,10.814767,7.5989623,-22.509531,-17.108429,13.705284,59.506947,-5.8954697,3.5868711,-4.035313
2353,-353.64776611328125,-108.04947662353516,75.7408447265625,-2.577944140094476,-4.330995237147807,-95.30792908241877,-21.089577,6.8174176,12.833816,11.972652,3.6948256,-4.7958045,22.881975,-4.0386915,-10.321559,14.847403,-20.26973,11.856531,13.4263735,6.695623,14.661648,1.628444,12.239794,-31.615353,59.436172,-4.479125,11.033692,7.571478,-21.859926,-16.869408,13.611793,59.18828,-5.835446,3.534641,-3.6475487
2354,-353.48175048828125,-109.01217651367188,75.77251434326172,-2.1381012522004403,-4.143802135369298,-95.08850689834486,-21.73464,6.1444535,12.562169,13.813011,5.82257,-3.914125,22.625093,-4.9081197,-10.320998,16.727697,-20.129625,12.171924,13.450323,6.1420383,14.214204,1.9705259,12.103596,-31.470938,59.603935,-4.272889,11.279741,7.5752444,-21.135124,-16.639837,13.554862,58.890842,-5.8027377,3.4636884,-3.2245004
2355,-353.3144226074219,-109.9778060913086,75.8182373046875,-1.7021810634141477,-3.965921170033851,-94.85723170870403,-22.308992,5.418554,12.27303,15.525662,7.746533,-2.8825107,22.294184,-5.7838917,-10.286355,18.753386,-19.851841,12.440268,13.4609375,5.593952,13.756698,2.3143384,11.951865,-31.302427,59.78525,-4.141887,11.500298,7.593227,-20.37998,-16.418257,13.509526,58.6507,-5.7936454,3.3718894,-2.8062758
2356,-353.12872314453125,-110.94498443603516,75.8701171875,-1.299057706353818,-3.803567155762666,-94.56870308393472,-22.763226,4.6934032,12.100232,17.166698,8.715796,-1.7605593,21.852852,-6.618423,-10.249247,20.987965,-19.403883,12.63174,13.422656,5.0813327,13.323743,2.6016579,11.795793,-31.16047,60.012817,-4.1508746,11.642518,7.60881,-19.633688,-16.20327,13.444242,58.495712,-5.804502,3.2571507,-2.4329312
2357,-352.9197692871094,-111.86207580566406,75.95006561279297,-0.9116512713080848,-3.6310284358551064,-94.19569827492175,-23.175085,3.9516463,12.049201,18.927238,8.234059,-0.34831896,21.262568,-7.4328575,-10.237403,23.488876,-18.785774,12.737379,13.318648,4.5788746,12.9016,2.8274555,11.643426,-31.037685,60.28588,-4.360784,11.675862,7.6287436,-18.892427,-15.996547,13.352545,58.42616,-5.8411193,3.093539,-2.102814
2358,-352.7236022949219,-112.79377746582031,76.01985931396484,-0.5216202550874247,-3.4495066875771787,-93.75939960879373,-23.557707,3.1588109,12.00287,20.768257,6.7536955,1.3317847,20.55417,-8.255683,-10.235503,26.198263,-18.008537,12.769558,13.1654415,4.0676584,12.478394,3.0212057,11.4973955,-30.914883,60.580647,-4.724162,11.634384,7.6574674,-18.137255,-15.798362,13.245176,58.422676,-5.9028087,2.8901486,-1.7985027
2359,-352.5427551269531,-113.72815704345703,76.08867645263672,-0.15106947755618258,-3.3036266337275277,-93.28420135547704,-23.779398,2.3427117,11.901374,22.430883,4.9321413,2.8971903,19.790752,-9.052958,-10.220494,29.023249,-17.066076,12.735689,12.9759245,3.5840883,12.092071,3.1752663,11.362047,-30.825031,60.89337,-5.142922,11.562494,7.674963,-17.378578,-15.601689,13.110792,58.476578,-5.9779477,2.6972837,-1.5368177
2360,-352.3567810058594,-114.6580581665039,76.16915130615234,0.17356044624003528,-3.238016105016592,-92.79541530947483,-23.711563,1.5458647,11.731795,23.655512,3.4444852,3.978894,19.026974,-9.787411,-10.171072,31.893518,-15.956146,12.644252,12.765477,3.1651535,11.780971,3.2827902,11.243146,-30.801115,61.2206,-5.518685,11.50496,7.6625533,-16.628096,-15.397181,12.935249,58.58132,-6.0568666,2.5651581,-1.3350551
2361,-352.1575622558594,-115.57711029052734,76.26634216308594,0.43006432924769744,-3.2768454251588457,-92.26852881737626,-23.288729,0.7736976,11.483953,24.347498,2.418598,4.4036875,18.318716,-10.43746,-10.129728,34.782692,-14.617012,12.565973,12.517635,2.8292382,11.555784,3.3373258,11.146936,-30.87387,61.59181,-5.869249,11.450216,7.609251,-15.873395,-15.175081,12.697378,58.752186,-6.1288066,2.4984934,-1.2109572
2362,-351.9758605957031,-116.46845245361328,76.37445831298828,0.6361187325048132,-3.3909552094761306,-91.69612557066027,-22.597683,0.01660532,11.169498,24.676205,1.50433,4.396333,17.617905,-11.029787,-10.103059,37.749256,-13.078061,12.469769,12.228371,2.5482168,11.395394,3.3473713,11.076263,-31.019035,61.994114,-6.2341256,11.383109,7.5272985,-15.115942,-14.934903,12.405024,58.98788,-6.204784,2.4730816,-1.1527588
2363,-351.8034362792969,-117.34244537353516,76.49378204345703,0.8147740063338301,-3.545916133032531,-91.13190673761247,-21.73974,-0.7001491,10.84253,24.766932,0.674113,4.1977954,16.83013,-11.59262,-10.0200405,40.831615,-11.469501,12.21554,11.933009,2.2928555,11.292496,3.3288085,11.03,-31.18559,62.36103,-6.5470653,11.342956,7.432697,-14.386529,-14.684005,12.089592,59.256035,-6.308179,2.4960992,-1.1330192
2364,-351.6422119140625,-118.20259094238281,76.62831115722656,0.9959283927651653,-3.7074120856866943,-90.63160657840315,-20.816484,-1.3652292,10.558627,24.735666,-0.09880217,4.051341,15.864554,-12.153521,-9.813427,44.056854,-9.914736,11.666895,11.666967,2.0355887,11.239987,3.2972612,11.00427,-31.320515,62.625618,-6.7399173,11.3691,7.3418765,-13.714317,-14.434928,11.785062,59.523655,-6.462019,2.5749986,-1.1234193
2365,-351.47808837890625,-119.04515075683594,76.76480102539062,1.1810017160944928,-3.88075397554229,-90.21653658306535,-19.809803,-1.9777367,10.343287,24.55038,-0.80408984,4.003476,14.677354,-12.7291355,-9.472137,47.530712,-8.434145,10.669227,11.445193,1.7795467,11.256117,3.2453303,10.994056,-31.409988,62.776524,-6.7599754,11.50629,7.243923,-13.10285,-14.1910925,11.466115,59.782764,-6.6800404,2.735313,-1.1240252
2366,-351.31890869140625,-119.86458587646484,76.90354919433594,1.3535300476350784,-4.079270069216353,-89.85546788320782,-18.679586,-2.5548263,10.169556,24.153921,-1.4271215,3.943436,13.330464,-13.303968,-9.051578,51.184044,-6.9525275,9.327243,11.247684,1.5399064,11.339329,3.167066,10.997763,-31.482153,62.84904,-6.653091,11.7223,7.134895,-12.536506,-13.952034,11.127099,60.048317,-6.945282,2.9656327,-1.1459299
2367,-351.1554870605469,-120.66842651367188,77.0350341796875,1.5192162794659752,-4.28130973587159,-89.52560900265253,-17.498299,-3.1137257,10.0106325,23.633585,-1.9917915,3.8738794,11.886218,-13.858436,-8.57411,54.79928,-5.4580584,7.9049726,11.057681,1.3081303,11.454428,3.0762694,11.016685,-31.546907,62.85311,-6.5011134,11.935672,7.0414677,-12.012487,-13.727342,10.833317,60.31862,-7.233439,3.2179887,-1.1766059
2368,-350.9984130859375,-121.44697570800781,77.15142059326172,1.6845633287886563,-4.465257896277562,-89.20600790496032,-16.339909,-3.666005,9.839368,23.08503,-2.5248778,3.7879314,10.394628,-14.359242,-8.046147,58.185627,-3.948533,6.6807795,10.857749,1.0741335,11.567178,2.9897096,11.053279,-31.609896,62.793983,-6.3848844,12.065506,6.989852,-11.528294,-13.533026,10.655374,60.59154,-7.5172215,3.4444818,-1.2035587
2369,-350.83831787109375,-122.22531127929688,77.25897979736328,1.854737806081632,-4.621701094330508,-88.90842772905029,-15.202078,-4.207483,9.661725,22.490334,-3.0239012,3.6562636,8.812994,-14.824703,-7.473312,61.385166,-2.2179737,5.685457,10.653037,0.8354394,11.66998,2.9208298,11.107892,-31.656666,62.638508,-6.2986875,12.106795,6.988645,-11.085283,-13.381881,10.62994,60.85852,-7.807203,3.6581929,-1.2233498
2370,-350.6789245605469,-122.98389434814453,77.3569107055664,2.0229175236737444,-4.763113364283739,-88.63690934586306,-14.0512905,-4.727553,9.48387,21.81489,-3.4792511,3.4888568,7.127197,-15.246081,-6.848555,64.482666,-0.33307585,4.7956696,10.446263,0.6046886,11.781441,2.861142,11.179224,-31.687475,62.387096,-6.2082696,12.098941,7.022139,-10.68155,-13.276202,10.718111,61.119816,-8.107769,3.8762748,-1.2398471
2371,-350.519775390625,-123.71788024902344,77.44464111328125,2.171144621347513,-4.901427958055772,-88.35674465300134,-12.916868,-5.2207775,9.274567,21.135422,-3.9059558,3.3278558,5.433066,-15.51948,-6.1459584,67.35692,1.2879056,4.0918794,10.217802,0.39835304,11.9076395,2.7915804,11.266409,-31.732332,62.10132,-6.152185,12.022423,7.079971,-10.301477,-13.209556,10.872023,61.37846,-8.382705,4.056325,-1.2507536
2372,-350.3654479980469,-124.44683074951172,77.52205657958984,2.2831321379800924,-5.0483766235513405,-88.03487728067257,-11.83217,-5.6792254,9.00482,20.53884,-4.324424,3.2150655,3.8284066,-15.521391,-5.3345046,69.89395,2.2190416,3.6751475,9.950256,0.2317387,12.053582,2.6919222,11.369259,-31.823708,61.844006,-6.170789,11.8582535,7.1521935,-9.92982,-13.1708765,11.041428,61.638958,-8.598602,4.155991,-1.255634
2373,-350.2159729003906,-125.15884399414062,77.60070037841797,2.3460560264237205,-5.197472332876178,-87.66410718125861,-10.819761,-6.0901175,8.663187,20.06015,-4.7425613,3.1584766,2.3410554,-15.115862,-4.3345237,72.06306,2.1865077,3.6882367,9.6374445,0.108040586,12.216011,2.5546772,11.491219,-31.973213,61.62135,-6.3069816,11.563508,7.246137,-9.573706,-13.158356,11.23647,61.907322,-8.742656,4.133251,-1.249417
2374,-350.085205078125,-125.87740325927734,77.68289184570312,2.372017442630954,-5.346441309641485,-87.26265831057107,-9.860207,-6.4560103,8.269287,19.664526,-5.156996,3.1323583,0.9286042,-14.3704815,-3.1981418,73.9533,1.4496862,4.0649056,9.291595,0.016763138,12.394575,2.3907704,11.633287,-32.16587,61.40329,-6.5300336,11.160598,7.3625507,-9.23873,-13.172686,11.473615,62.18189,-8.83582,4.020797,-1.2355429
2375,-349.9550476074219,-126.57860565185547,77.75179290771484,2.3754381201079293,-5.5122200803900085,-86.84209952667275,-8.906519,-6.788713,7.8425612,19.307762,-5.563095,3.1266158,-0.4098681,-13.483855,-2.08374,75.605995,0.39468944,4.583805,8.9285755,-0.048267473,12.596474,2.207806,11.790299,-32.390022,61.20186,-6.7648416,10.728255,7.4831944,-8.911514,-13.206188,11.713148,62.459972,-8.89563,3.8884995,-1.2279537
2376,-349.8251953125,-127.26560974121094,77.81871795654297,2.3648633368580088,-5.7103928266963875,-86.41441907911661,-7.9147162,-7.099355,7.4024897,18.948242,-5.9576554,3.132979,-1.6859363,-12.6511755,-1.125764,77.0463,-0.57347465,5.03311,8.566704,-0.09139354,12.826646,2.0087154,11.9533825,-32.637596,61.036358,-6.9396644,10.345464,7.592942,-8.577071,-13.246787,11.913212,62.740242,-8.940968,3.806113,-1.2412944
2377,-349.6935119628906,-127.96993255615234,77.89260864257812,2.3390505983119754,-5.950428990299807,-85.97632756390685,-6.879482,-7.386193,6.94871,18.597723,-6.34594,3.1636953,-2.9044144,-11.877614,-0.31858188,78.26249,-1.3834101,5.4100485,8.200992,-0.11045534,13.0917425,1.7852099,12.11763,-32.92274,60.93619,-7.0456305,9.996386,7.699432,-8.238301,-13.290503,12.070038,63.025417,-8.962292,3.7897596,-1.281862
2378,-349.5631103515625,-128.65444946289062,77.95925903320312,2.2946465256143096,-6.221889814761314,-85.52366177258816,-5.818834,-7.6467915,6.474187,18.264805,-6.724588,3.2181053,-4.063469,-11.095275,0.40392226,79.24466,-2.234556,5.7987804,7.8257437,-0.10814923,13.386631,1.5333633,12.281999,-33.245926,60.892757,-7.117893,9.650745,7.809204,-7.901714,-13.337732,12.20202,63.319553,-8.956206,3.8030798,-1.342778
2379,-349.4372253417969,-129.34356689453125,78.02217864990234,2.243255361400566,-6.5097993021807055,-85.06785786995081,-4.734621,-7.8872724,5.985669,17.92136,-7.0863786,3.2680316,-5.1749835,-10.379925,1.0110242,80.01052,-3.1149812,6.1208777,7.457446,-0.096567206,13.6950245,1.2619214,12.444233,-33.57554,60.873486,-7.149928,9.366049,7.90712,-7.564056,-13.385225,12.302508,63.630333,-8.952344,3.8374238,-1.420987
2380,-349.31048583984375,-130.02395629882812,78.08332824707031,2.1927470711132084,-6.798322534192342,-84.62035078980695,-3.6287231,-8.11207,5.4895954,17.539139,-7.4232626,3.2853658,-6.2527304,-9.803465,1.4745711,80.57792,-4.011254,6.3014154,7.112552,-0.08573487,13.999895,0.9804293,12.60127,-33.87915,60.845657,-7.1343207,9.199593,7.9781814,-7.2213135,-13.425776,12.3659315,63.964993,-8.979074,3.8848953,-1.5138063
2381,-349.19427490234375,-130.70712280273438,78.14331817626953,2.141434906249761,-7.094696348969732,-84.18189946819105,-2.4875355,-8.3161545,4.9789557,17.110031,-7.7375946,3.2540038,-7.294033,-9.381619,1.7776777,80.941574,-4.8865647,6.3256583,6.7923665,-0.07104099,14.304065,0.68200076,12.751351,-34.16059,60.81692,-7.065431,9.185229,8.017502,-6.8738923,-13.452282,12.3867235,64.34152,-9.035122,3.942211,-1.6371831
2382,-349.07745361328125,-131.3889923095703,78.19820404052734,2.0841801524221792,-7.4025680722045575,-83.74714112630548,-1.3189216,-8.496367,4.4538736,16.657366,-8.033814,3.1913383,-8.2977085,-9.076908,1.9465692,81.09009,-5.753796,6.2339144,6.4881787,-0.050885834,14.611899,0.3638547,12.894579,-34.432095,60.804337,-6.9478345,9.286069,8.034249,-6.525348,-13.464545,12.370556,64.75296,-9.108993,4.0164237,-1.7886873
2383,-348.9578857421875,-132.07444763183594,78.2464828491211,2.0292723652541405,-7.702130679576618,-83.31790048194922,-0.1448826,-8.661356,3.9293969,16.171398,-8.303803,3.1195555,-9.279202,-8.875251,2.0190322,81.03257,-6.674979,6.0388265,6.2011456,-0.036430772,14.90897,0.0410767,13.030968,-34.674797,60.789875,-6.7915006,9.453439,8.033855,-6.181908,-13.466772,12.326649,65.18349,-9.215568,4.10486,-1.9386221
2384,-348.8476867675781,-132.7467498779297,78.28858947753906,1.9860540775116935,-7.974025031681671,-82.89654433838396,1.010802,-8.822222,3.420644,15.646159,-8.540065,3.062625,-10.249305,-8.76059,2.0319836,80.770996,-7.713318,5.7548337,5.931265,-0.038030572,15.181044,-0.2710944,13.160893,-34.868813,60.754387,-6.606832,9.6384325,8.021586,-5.8465233,-13.465222,12.266711,65.608826,-9.368203,4.209725,-2.0558143
2385,-348.7369079589844,-133.409912109375,78.32527160644531,1.959823770550558,-8.217241220668402,-82.48530487228888,2.1551814,-8.985993,2.934161,15.063367,-8.735505,3.0197957,-11.212335,-8.746729,1.9746614,80.312164,-8.981787,5.356704,5.6807075,-0.057395592,15.426531,-0.5701065,13.283372,-35.00531,60.693066,-6.3640842,9.864847,7.989684,-5.5198975,-13.464505,12.19126,66.03518,-9.590031,4.3324428,-2.127279
2386,-348.61846923828125,-134.07960510253906,78.36168670654297,1.9423581675497044,-8.440725009318912,-82.08236627984884,3.2939992,-9.143892,2.4606528,14.43741,-8.898795,2.9813502,-12.156534,-8.818553,1.8374251,79.64594,-10.417916,4.8641353,5.448183,-0.083752416,15.652855,-0.8640049,13.397836,-35.09594,60.61499,-6.06873,10.146115,7.936845,-5.197302,-13.463516,12.09604,66.465744,-9.865842,4.472278,-2.1689384
2387,-348.5081787109375,-134.73605346679688,78.38800811767578,1.9263395678609176,-8.640867185902355,-81.68449903832055,4.404223,-9.285837,1.9917516,13.807423,-9.043935,2.9569116,-13.074572,-8.921988,1.6536913,78.76191,-11.81776,4.3493786,5.229181,-0.11297815,15.859263,-1.1519939,13.5067005,-35.147564,60.521942,-5.780279,10.418196,7.8795404,-4.879138,-13.462244,11.984798,66.88046,-10.152974,4.624948,-2.1950364
2388,-348.3997497558594,-135.39950561523438,78.41402435302734,1.9057637669328922,-8.814328649860958,-81.28855242739208,5.4655437,-9.404515,1.5197947,13.206519,-9.183907,2.958173,-13.961338,-9.013168,1.4537917,77.65455,-12.978536,3.8756545,5.012793,-0.13645701,16.040327,-1.4449713,13.58734,-35.15948,60.442513,-5.5542803,10.615384,7.837927,-4.5688496,-13.45992,11.870088,67.266304,-10.405976,4.786904,-2.2212949
2389,-348.30035400390625,-136.05416870117188,78.43562316894531,1.8819997674868718,-8.958857128084919,-80.89503742352582,6.4655,-9.49917,1.0409571,12.655387,-9.324444,3.0012176,-14.819662,-9.112345,1.209581,76.30527,-13.88755,3.4138196,4.818939,-0.16433248,16.209435,-1.7119672,13.705209,-35.140724,60.298286,-5.4202614,10.727381,7.8107915,-4.2521996,-13.452996,11.720988,67.595345,-10.639815,4.967472,-2.235668
2390,-348.20220947265625,-136.70660400390625,78.45624542236328,1.85663411254159,-9.077238886026166,-80.50579329222136,7.4188,-9.576534,0.5614977,12.131693,-9.458066,3.0786672,-15.643973,-9.227624,0.90970355,74.72035,-14.64296,2.9509053,4.630894,-0.19484867,16.358862,-1.9646903,13.824761,-35.068954,60.12883,-5.336388,10.78461,7.792734,-3.94582,-13.441146,11.5642,67.89969,-10.864198,5.1659904,-2.2386935
2391,-348.1045837402344,-137.34812927246094,78.47056579589844,1.8335662597559625,-9.172733300667701,-80.11980418362792,8.334812,-9.641208,0.09072186,11.624484,-9.580475,3.1644042,-16.418854,-9.311103,0.6069471,72.930046,-15.205189,2.559319,4.4498243,-0.22913729,16.4912,-2.2088845,13.943668,-34.975677,59.94634,-5.2909803,10.798547,7.7811165,-3.6455655,-13.425009,11.403452,68.176605,-11.051117,5.357145,-2.248345
2392,-348.0155944824219,-137.98703002929688,78.4814682006836,1.815645161617807,-9.248567850940146,-79.7357795285376,9.225928,-9.697981,-0.36300397,11.116072,-9.684796,3.2317474,-17.131931,-9.322494,0.35785896,70.96405,-15.530587,2.3047879,4.2725816,-0.27198187,16.610245,-2.4389725,14.072776,-34.88761,59.745655,-5.2726297,10.7816725,7.771627,-3.3476257,-13.4035015,11.246878,68.4165,-11.171906,5.5200257,-2.2822819
2393,-347.9328918457031,-138.63284301757812,78.48844146728516,1.7966076896277658,-9.30082040819668,-79.348022671386,10.087737,-9.73848,-0.80459344,10.596943,-9.760557,3.266002,-17.791208,-9.255813,0.17663133,68.8096,-15.552691,2.1961951,4.0939465,-0.31609797,16.714827,-2.6597254,14.207704,-34.801064,59.52709,-5.2973423,10.718928,7.7635784,-3.0555813,-13.375892,11.088741,68.622696,-11.196733,5.645535,-2.3558037
2394,-347.8505554199219,-139.26780700683594,78.48838806152344,1.7770053082828128,-9.329195407849616,-78.95862683622435,10.916161,-9.764496,-1.235741,10.078674,-9.815371,3.2840753,-18.3988,-9.138369,0.033585083,66.45709,-15.311872,2.192615,3.917972,-0.3631676,16.803766,-2.8709674,14.349848,-34.707287,59.289352,-5.366704,10.610087,7.7587495,-2.7697566,-13.342509,10.926067,68.79696,-11.148718,5.7466626,-2.4564996
2395,-347.7668151855469,-139.906494140625,78.48904418945312,1.7729931865117792,-9.342353628786533,-78.57783297080105,11.723346,-9.794967,-1.6443847,9.570447,-9.864944,3.3045733,-18.936844,-8.98807,-0.077404,63.938026,-14.921457,2.2756789,3.7514205,-0.4253692,16.878962,-3.0659642,14.497353,-34.618343,59.04198,-5.4405103,10.488518,7.758462,-2.483295,-13.304842,10.775074,68.93595,-11.077036,5.831378,-2.561169
2396,-347.68280029296875,-140.53562927246094,78.48485565185547,1.797854283840247,-9.348830386600794,-78.21504211138739,12.521975,-9.847688,-2.019205,9.080217,-9.92413,3.3446066,-19.38962,-8.823539,-0.1608825,61.28402,-14.495107,2.4281108,3.6011183,-0.5132599,16.941387,-3.2411957,14.646184,-34.5479,58.79826,-5.479845,10.387465,7.7644706,-2.1891813,-13.265365,10.652429,69.03661,-11.029855,5.9078145,-2.6463325
2397,-347.6032409667969,-141.17459106445312,78.46847534179688,1.8506802051583566,-9.347866772560334,-77.87295069132499,13.307366,-9.923468,-2.347361,8.615075,-9.999098,3.4052413,-19.760427,-8.654631,-0.20627598,58.486435,-14.031598,2.6382606,3.4678946,-0.6275321,16.991167,-3.3989775,14.7940235,-34.500774,58.561245,-5.475413,10.304269,7.784526,-1.88803,-13.226165,10.565427,69.0955,-11.019613,5.9806914,-2.710402
2398,-347.5267333984375,-141.8068084716797,78.43634033203125,1.9278253426460485,-9.336125995183309,-77.54585067368869,14.083264,-10.013774,-2.640555,8.151919,-10.07414,3.4764256,-20.054485,-8.477257,-0.20852727,55.528286,-13.480271,2.9118714,3.3476057,-0.7605253,17.026976,-3.5423596,14.940017,-34.469906,58.32706,-5.447718,10.224669,7.8156414,-1.5814874,-13.187091,10.504051,69.11397,-11.020405,6.0448728,-2.763815
2399,-347.43011474609375,-142.46185302734375,78.40154266357422,2.0266517096362033,-9.317715096323203,-77.22988688043301,14.840632,-10.122878,-2.9191756,7.720628,-10.1608515,3.5583158,-20.26258,-8.291175,-0.18188599,52.42856,-12.8775,3.2541227,3.2402606,-0.90743816,17.044903,-3.679881,15.066547,-34.451183,58.11899,-5.3997803,10.163293,7.845083,-1.2651713,-13.15351,10.458977,69.09931,-11.022151,6.094096,-2.8015542
2400,-347.3342590332031,-143.11436462402344,78.34989929199219,2.1410029588201915,-9.297402258027931,-76.91930728281604,15.573765,-10.246961,-3.2063715,7.3456793,-10.273039,3.6483185,-20.37624,-8.093686,-0.1449551,49.205093,-12.26316,3.6684718,3.14431,-1.0689994,17.049168,-3.7880008,15.20385,-34.43881,57.90244,-5.339973,10.139132,7.855384,-0.9366367,-13.116977,10.41888,69.052895,-11.017532,6.1216135,-2.818035
2401,-347.2438049316406,-143.76422119140625,78.28218078613281,2.2685642668077834,-9.276183261715241,-76.61679710064297,16.224445,-10.383938,-3.4890816,7.1515236,-10.480816,3.754775,-20.388287,-7.889656,-0.0798678,45.828133,-11.645858,4.1383767,3.0613985,-1.2340304,17.036263,-3.8819613,15.327719,-34.430473,57.701675,-5.2478366,10.169144,7.845132,-0.59207964,-13.083895,10.387644,68.96912,-11.004604,6.12516,-2.8103752
2402,-347.139404296875,-144.43109130859375,78.21504974365234,2.4184182789559934,-9.251289533076681,-76.32404598803328,16.786259,-10.543638,-3.7571452,7.143486,-10.786748,3.8725665,-20.300472,-7.6979413,0.025873858,42.28079,-10.999557,4.657912,2.9929075,-1.4108368,17.004501,-3.9704669,15.429652,-34.43161,57.528652,-5.126939,10.238929,7.822846,-0.23263007,-13.05727,10.367164,68.8486,-10.987483,6.1084933,-2.781922
2403,-347.0362548828125,-145.09913635253906,78.12551879882812,2.599831935365869,-9.223103976991405,-76.03072459552202,17.369427,-10.734315,-4.044765,7.09537,-11.061307,3.9877472,-20.124023,-7.538072,0.14357172,38.610992,-10.317246,5.245331,2.9297216,-1.6115962,16.95435,-4.048451,15.51317,-34.442177,57.385212,-5.0121765,10.315769,7.7903833,0.13926378,-13.034669,10.35024,68.70711,-10.96344,6.0747104,-2.7363002
2404,-346.9267578125,-145.77003479003906,78.02444458007812,2.818911197888435,-9.191888230004812,-75.72348892422454,17.969454,-10.965075,-4.369286,7.0163403,-11.299075,4.086242,-19.870836,-7.4280977,0.2390398,34.864017,-9.591454,5.9171987,2.8592994,-1.8461243,16.88465,-4.111284,15.584814,-34.46426,57.273453,-4.9411616,10.367157,7.7500267,0.519225,-13.01337,10.330306,68.562126,-10.929635,6.0269775,-2.67794
2405,-346.81341552734375,-146.45059204101562,77.90979766845703,3.088531873756026,-9.158891098792985,-75.39528217942116,18.562508,-11.256838,-4.737777,6.9619255,-11.530692,4.1704674,-19.512718,-7.398435,0.32954475,30.9528,-8.7975,6.6734715,2.7755785,-2.1295147,16.793331,-4.155009,15.645087,-34.49835,57.1956,-4.940067,10.37974,7.704063,0.91126096,-12.992918,10.309747,68.41166,-10.8779545,5.9580646,-2.6036766
2406,-346.6932373046875,-147.1416778564453,77.78633880615234,3.408738648496043,-9.126990172397754,-75.04864663278524,19.141119,-11.605832,-5.144252,6.9543085,-11.770814,4.2468815,-19.035378,-7.46206,0.42772013,26.843487,-7.933015,7.4924593,2.6807644,-2.4609141,16.683748,-4.182425,15.694806,-34.544518,57.148163,-4.985143,10.37267,7.65048,1.3159728,-12.973192,10.290534,68.24813,-10.812008,5.8692083,-2.5129573
2407,-346.574462890625,-147.845947265625,77.65245056152344,3.7656611029919143,-9.098339596458862,-74.68167874881567,19.725454,-11.990217,-5.587833,6.9567423,-11.99125,4.309788,-18.470612,-7.612026,0.49080616,22.661823,-7.023109,8.3638735,2.5675175,-2.8264697,16.561932,-4.1965365,15.728294,-34.592304,57.129837,-5.0294766,10.361369,7.5849075,1.7232285,-12.955284,10.270362,68.08337,-10.746104,5.7758055,-2.4130375
2408,-346.45172119140625,-148.5564422607422,77.50253295898438,4.152576514276135,-9.076013846241462,-74.29043038810161,20.328918,-12.391337,-6.0695004,6.947873,-12.171394,4.353658,-17.85029,-7.8375897,0.47159365,18.536945,-6.0944114,9.284377,2.4504411,-3.224852,16.439022,-4.1975102,15.773558,-34.664413,57.11391,-5.0424523,10.364876,7.503356,2.138443,-12.922412,10.219646,67.915886,-10.703911,5.6934056,-2.3134682
2409,-346.3205261230469,-149.27490234375,77.34564208984375,4.593845601244959,-9.062662735522405,-73.85449548158574,20.955877,-12.843895,-6.6156607,6.9312673,-12.311438,4.3710246,-17.16028,-8.166331,0.37361676,14.403833,-5.113302,10.318554,2.2847698,-3.6806164,16.302198,-4.1770644,15.805103,-34.732113,57.124195,-4.9933124,10.38476,7.394914,2.557714,-12.887887,10.164323,67.75563,-10.690816,5.625252,-2.209148
2410,-346.1959533691406,-150.00772094726562,77.1773452758789,5.114363346306147,-9.06771128981301,-73.36174491859958,21.614552,-13.373036,-7.246715,6.908168,-12.412192,4.3720226,-16.330336,-8.648345,0.19622153,10.119005,-4.034232,11.447125,2.08052,-4.2250853,16.15975,-4.140042,15.841147,-34.82215,57.155144,-4.9155536,10.414328,7.265037,2.9918332,-12.834112,10.084816,67.59734,-10.703122,5.5607977,-2.1012678
2411,-346.0751953125,-150.7604522705078,77.00262451171875,5.670443460166366,-9.095358149256457,-72.83526155483663,22.30357,-13.925632,-7.93131,6.881488,-12.473189,4.375004,-15.875329,-9.2391615,-0.034285184,6.8724146,-3.4732234,12.548865,1.8416735,-4.8099504,16.034689,-4.0940337,15.870991,-34.903904,57.196426,-4.8214154,10.448001,7.1306353,3.411059,-12.777681,10.007983,67.445496,-10.709296,5.504032,-1.9968328
2412,-345.95697021484375,-151.49986267089844,76.83474731445312,6.1971555821162365,-9.139742843298148,-72.32098897035058,23.004637,-14.417438,-8.606942,6.8574615,-12.498939,4.391477,-16.722387,-9.829752,-0.1981274,6.680791,-4.465309,13.503936,1.6183875,-5.362645,15.946312,-4.057255,15.898554,-34.976852,57.235733,-4.733924,10.481664,7.01125,3.7895818,-12.718298,9.930204,67.30715,-10.6901245,5.456664,-1.9069945
2413,-345.845703125,-152.22694396972656,76.68172454833984,6.665821558576603,-9.185459369786653,-71.8359657195618,23.696371,-14.817662,-9.242433,6.835847,-12.496339,4.424998,-17.4727,-10.365749,-0.6065795,6.5423727,-5.4483414,14.379236,1.4345388,-5.853888,15.90158,-4.041865,15.9294,-35.040436,57.263752,-4.646274,10.515756,6.9112854,4.11407,-12.645283,9.833119,67.17929,-10.637101,5.4203577,-1.833643
2414,-345.7347412109375,-152.96661376953125,76.5434341430664,7.071794041718236,-9.230393370582659,-71.39832534970364,24.38199,-15.128745,-9.820167,6.8185973,-12.475661,4.454583,-18.146576,-10.795142,-1.1906048,6.455563,-6.4136167,15.000033,1.2903246,-6.272762,15.887464,-4.0302024,15.953481,-35.08155,57.283924,-4.548266,10.550887,6.820276,4.3956833,-12.580857,9.738517,67.05751,-10.554903,5.3934083,-1.7665828
2415,-345.64385986328125,-153.71717834472656,76.42439270019531,7.367730933632577,-9.275477661498886,-71.05559017312284,25.069122,-15.295554,-10.28723,6.812032,-12.448668,4.456555,-18.693956,-11.006297,-1.7652292,6.423128,-7.2740493,15.000033,1.243358,-6.5682397,15.888682,-4.0150166,15.977338,-35.124783,57.306095,-4.4675303,10.587113,6.7396555,4.639706,-12.508308,9.652713,66.967964,-10.469492,5.3725863,-1.7157942
2416,-345.5533447265625,-154.4567413330078,76.31936645507812,7.606603167241892,-9.319510674515119,-70.77392368411432,25.734768,-15.40302,-10.687057,6.859264,-12.40819,4.4485335,-19.06963,-11.173578,-2.2193758,6.446588,-7.9413104,15.000033,1.2640746,-6.7993083,15.872052,-3.9815083,16.00625,-35.184063,57.341034,-4.4294066,10.624393,6.6686006,4.848696,-12.408176,9.597925,66.94359,-10.402297,5.354914,-1.692845
2417,-345.45849609375,-155.19735717773438,76.22893524169922,7.788779332817713,-9.370835262097879,-70.55923973868245,26.411398,-15.447391,-11.021395,6.915753,-12.340643,4.4431543,-19.199245,-11.297828,-2.5796275,6.458513,-8.36824,15.000033,1.3280907,-6.9498034,15.837488,-3.9055061,16.024807,-35.23002,57.37723,-4.4481893,10.664895,6.606672,5.0263295,-12.330206,9.626557,66.97831,-10.327555,5.3364105,-1.6898918
2418,-345.35302734375,-155.94692993164062,76.1422348022461,7.925046898847431,-9.422480154842159,-70.4022029254868,27.088482,-15.437536,-11.295941,6.9784374,-12.240799,4.4410963,-19.126675,-11.371056,-2.9163992,6.4716,-8.60388,15.000033,1.4368112,-7.030925,15.793949,-3.802197,16.033361,-35.268265,57.412846,-4.5081286,10.707985,6.553047,5.176306,-12.273948,9.707921,67.05316,-10.244187,5.3192143,-1.701003
2419,-345.2273254394531,-156.7056884765625,76.0640640258789,8.009480310907474,-9.45237725795392,-70.25907858610623,27.730665,-15.368423,-11.54426,7.0496297,-12.077151,4.4194694,-18.917511,-11.394377,-3.1949914,6.483079,-8.636431,15.000033,1.5597857,-7.0339746,15.730596,-3.6791823,16.033352,-35.29767,57.436375,-4.565673,10.746955,6.497697,5.312293,-12.248898,9.780822,67.13547,-10.187905,5.3086596,-1.7076385
2420,-345.08563232421875,-157.48561096191406,75.9901351928711,8.033246075996301,-9.439068669635867,-70.08643991883518,28.302095,-15.233232,-11.798847,7.136992,-11.817607,4.354352,-18.630913,-11.365042,-3.3801692,6.477813,-8.446874,15.000033,1.6464683,-6.9995956,15.587292,-3.538532,16.027592,-35.333134,57.499554,-4.6037083,10.774045,6.454065,5.423543,-12.186986,9.887643,67.26036,-10.146924,5.320289,-1.7389245
2421,-344.93902587890625,-158.27084350585938,75.93067932128906,8.006432720464016,-9.375147502448506,-69.86248808305105,28.383146,-15.126617,-11.966105,8.111199,-11.930569,4.2470913,-18.234175,-11.295765,-3.3962846,6.4750133,-8.070301,15.000033,1.693708,-6.908149,15.387439,-3.3791924,16.016294,-35.36668,57.560253,-4.585468,10.786692,6.412147,5.520901,-12.13168,9.94306,67.39978,-10.187225,5.3499174,-1.7618632
2422,-344.8003234863281,-159.0525360107422,75.9007568359375,7.921501036526721,-9.272209287609623,-69.60815078955774,28.124004,-15.012159,-12.067461,9.697106,-12.28544,4.108179,-17.71054,-11.182174,-3.280451,6.473459,-7.5049133,14.963369,1.7242162,-6.7683363,15.126574,-3.216112,15.990312,-35.414845,57.660145,-4.542161,10.788214,6.3817677,5.595686,-12.045531,9.985317,67.584206,-10.279668,5.3965774,-1.8001595
2423,-344.6827697753906,-159.8343963623047,75.89456939697266,7.684934918330464,-9.136400486380568,-69.38909873791111,27.666859,-14.74433,-12.067051,11.6102295,-12.729777,3.9032228,-17.192045,-10.82601,-3.1271124,6.5300765,-6.726865,14.349585,1.8033867,-6.4634476,14.838315,-3.0629427,15.95503,-35.46798,57.77486,-4.4893923,10.784106,6.3419204,5.6572723,-11.96175,9.994316,67.76245,-10.385748,5.453904,-1.8405874
2424,-344.595703125,-160.58335876464844,75.93675231933594,7.338533245579236,-8.965675294040524,-69.17464312945525,27.082706,-14.362822,-12.044543,13.659441,-13.10809,3.637955,-16.769909,-10.353785,-3.1206326,6.580487,-5.639301,13.551279,1.9103931,-6.041486,14.520706,-2.9453504,15.90779,-35.526672,57.918293,-4.4447746,10.778909,6.275386,5.7095733,-11.878357,9.960651,67.91273,-10.464638,5.5154796,-1.8838781
2425,-344.5213928222656,-161.33616638183594,76.00703430175781,6.835108575509909,-8.733218943906754,-68.95574939722205,26.321285,-13.815185,-12.010415,15.888164,-13.455467,3.3038363,-16.503374,-9.699775,-3.3391736,6.595397,-3.9984963,12.411981,2.0530195,-5.4536266,14.160081,-2.892461,15.850112,-35.602566,58.087162,-4.4011283,10.773108,6.150991,5.762207,-11.797241,9.851102,67.99468,-10.528777,5.5996714,-1.9177299
2426,-344.4005432128906,-162.12779235839844,76.0703353881836,6.187915510538734,-8.443690077551981,-68.71945247758781,25.416645,-13.120393,-11.987018,18.266047,-13.76634,2.9014192,-16.333658,-8.892709,-3.7389405,6.586191,-1.8978493,11.017562,2.216632,-4.7173142,13.750856,-2.888669,15.778258,-35.70076,58.284454,-4.354738,10.764442,5.987946,5.8195963,-11.714368,9.676463,68.02805,-10.593669,5.7037244,-1.9463229
2427,-344.284423828125,-162.92002868652344,76.14030456542969,5.50095116859489,-8.156024468742851,-68.48496839359687,24.528194,-12.382227,-11.989128,20.606298,-13.920201,2.428862,-16.167845,-8.054327,-4.2474685,6.5776663,0.21444193,9.67568,2.3899367,-3.9298785,13.3234,-2.889054,15.681554,-35.798717,58.52782,-4.3252745,10.753892,5.843448,5.8715734,-11.63406,9.499583,68.07499,-10.621399,5.7924175,-1.9931716
2428,-344.1536560058594,-163.71456909179688,76.21528625488281,4.880738792002459,-7.931768556785647,-68.27701556700694,23.791647,-11.715193,-12.009169,22.75963,-13.808569,1.8961896,-16.147476,-7.3221188,-4.7092657,7.1168566,1.5963469,8.673801,2.5467405,-3.1904767,12.916139,-2.816999,15.565665,-35.845245,58.794674,-4.3247967,10.743524,5.7687254,5.9047723,-11.582066,9.403593,68.18084,-10.566054,5.8347363,-2.0729308
2429,-344.0093078613281,-164.5299835205078,76.29596710205078,4.340811912476505,-7.793939222616031,-68.10106926486387,23.234158,-11.137875,-12.046926,24.727097,-13.415629,1.3333334,-16.418144,-6.7348905,-5.0586686,8.640367,1.8676046,8.0861435,2.6877143,-2.507699,12.534149,-2.6593115,15.427446,-35.86119,59.106167,-4.404275,10.716689,5.788353,5.92297,-11.568182,9.4241495,68.37452,-10.347607,5.7957163,-2.2232034
2430,-343.8637390136719,-165.32786560058594,76.377685546875,3.8370418474805574,-7.709144978710901,-67.95465557105412,22.77143,-10.604473,-12.091146,26.598833,-12.806072,0.72951436,-16.49247,-6.198456,-5.397,9.988585,1.8833975,7.7457647,2.8271523,-1.8340402,12.161103,-2.448104,15.262911,-35.85262,59.45758,-4.538615,10.677372,5.8695955,5.9299703,-11.58982,9.520518,68.617775,-10.008981,5.702729,-2.4199371
2431,-343.70452880859375,-166.12562561035156,76.4675521850586,3.37966646001596,-7.6512369524965465,-67.85227124878907,22.346292,-10.133112,-12.106192,28.403458,-12.015988,0.038317893,-16.43937,-5.716272,-5.69685,11.180204,1.766759,7.5761,2.9777868,-1.1873296,11.803846,-2.1929615,15.07153,-35.768257,59.807945,-4.6323824,10.658518,5.9820786,5.9074693,-11.6425705,9.640126,68.87578,-9.694805,5.6085653,-2.5933228
2432,-343.5395812988281,-166.91200256347656,76.55540466308594,2.985350338902136,-7.596024368073331,-67.80780448257352,21.904812,-9.745173,-12.060795,30.169046,-11.082006,-0.7852959,-16.312634,-5.2839932,-5.941068,12.1909,1.6645136,7.5082216,3.148435,-0.58916473,11.471682,-1.8997546,14.855796,-35.554485,60.11051,-4.5906487,10.69318,6.095101,5.8374906,-11.718807,9.73467,69.110634,-9.547708,5.56954,-2.6738298
2433,-343.3600769042969,-167.6936798095703,76.65135955810547,2.6761619844253843,-7.542540423323744,-67.84601255664703,21.444351,-9.469654,-11.924123,31.902271,-9.99642,-1.7718484,-16.111992,-4.9003806,-6.1091766,12.991293,1.6038983,7.613059,3.3535812,-0.05591096,11.163511,-1.543944,14.611888,-35.16328,60.363728,-4.3449144,10.788767,6.2101855,5.7081704,-11.816394,9.7927885,69.34858,-9.637245,5.5965166,-2.6274161
2434,-343.1979675292969,-168.45169067382812,76.74613952636719,2.435608145023555,-7.501582940023254,-67.95742251575302,20.970184,-9.29359,-11.71928,33.626892,-8.763499,-2.884265,-15.826408,-4.5560584,-6.2085075,13.620594,1.5015782,7.9043436,3.5870717,0.4254243,10.874439,-1.1349709,14.337136,-34.63368,60.589485,-3.9607632,10.92857,6.3398376,5.528673,-11.935531,9.842531,69.60084,-9.876679,5.661131,-2.4972584
2435,-343.0038146972656,-169.2068328857422,76.84149169921875,2.2360752549005576,-7.469636444696725,-68.10131742332341,20.442652,-9.180725,-11.499508,35.400482,-7.4327335,-4.068239,-15.48983,-4.23323,-6.269878,14.144923,1.3492451,8.23133,3.8267858,0.8694802,10.61125,-0.72508055,14.041606,-34.04114,60.773525,-3.5411036,11.109935,6.470063,5.3123727,-12.071793,9.890962,69.80773,-10.175743,5.7610373,-2.3311558
2436,-342.8168029785156,-169.9446258544922,76.9360580444336,2.0465051209430314,-7.44240152279828,-68.2349868802888,19.831009,-9.0966,-11.3206,37.263184,-6.045865,-5.2761006,-15.128352,-3.9165597,-6.3254585,14.617167,1.142986,8.442928,4.0500984,1.289427,10.382548,-0.360345,13.745631,-33.463726,60.894676,-3.191491,11.330108,6.586797,5.0753655,-12.216612,9.941831,69.90727,-10.446169,5.8946033,-2.1769798
2437,-342.6562805175781,-170.674072265625,77.02942657470703,1.8767283682537605,-7.417945175964531,-68.3585243877407,19.13542,-9.052473,-11.181203,39.216167,-4.591853,-6.521486,-14.735973,-3.6110551,-6.372637,15.019921,0.88155323,8.522875,4.2597256,1.670212,10.194383,-0.025812678,13.464909,-32.874725,60.91064,-2.8973784,11.637817,6.690951,4.8164277,-12.360095,9.9824505,69.875656,-10.716781,6.104908,-2.0231998
2438,-342.5047912597656,-171.38568115234375,77.12629699707031,1.7382913839133418,-7.399283931816405,-68.49064735688002,18.369865,-9.072174,-11.063204,41.244953,-3.0604305,-7.830475,-14.304306,-3.3188992,-6.39837,15.334799,0.5679978,8.544055,4.464429,2.0029726,10.044654,0.30455455,13.205086,-32.246906,60.82555,-2.6181304,12.019553,6.786412,4.5266466,-12.500069,10.01435,69.74939,-11.02011,6.377978,-1.8529106
2439,-342.3524475097656,-172.08607482910156,77.21772003173828,1.6082684365815652,-7.389468596348463,-68.61440047471156,17.535875,-9.137988,-10.998528,43.34637,-1.4845324,-9.17844,-13.845624,-3.023725,-6.419025,15.59397,0.21194148,8.488589,4.651174,2.3115032,9.931927,0.6041683,12.973855,-31.661121,60.68775,-2.423817,12.378845,6.8662024,4.2092404,-12.641978,10.062326,69.556335,-11.269555,6.6284213,-1.7075601
2440,-342.20379638671875,-172.7700653076172,77.30473327636719,1.4573599228117147,-7.392023388758596,-68.71213594794663,16.632236,-9.227075,-11.016962,45.523483,0.10153829,-10.538139,-13.3826275,-2.7114599,-6.4505095,15.853801,-0.18360303,8.339208,4.8091836,2.6251895,9.8544655,0.8477712,12.779019,-31.202627,60.544964,-2.3851993,12.619099,6.9245024,3.8719175,-12.793483,10.146612,69.3196,-11.378705,6.7714453,-1.628403
2441,-342.0599670410156,-173.43527221679688,77.38734436035156,1.2800986275023287,-7.4075079800843495,-68.77795730552279,15.634041,-9.3389225,-11.124918,47.829697,1.8094671,-11.948755,-12.912847,-2.3799198,-6.491246,16.116554,-0.6311707,8.065885,4.935062,2.949994,9.817126,1.0322102,12.628816,-30.893778,60.386032,-2.5641072,12.717908,6.960766,3.518258,-12.96001,10.269061,69.01866,-11.29564,6.7820373,-1.6242936
2442,-341.9300842285156,-174.0823516845703,77.4634780883789,1.0932296847700418,-7.434672152204703,-68.82174366282617,14.556266,-9.498268,-11.314112,50.24241,3.618979,-13.419977,-12.428218,-2.0409307,-6.5308385,16.363468,-1.130627,7.6868243,5.0359244,3.271823,9.822706,1.1782116,12.525724,-30.69143,60.18153,-2.9094665,12.726158,6.976704,3.1466787,-13.139353,10.416584,68.64634,-11.075898,6.7034607,-1.672061
2443,-341.8099365234375,-174.7213134765625,77.53305053710938,0.8997318432607171,-7.473886182664156,-68.8490384043353,13.459632,-9.706953,-11.581991,52.645107,5.302558,-14.873556,-11.933959,-1.7003164,-6.573451,16.602701,-1.6557872,7.257699,5.116393,3.5886807,9.86366,1.29189,12.465826,-30.584948,59.96188,-3.3238218,12.655638,6.9704776,2.7584841,-13.329138,10.589681,68.237625,-10.79266,6.561103,-1.7652481
2444,-341.6741943359375,-175.34507751464844,77.59384155273438,0.7116328423214834,-7.526381634336841,-68.86561353469583,12.354606,-9.738556,-11.447907,54.914143,6.6658273,-15.000033,-11.442996,-1.3823744,-6.6159277,16.862154,-2.1903224,6.84574,5.1823306,3.9017842,9.931416,1.3749223,12.440393,-30.564816,59.762726,-3.70994,12.517798,6.9413376,2.3542612,-13.526282,10.788202,67.8311,-10.518739,6.3788376,-1.8981653
2445,-341.5450439453125,-175.94610595703125,77.64520263671875,0.5133637584038963,-7.5920272886569,-68.8700880649365,11.285529,-9.753072,-11.351329,57.05722,7.7417955,-15.000033,-10.951912,-1.0610183,-6.6681204,17.127203,-2.7251186,6.4418445,5.2298083,4.2184052,10.024737,1.4139841,12.446936,-30.658142,59.608013,-4.090076,12.275857,6.8785486,1.9318162,-13.734194,11.021234,67.4237,-10.253769,6.135404,-2.0790727
2446,-341.39703369140625,-176.5390167236328,77.69283294677734,0.3928514665265236,-7.676732092485515,-68.8593525448015,10.235615,-9.81709,-11.245385,59.06592,8.668829,-15.000033,-10.554309,-0.8558391,-6.684298,17.618574,-3.3914022,6.046264,5.2562685,4.450814,10.162697,1.4089419,12.48375,-30.860725,59.47964,-4.4988565,11.93708,6.785325,1.492788,-13.953469,11.284776,66.99823,-9.96613,5.8263416,-2.3063054
2447,-341.2554626464844,-177.12551879882812,77.72708892822266,0.26458306797710596,-7.771031954116717,-68.83693659577449,9.184182,-9.842429,-11.162201,60.96925,9.210869,-15.000033,-10.132307,-0.64843035,-6.7153506,18.070469,-4.0431237,5.644667,5.272981,4.6815553,10.32554,1.3748493,12.542728,-31.117527,59.36141,-4.8607736,11.578287,6.6841097,1.0393963,-14.176282,11.559012,66.57937,-9.683563,5.5020323,-2.5633717
2448,-341.11962890625,-177.7028045654297,77.75839233398438,0.09674209338224242,-7.8685044001225135,-68.80982634984146,8.119806,-9.7852,-11.108972,62.753105,9.166581,-15.000033,-9.641726,-0.39082438,-6.780037,18.37177,-4.6113997,5.2372375,5.2936497,4.938457,10.499583,1.3252722,12.6121,-31.370852,59.241894,-5.096982,11.275826,6.600759,0.56980264,-14.392735,11.825915,66.19797,-9.432536,5.213304,-2.8365946
2449,-341.00091552734375,-178.2764892578125,77.79290008544922,-0.13237471522428487,-7.9708995971998196,-68.77607328092431,7.0502906,-9.653713,-11.15719,64.41054,8.319775,-15.000033,-9.053831,-0.050415922,-6.891349,18.460093,-5.067484,4.835174,5.3202114,5.240857,10.683261,1.2543833,12.68436,-31.611986,59.12893,-5.164118,11.041605,6.5411344,0.080609374,-14.597992,12.08953,65.8664,-9.197517,4.9587536,-3.1298776
2450,-340.8934020996094,-178.82403564453125,77.82242584228516,-0.41481758390620355,-8.077275382948129,-68.73468639245556,5.980156,-9.470625,-11.310447,65.95096,6.827277,-15.000033,-8.391298,0.3582644,-7.03656,18.37969,-5.4364758,4.431266,5.347243,5.5798974,10.8757515,1.151234,12.758458,-31.868435,59.03942,-5.1098795,10.836569,6.495618,-0.43158916,-14.794042,12.358282,65.57606,-8.972279,4.716435,-3.4514515
2451,-340.78656005859375,-179.37327575683594,77.8536605834961,-0.711398919141087,-8.179296032063366,-68.69430049419259,4.8920646,-9.221705,-11.461154,67.37817,5.0507627,-15.000033,-7.7138968,0.7901706,-7.1886797,18.236948,-5.7589746,4.002925,5.3773637,5.9285264,11.067662,1.0238873,12.831776,-32.13737,58.97315,-4.9929256,10.66032,6.466334,-0.96027374,-14.978689,12.618586,65.31844,-8.7981825,4.50795,-3.793302
2452,-340.6742248535156,-179.9292755126953,77.88994598388672,-0.989795131892564,-8.269218318888411,-68.66336661342702,3.7710173,-8.893309,-11.504724,68.69393,3.3551807,-15.000033,-7.073381,1.1991428,-7.3235617,18.128311,-6.0719676,3.5270624,5.4127936,6.2584124,11.251575,0.87902766,12.901003,-32.416416,58.931374,-4.8725624,10.512423,6.4554424,-1.502681,-15.147808,12.856994,65.091576,-8.716353,4.352975,-4.1492815
